26864,27/07/2017 09:59,Lecture & Tutorial,12eeab293bde47ede53429022d7ee1bc6aad88aeb0c33bd5d54a080475dd06a5
26865,27/07/2017 09:59,Projects,12eeab293bde47ede53429022d7ee1bc6aad88aeb0c33bd5d54a080475dd06a5
26866,27/07/2017 09:59,Projects,26936ce39af9ef4cd160dda38747ac7df8c6d6893c50a1c051af1e065895d728
26867,27/07/2017 09:59,Lecture & Tutorial,26936ce39af9ef4cd160dda38747ac7df8c6d6893c50a1c051af1e065895d728
26868,27/07/2017 09:59,Projects,26936ce39af9ef4cd160dda38747ac7df8c6d6893c50a1c051af1e065895d728
26869,27/07/2017 09:59,Lecture & Tutorial,12eeab293bde47ede53429022d7ee1bc6aad88aeb0c33bd5d54a080475dd06a5
26870,27/07/2017 09:59,Lecture & Tutorial,12eeab293bde47ede53429022d7ee1bc6aad88aeb0c33bd5d54a080475dd06a5
26871,27/07/2017 09:59,Lecture & Tutorial,12eeab293bde47ede53429022d7ee1bc6aad88aeb0c33bd5d54a080475dd06a5
26872,27/07/2017 09:59,Lecture & Tutorial,12eeab293bde47ede53429022d7ee1bc6aad88aeb0c33bd5d54a080475dd06a5
26873,27/07/2017 09:59,Lecture & Tutorial,12eeab293bde47ede53429022d7ee1bc6aad88aeb0c33bd5d54a080475dd06a5
26874,27/07/2017 09:59,Lecture & Tutorial,12eeab293bde47ede53429022d7ee1bc6aad88aeb0c33bd5d54a080475dd06a5
26875,27/07/2017 09:59,Lecture & Tutorial,12eeab293bde47ede53429022d7ee1bc6aad88aeb0c33bd5d54a080475dd06a5
26876,27/07/2017 09:59,Lecture & Tutorial,12eeab293bde47ede53429022d7ee1bc6aad88aeb0c33bd5d54a080475dd06a5
26877,27/07/2017 09:59,Lecture & Tutorial,12eeab293bde47ede53429022d7ee1bc6aad88aeb0c33bd5d54a080475dd06a5
26878,27/07/2017 09:59,Lecture & Tutorial,12eeab293bde47ede53429022d7ee1bc6aad88aeb0c33bd5d54a080475dd06a5
26879,27/07/2017 09:59,Lecture & Tutorial,12eeab293bde47ede53429022d7ee1bc6aad88aeb0c33bd5d54a080475dd06a5
26880,27/07/2017 09:59,Lecture & Tutorial,12eeab293bde47ede53429022d7ee1bc6aad88aeb0c33bd5d54a080475dd06a5
26881,27/07/2017 09:59,Lecture & Tutorial,12eeab293bde47ede53429022d7ee1bc6aad88aeb0c33bd5d54a080475dd06a5
26882,27/07/2017 09:59,Lecture & Tutorial,12eeab293bde47ede53429022d7ee1bc6aad88aeb0c33bd5d54a080475dd06a5
26883,27/07/2017 09:59,Lecture & Tutorial,12eeab293bde47ede53429022d7ee1bc6aad88aeb0c33bd5d54a080475dd06a5
26884,27/07/2017 09:59,Lecture & Tutorial,12eeab293bde47ede53429022d7ee1bc6aad88aeb0c33bd5d54a080475dd06a5
26885,27/07/2017 09:58,Projects,201184d073407a1a4d5e875747dc59ba7f9dc04f1ddf993f60c77bcc7db8545b
26886,27/07/2017 09:58,Projects,201184d073407a1a4d5e875747dc59ba7f9dc04f1ddf993f60c77bcc7db8545b
26887,27/07/2017 09:58,Projects,201184d073407a1a4d5e875747dc59ba7f9dc04f1ddf993f60c77bcc7db8545b
26888,27/07/2017 09:58,Lecture & Tutorial,201184d073407a1a4d5e875747dc59ba7f9dc04f1ddf993f60c77bcc7db8545b
26889,27/07/2017 09:58,Projects,201184d073407a1a4d5e875747dc59ba7f9dc04f1ddf993f60c77bcc7db8545b
26890,27/07/2017 09:58,Projects,c231590f7844593c994a2fc4b91c90c6ab8ec68567b53a1c27794e3ee1321ad2
26891,27/07/2017 09:58,Projects,c231590f7844593c994a2fc4b91c90c6ab8ec68567b53a1c27794e3ee1321ad2
26892,27/07/2017 09:58,Problem Solving,8cd90b82a78437f04c9cd32f3b64fc5fc0392895d151c33539dbe17516a9a940
26893,27/07/2017 09:58,Lecture & Tutorial,8cd90b82a78437f04c9cd32f3b64fc5fc0392895d151c33539dbe17516a9a940
26894,27/07/2017 09:58,Problem Solving,8cd90b82a78437f04c9cd32f3b64fc5fc0392895d151c33539dbe17516a9a940
26895,27/07/2017 09:58,Lecture & Tutorial,98135cfcf3b1532957f9fc741b84f3eba169e8964de14ccd9120d16774f98775
26896,27/07/2017 09:58,Lecture & Tutorial,98135cfcf3b1532957f9fc741b84f3eba169e8964de14ccd9120d16774f98775
26897,27/07/2017 09:58,Lecture & Tutorial,98135cfcf3b1532957f9fc741b84f3eba169e8964de14ccd9120d16774f98775
26898,27/07/2017 09:58,Lecture & Tutorial,98135cfcf3b1532957f9fc741b84f3eba169e8964de14ccd9120d16774f98775
26899,27/07/2017 09:58,Lecture & Tutorial,98135cfcf3b1532957f9fc741b84f3eba169e8964de14ccd9120d16774f98775
26900,27/07/2017 09:58,Lecture & Tutorial,98135cfcf3b1532957f9fc741b84f3eba169e8964de14ccd9120d16774f98775
26901,27/07/2017 09:58,Lecture & Tutorial,98135cfcf3b1532957f9fc741b84f3eba169e8964de14ccd9120d16774f98775
26902,27/07/2017 09:58,Lecture & Tutorial,98135cfcf3b1532957f9fc741b84f3eba169e8964de14ccd9120d16774f98775
26903,27/07/2017 09:58,Lecture & Tutorial,98135cfcf3b1532957f9fc741b84f3eba169e8964de14ccd9120d16774f98775
26904,27/07/2017 09:58,Lecture & Tutorial,98135cfcf3b1532957f9fc741b84f3eba169e8964de14ccd9120d16774f98775
26905,27/07/2017 09:58,Lecture & Tutorial,98135cfcf3b1532957f9fc741b84f3eba169e8964de14ccd9120d16774f98775
26906,27/07/2017 09:58,Lecture & Tutorial,98135cfcf3b1532957f9fc741b84f3eba169e8964de14ccd9120d16774f98775
26907,27/07/2017 09:58,Lecture & Tutorial,98135cfcf3b1532957f9fc741b84f3eba169e8964de14ccd9120d16774f98775
26908,27/07/2017 09:58,Lecture & Tutorial,98135cfcf3b1532957f9fc741b84f3eba169e8964de14ccd9120d16774f98775
26909,27/07/2017 09:58,Lecture & Tutorial,98135cfcf3b1532957f9fc741b84f3eba169e8964de14ccd9120d16774f98775
26910,27/07/2017 09:58,Lecture & Tutorial,98135cfcf3b1532957f9fc741b84f3eba169e8964de14ccd9120d16774f98775
26911,27/07/2017 09:58,Projects,c231590f7844593c994a2fc4b91c90c6ab8ec68567b53a1c27794e3ee1321ad2
26912,27/07/2017 09:57,Projects,acd1fdfa5fa48b81543897bf891bb7655c2a22328edcc5616c4b5b00e3d126e0
26913,27/07/2017 09:57,Projects,6a70a82eba32ff1e6dc41ee2d986a2ac2e0c242d88e6523441ea801d7a5fd3b5
26914,27/07/2017 09:56,Lecture & Tutorial,6a70a82eba32ff1e6dc41ee2d986a2ac2e0c242d88e6523441ea801d7a5fd3b5
26915,27/07/2017 09:56,Projects,6a70a82eba32ff1e6dc41ee2d986a2ac2e0c242d88e6523441ea801d7a5fd3b5
26916,27/07/2017 09:56,Projects,8f016c725063a616068e50b7e2e47838f6c5ae595d2d860f4f65bf8bb75bd899
26917,27/07/2017 09:56,Lecture & Tutorial,8f016c725063a616068e50b7e2e47838f6c5ae595d2d860f4f65bf8bb75bd899
26918,27/07/2017 09:56,Projects,8f016c725063a616068e50b7e2e47838f6c5ae595d2d860f4f65bf8bb75bd899
26919,27/07/2017 09:56,Projects,6a70a82eba32ff1e6dc41ee2d986a2ac2e0c242d88e6523441ea801d7a5fd3b5
26920,27/07/2017 09:56,Projects,4a00cb9716b48eca4fd984334247de25f2bd2378ea6d54710c009eb588d36a11
26921,27/07/2017 09:56,Projects,4a00cb9716b48eca4fd984334247de25f2bd2378ea6d54710c009eb588d36a11
26922,27/07/2017 09:56,Projects,acd1fdfa5fa48b81543897bf891bb7655c2a22328edcc5616c4b5b00e3d126e0
26923,27/07/2017 09:56,Lecture & Tutorial,4a00cb9716b48eca4fd984334247de25f2bd2378ea6d54710c009eb588d36a11
26924,27/07/2017 09:56,Projects,acd1fdfa5fa48b81543897bf891bb7655c2a22328edcc5616c4b5b00e3d126e0
26925,27/07/2017 09:55,Projects,350aaa5ffd76d0805ec258b130e15dcedcbf783a6ca8d5bfc6a2737cfa43e777
26926,27/07/2017 09:55,Lecture & Tutorial,350aaa5ffd76d0805ec258b130e15dcedcbf783a6ca8d5bfc6a2737cfa43e777
26927,27/07/2017 09:55,Projects,350aaa5ffd76d0805ec258b130e15dcedcbf783a6ca8d5bfc6a2737cfa43e777
26928,27/07/2017 09:55,Lecture & Tutorial,350aaa5ffd76d0805ec258b130e15dcedcbf783a6ca8d5bfc6a2737cfa43e777
26929,27/07/2017 09:55,Projects,350aaa5ffd76d0805ec258b130e15dcedcbf783a6ca8d5bfc6a2737cfa43e777
26930,27/07/2017 09:55,Projects,6a70a82eba32ff1e6dc41ee2d986a2ac2e0c242d88e6523441ea801d7a5fd3b5
26931,27/07/2017 09:55,Projects,6a70a82eba32ff1e6dc41ee2d986a2ac2e0c242d88e6523441ea801d7a5fd3b5
26932,27/07/2017 09:55,Projects,dbff3edfd982c954f57901a95d324b3d57c6924493423fab3321bed6be6165fb
26933,27/07/2017 09:55,Projects,dbff3edfd982c954f57901a95d324b3d57c6924493423fab3321bed6be6165fb
26934,27/07/2017 09:55,Projects,6a70a82eba32ff1e6dc41ee2d986a2ac2e0c242d88e6523441ea801d7a5fd3b5
26935,27/07/2017 09:55,Problem Solving,de120e7c713464614054a090345b4293b7d35926b8b51f459cbf1558f38b4cea
26936,27/07/2017 09:55,Problem Solving,de120e7c713464614054a090345b4293b7d35926b8b51f459cbf1558f38b4cea
26937,27/07/2017 09:55,Problem Solving,de120e7c713464614054a090345b4293b7d35926b8b51f459cbf1558f38b4cea
26938,27/07/2017 09:55,Projects,6a70a82eba32ff1e6dc41ee2d986a2ac2e0c242d88e6523441ea801d7a5fd3b5
26939,27/07/2017 09:55,Lecture & Tutorial,6a70a82eba32ff1e6dc41ee2d986a2ac2e0c242d88e6523441ea801d7a5fd3b5
26940,27/07/2017 09:54,Projects,dbff3edfd982c954f57901a95d324b3d57c6924493423fab3321bed6be6165fb
26941,27/07/2017 09:54,Projects,acd1fdfa5fa48b81543897bf891bb7655c2a22328edcc5616c4b5b00e3d126e0
26942,27/07/2017 09:54,Lecture & Tutorial,acd1fdfa5fa48b81543897bf891bb7655c2a22328edcc5616c4b5b00e3d126e0
26943,27/07/2017 09:54,Projects,acd1fdfa5fa48b81543897bf891bb7655c2a22328edcc5616c4b5b00e3d126e0
26944,27/07/2017 09:54,Projects,4a00cb9716b48eca4fd984334247de25f2bd2378ea6d54710c009eb588d36a11
26945,27/07/2017 09:54,Lecture & Tutorial,dbff3edfd982c954f57901a95d324b3d57c6924493423fab3321bed6be6165fb
26946,27/07/2017 09:54,Projects,dbff3edfd982c954f57901a95d324b3d57c6924493423fab3321bed6be6165fb
26947,27/07/2017 09:54,Projects,4a00cb9716b48eca4fd984334247de25f2bd2378ea6d54710c009eb588d36a11
26948,27/07/2017 09:54,View Announcements,acd1fdfa5fa48b81543897bf891bb7655c2a22328edcc5616c4b5b00e3d126e0
26949,27/07/2017 09:54,Projects,4a00cb9716b48eca4fd984334247de25f2bd2378ea6d54710c009eb588d36a11
26950,27/07/2017 09:54,Projects,4a00cb9716b48eca4fd984334247de25f2bd2378ea6d54710c009eb588d36a11
26951,27/07/2017 09:54,Projects,636c94f3d6839a43562873666d4cb677130b1cc8c2863f2449d19f55884a0e2b
26952,27/07/2017 09:54,Projects,636c94f3d6839a43562873666d4cb677130b1cc8c2863f2449d19f55884a0e2b
26953,27/07/2017 09:54,Projects,4a00cb9716b48eca4fd984334247de25f2bd2378ea6d54710c009eb588d36a11
26954,27/07/2017 09:54,Projects,dac16ea4ca2d4945c54fa23b545df0721cbffd70eaef501ad189cf350fbdd813
26955,27/07/2017 09:54,Projects,636c94f3d6839a43562873666d4cb677130b1cc8c2863f2449d19f55884a0e2b
26956,27/07/2017 09:54,Projects,dac16ea4ca2d4945c54fa23b545df0721cbffd70eaef501ad189cf350fbdd813
26957,27/07/2017 09:53,Projects,dac16ea4ca2d4945c54fa23b545df0721cbffd70eaef501ad189cf350fbdd813
26958,27/07/2017 09:53,Projects,4a00cb9716b48eca4fd984334247de25f2bd2378ea6d54710c009eb588d36a11
26959,27/07/2017 09:53,Projects,4a00cb9716b48eca4fd984334247de25f2bd2378ea6d54710c009eb588d36a11
26960,27/07/2017 09:53,Lecture & Tutorial,4a00cb9716b48eca4fd984334247de25f2bd2378ea6d54710c009eb588d36a11
26961,27/07/2017 09:53,Projects,636c94f3d6839a43562873666d4cb677130b1cc8c2863f2449d19f55884a0e2b
26962,27/07/2017 09:53,Projects,636c94f3d6839a43562873666d4cb677130b1cc8c2863f2449d19f55884a0e2b
26963,27/07/2017 09:53,Assessment,636c94f3d6839a43562873666d4cb677130b1cc8c2863f2449d19f55884a0e2b
26964,27/07/2017 09:53,Projects,bec334f0a96557a55943e54adfd202ff052ab4f589bf35de3e270c3789c192c0
26965,27/07/2017 09:53,Projects,bec334f0a96557a55943e54adfd202ff052ab4f589bf35de3e270c3789c192c0
26966,27/07/2017 09:53,Projects,ae4689ba9f8a42a1fdf7e9dace2f2a87a81ca71239b8175b46575dba7af188ec
26967,27/07/2017 09:53,Projects,ae4689ba9f8a42a1fdf7e9dace2f2a87a81ca71239b8175b46575dba7af188ec
26968,27/07/2017 09:53,View Announcements,636c94f3d6839a43562873666d4cb677130b1cc8c2863f2449d19f55884a0e2b
26969,27/07/2017 09:53,Projects,bec334f0a96557a55943e54adfd202ff052ab4f589bf35de3e270c3789c192c0
26970,27/07/2017 09:53,Projects,bec334f0a96557a55943e54adfd202ff052ab4f589bf35de3e270c3789c192c0
26971,27/07/2017 09:53,Problem Solving,de120e7c713464614054a090345b4293b7d35926b8b51f459cbf1558f38b4cea
26972,27/07/2017 09:53,Projects,ae4689ba9f8a42a1fdf7e9dace2f2a87a81ca71239b8175b46575dba7af188ec
26973,27/07/2017 09:53,Assessment,bec334f0a96557a55943e54adfd202ff052ab4f589bf35de3e270c3789c192c0
26974,27/07/2017 09:53,Projects,ae4689ba9f8a42a1fdf7e9dace2f2a87a81ca71239b8175b46575dba7af188ec
26975,27/07/2017 09:53,Lecture & Tutorial,ae4689ba9f8a42a1fdf7e9dace2f2a87a81ca71239b8175b46575dba7af188ec
26976,27/07/2017 09:53,View Announcements,bec334f0a96557a55943e54adfd202ff052ab4f589bf35de3e270c3789c192c0
26977,27/07/2017 09:53,Projects,9f606640e5b92fb2ae869f6fa5a06af230fc38a41de8fb50e00ab6de5a8402b7
26978,27/07/2017 09:53,Projects,9f606640e5b92fb2ae869f6fa5a06af230fc38a41de8fb50e00ab6de5a8402b7
26979,27/07/2017 09:53,Projects,dac16ea4ca2d4945c54fa23b545df0721cbffd70eaef501ad189cf350fbdd813
26980,27/07/2017 09:53,Projects,4a00cb9716b48eca4fd984334247de25f2bd2378ea6d54710c009eb588d36a11
26981,27/07/2017 09:53,Projects,aeb7738716afea373b0e6c7bb8c95e109392e37cca88c46d59c551576a73030b
26982,27/07/2017 09:53,Projects,9f606640e5b92fb2ae869f6fa5a06af230fc38a41de8fb50e00ab6de5a8402b7
26983,27/07/2017 09:52,Projects,dac16ea4ca2d4945c54fa23b545df0721cbffd70eaef501ad189cf350fbdd813
26984,27/07/2017 09:52,Projects,4a00cb9716b48eca4fd984334247de25f2bd2378ea6d54710c009eb588d36a11
26985,27/07/2017 09:52,Projects,4a00cb9716b48eca4fd984334247de25f2bd2378ea6d54710c009eb588d36a11
26986,27/07/2017 09:52,Problem Solving,de120e7c713464614054a090345b4293b7d35926b8b51f459cbf1558f38b4cea
26987,27/07/2017 09:52,Projects,5118c010686e973890d5180d820bcc79f77eb5a7fb1cb79dbdb97d7101f99691
26988,27/07/2017 09:52,Projects,5118c010686e973890d5180d820bcc79f77eb5a7fb1cb79dbdb97d7101f99691
26989,27/07/2017 09:52,Projects,5118c010686e973890d5180d820bcc79f77eb5a7fb1cb79dbdb97d7101f99691
26990,27/07/2017 09:52,Projects,dac16ea4ca2d4945c54fa23b545df0721cbffd70eaef501ad189cf350fbdd813
26991,27/07/2017 09:52,Projects,dac16ea4ca2d4945c54fa23b545df0721cbffd70eaef501ad189cf350fbdd813
26992,27/07/2017 09:52,Lecture & Tutorial,dac16ea4ca2d4945c54fa23b545df0721cbffd70eaef501ad189cf350fbdd813
26993,27/07/2017 09:52,Materials,2c265cf741dde06fe65737b5bb56e5f984bf3c309e515ccce24bef11976268c2
26994,27/07/2017 09:51,Problem Solving,de120e7c713464614054a090345b4293b7d35926b8b51f459cbf1558f38b4cea
26995,27/07/2017 09:51,Problem Solving,de120e7c713464614054a090345b4293b7d35926b8b51f459cbf1558f38b4cea
26996,27/07/2017 09:51,Problem Solving,de120e7c713464614054a090345b4293b7d35926b8b51f459cbf1558f38b4cea
26997,27/07/2017 09:51,Problem Solving,de120e7c713464614054a090345b4293b7d35926b8b51f459cbf1558f38b4cea
26998,27/07/2017 09:51,Assessment,de120e7c713464614054a090345b4293b7d35926b8b51f459cbf1558f38b4cea
26999,27/07/2017 09:51,View Announcements,de120e7c713464614054a090345b4293b7d35926b8b51f459cbf1558f38b4cea
27000,27/07/2017 09:51,View Announcements,de120e7c713464614054a090345b4293b7d35926b8b51f459cbf1558f38b4cea
27001,27/07/2017 09:51,Materials,2c265cf741dde06fe65737b5bb56e5f984bf3c309e515ccce24bef11976268c2
27002,27/07/2017 09:51,Materials,2c265cf741dde06fe65737b5bb56e5f984bf3c309e515ccce24bef11976268c2
27003,27/07/2017 09:51,Projects,35e52143d3e96ffa418c9d54bb266b1a9f55fbc20b5ef102191831c9b0537791
27004,27/07/2017 09:50,Problem Solving,de120e7c713464614054a090345b4293b7d35926b8b51f459cbf1558f38b4cea
27005,27/07/2017 09:50,Problem Solving,de120e7c713464614054a090345b4293b7d35926b8b51f459cbf1558f38b4cea
27006,27/07/2017 09:50,Problem Solving,de120e7c713464614054a090345b4293b7d35926b8b51f459cbf1558f38b4cea
27007,27/07/2017 09:50,Problem Solving,de120e7c713464614054a090345b4293b7d35926b8b51f459cbf1558f38b4cea
27008,27/07/2017 09:50,Problem Solving,de120e7c713464614054a090345b4293b7d35926b8b51f459cbf1558f38b4cea
27009,27/07/2017 09:50,Projects,49c0f9d6fee4a9f180d69926097eb6a367249c3d012b4bd725db790a2f900d93
27010,27/07/2017 09:50,Projects,49c0f9d6fee4a9f180d69926097eb6a367249c3d012b4bd725db790a2f900d93
27011,27/07/2017 09:50,Projects,35e52143d3e96ffa418c9d54bb266b1a9f55fbc20b5ef102191831c9b0537791
27012,27/07/2017 09:50,Lecture & Tutorial,35e52143d3e96ffa418c9d54bb266b1a9f55fbc20b5ef102191831c9b0537791
27013,27/07/2017 09:50,Materials,d451f443a0ed3f34e5336ac3ad20dbf21a287d79845cdd185b8ab1e9e3bf4cf0
27014,27/07/2017 09:50,Assessment,d451f443a0ed3f34e5336ac3ad20dbf21a287d79845cdd185b8ab1e9e3bf4cf0
27015,27/07/2017 09:50,Projects,49c0f9d6fee4a9f180d69926097eb6a367249c3d012b4bd725db790a2f900d93
27016,27/07/2017 09:50,Lecture & Tutorial,49c0f9d6fee4a9f180d69926097eb6a367249c3d012b4bd725db790a2f900d93
27017,27/07/2017 09:50,Projects,49c0f9d6fee4a9f180d69926097eb6a367249c3d012b4bd725db790a2f900d93
27018,27/07/2017 09:49,View Announcements,d451f443a0ed3f34e5336ac3ad20dbf21a287d79845cdd185b8ab1e9e3bf4cf0
27019,27/07/2017 09:49,Lecture & Tutorial,ae4689ba9f8a42a1fdf7e9dace2f2a87a81ca71239b8175b46575dba7af188ec
27020,27/07/2017 09:48,Materials,2c265cf741dde06fe65737b5bb56e5f984bf3c309e515ccce24bef11976268c2
27021,27/07/2017 09:47,Lecture & Tutorial,80617b4b5a18d991c11c261a81a3d3d0e2ad24335687d77c9674ab1a3c19247a
27022,27/07/2017 09:47,Materials,2c265cf741dde06fe65737b5bb56e5f984bf3c309e515ccce24bef11976268c2
27023,27/07/2017 09:47,Materials,2c265cf741dde06fe65737b5bb56e5f984bf3c309e515ccce24bef11976268c2
27024,27/07/2017 09:47,Lecture & Tutorial,80617b4b5a18d991c11c261a81a3d3d0e2ad24335687d77c9674ab1a3c19247a
27025,27/07/2017 09:47,Problem Solving,81aa30bf5b15d0c4ed34726cd2ba9ca6a64d8f81720005ddf85291c456b0d169
27026,27/07/2017 09:47,Problem Solving,81aa30bf5b15d0c4ed34726cd2ba9ca6a64d8f81720005ddf85291c456b0d169
27027,27/07/2017 09:47,Lecture & Tutorial,81aa30bf5b15d0c4ed34726cd2ba9ca6a64d8f81720005ddf85291c456b0d169
27028,27/07/2017 09:47,Materials,2c265cf741dde06fe65737b5bb56e5f984bf3c309e515ccce24bef11976268c2
27029,27/07/2017 09:46,Materials,2c265cf741dde06fe65737b5bb56e5f984bf3c309e515ccce24bef11976268c2
27030,27/07/2017 09:46,View Announcements,e1c6bace1f59856beb412fb50df0c061cd8b91d582a5ce0cf1a8d009413bd882
27031,27/07/2017 09:46,Lecture & Tutorial,81aa30bf5b15d0c4ed34726cd2ba9ca6a64d8f81720005ddf85291c456b0d169
27032,27/07/2017 09:46,Materials,81aa30bf5b15d0c4ed34726cd2ba9ca6a64d8f81720005ddf85291c456b0d169
27033,27/07/2017 09:46,Projects,377f311e0c1285cce327cf30419dd3999fad887c22e462735323754d11de656e
27034,27/07/2017 09:46,Projects,5118c010686e973890d5180d820bcc79f77eb5a7fb1cb79dbdb97d7101f99691
27035,27/07/2017 09:46,View Announcements,1c8e444947118f7c57d2597b66e82888233cdf7f6e85e3d4d0c1791727664569
27036,27/07/2017 09:46,Problem Solving,de120e7c713464614054a090345b4293b7d35926b8b51f459cbf1558f38b4cea
27037,27/07/2017 09:46,Projects,1c8e444947118f7c57d2597b66e82888233cdf7f6e85e3d4d0c1791727664569
27038,27/07/2017 09:45,View Announcements,6edd275e10c23a3c0f15bf5c2a77023c996672e6e51450fad06effacd679ed68
27039,27/07/2017 09:45,Problem Solving,de120e7c713464614054a090345b4293b7d35926b8b51f459cbf1558f38b4cea
27040,27/07/2017 09:45,Problem Solving,de120e7c713464614054a090345b4293b7d35926b8b51f459cbf1558f38b4cea
27041,27/07/2017 09:45,Assessment,de120e7c713464614054a090345b4293b7d35926b8b51f459cbf1558f38b4cea
27042,27/07/2017 09:45,View Announcements,de120e7c713464614054a090345b4293b7d35926b8b51f459cbf1558f38b4cea
27043,27/07/2017 09:45,View Announcements,de120e7c713464614054a090345b4293b7d35926b8b51f459cbf1558f38b4cea
27044,27/07/2017 09:44,Projects,fdbabcad988c2de6b3ff24ce875a4833e954cc45e80399f442ae161c6ef4a092
27045,27/07/2017 09:44,Assessment,fdbabcad988c2de6b3ff24ce875a4833e954cc45e80399f442ae161c6ef4a092
27046,27/07/2017 09:44,View Announcements,fdbabcad988c2de6b3ff24ce875a4833e954cc45e80399f442ae161c6ef4a092
27047,27/07/2017 09:44,View Announcements,fdbabcad988c2de6b3ff24ce875a4833e954cc45e80399f442ae161c6ef4a092
27048,27/07/2017 09:44,Projects,1c8e444947118f7c57d2597b66e82888233cdf7f6e85e3d4d0c1791727664569
27049,27/07/2017 09:44,Projects,1c8e444947118f7c57d2597b66e82888233cdf7f6e85e3d4d0c1791727664569
27050,27/07/2017 09:44,View Announcements,fdbabcad988c2de6b3ff24ce875a4833e954cc45e80399f442ae161c6ef4a092
27051,27/07/2017 09:44,Projects,1c8e444947118f7c57d2597b66e82888233cdf7f6e85e3d4d0c1791727664569
27052,27/07/2017 09:44,Materials,2c265cf741dde06fe65737b5bb56e5f984bf3c309e515ccce24bef11976268c2
27053,27/07/2017 09:44,Lecture & Tutorial,1c8e444947118f7c57d2597b66e82888233cdf7f6e85e3d4d0c1791727664569
27054,27/07/2017 09:44,View Announcements,1c8e444947118f7c57d2597b66e82888233cdf7f6e85e3d4d0c1791727664569
27055,27/07/2017 09:43,Projects,dac16ea4ca2d4945c54fa23b545df0721cbffd70eaef501ad189cf350fbdd813
27056,27/07/2017 09:43,Materials,2c265cf741dde06fe65737b5bb56e5f984bf3c309e515ccce24bef11976268c2
27057,27/07/2017 09:43,Materials,2c265cf741dde06fe65737b5bb56e5f984bf3c309e515ccce24bef11976268c2
27058,27/07/2017 09:43,Materials,2c265cf741dde06fe65737b5bb56e5f984bf3c309e515ccce24bef11976268c2
27059,27/07/2017 09:43,Lecture & Tutorial,2c265cf741dde06fe65737b5bb56e5f984bf3c309e515ccce24bef11976268c2
27060,27/07/2017 09:43,Projects,80ca64991e8a31ba25df4825ecd37a4c9bf07746b0f96d2517e726a37233c336
27061,27/07/2017 09:43,Projects,80ca64991e8a31ba25df4825ecd37a4c9bf07746b0f96d2517e726a37233c336
27062,27/07/2017 09:43,View Announcements,2c265cf741dde06fe65737b5bb56e5f984bf3c309e515ccce24bef11976268c2
27063,27/07/2017 09:43,Lecture & Tutorial,2c265cf741dde06fe65737b5bb56e5f984bf3c309e515ccce24bef11976268c2
27064,27/07/2017 09:43,Lecture & Tutorial,2c265cf741dde06fe65737b5bb56e5f984bf3c309e515ccce24bef11976268c2
27065,27/07/2017 09:43,Lecture & Tutorial,2c265cf741dde06fe65737b5bb56e5f984bf3c309e515ccce24bef11976268c2
27066,27/07/2017 09:43,Lecture & Tutorial,2c265cf741dde06fe65737b5bb56e5f984bf3c309e515ccce24bef11976268c2
27067,27/07/2017 09:43,Lecture & Tutorial,2c265cf741dde06fe65737b5bb56e5f984bf3c309e515ccce24bef11976268c2
27068,27/07/2017 09:43,Lecture & Tutorial,2c265cf741dde06fe65737b5bb56e5f984bf3c309e515ccce24bef11976268c2
27069,27/07/2017 09:43,Lecture & Tutorial,2c265cf741dde06fe65737b5bb56e5f984bf3c309e515ccce24bef11976268c2
27070,27/07/2017 09:43,Lecture & Tutorial,2c265cf741dde06fe65737b5bb56e5f984bf3c309e515ccce24bef11976268c2
27071,27/07/2017 09:43,Lecture & Tutorial,2c265cf741dde06fe65737b5bb56e5f984bf3c309e515ccce24bef11976268c2
27072,27/07/2017 09:43,Lecture & Tutorial,2c265cf741dde06fe65737b5bb56e5f984bf3c309e515ccce24bef11976268c2
27073,27/07/2017 09:43,Lecture & Tutorial,2c265cf741dde06fe65737b5bb56e5f984bf3c309e515ccce24bef11976268c2
27074,27/07/2017 09:43,Lecture & Tutorial,2c265cf741dde06fe65737b5bb56e5f984bf3c309e515ccce24bef11976268c2
27075,27/07/2017 09:43,Lecture & Tutorial,2c265cf741dde06fe65737b5bb56e5f984bf3c309e515ccce24bef11976268c2
27076,27/07/2017 09:43,Lecture & Tutorial,2c265cf741dde06fe65737b5bb56e5f984bf3c309e515ccce24bef11976268c2
27077,27/07/2017 09:43,Lecture & Tutorial,2c265cf741dde06fe65737b5bb56e5f984bf3c309e515ccce24bef11976268c2
27078,27/07/2017 09:43,Lecture & Tutorial,2c265cf741dde06fe65737b5bb56e5f984bf3c309e515ccce24bef11976268c2
27079,27/07/2017 09:42,Problem Solving,aae15ec05c8972538c0acd5736a571650849ef4e8f69f94bcb33beb73fd918ca
27080,27/07/2017 09:42,Problem Solving,aae15ec05c8972538c0acd5736a571650849ef4e8f69f94bcb33beb73fd918ca
27081,27/07/2017 09:42,Problem Solving,aae15ec05c8972538c0acd5736a571650849ef4e8f69f94bcb33beb73fd918ca
27082,27/07/2017 09:42,Problem Solving,aae15ec05c8972538c0acd5736a571650849ef4e8f69f94bcb33beb73fd918ca
27083,27/07/2017 09:42,Problem Solving,aae15ec05c8972538c0acd5736a571650849ef4e8f69f94bcb33beb73fd918ca
27084,27/07/2017 09:42,Lecture & Tutorial,aae15ec05c8972538c0acd5736a571650849ef4e8f69f94bcb33beb73fd918ca
27085,27/07/2017 09:42,Problem Solving,aae15ec05c8972538c0acd5736a571650849ef4e8f69f94bcb33beb73fd918ca
27086,27/07/2017 09:42,View Announcements,c0d50bd815954a4482302ac146d7b9a02ae3998a2e825a2e00ef331c8764a0b6
27087,27/07/2017 09:42,Projects,c0d50bd815954a4482302ac146d7b9a02ae3998a2e825a2e00ef331c8764a0b6
27088,27/07/2017 09:42,Question & Help,de120e7c713464614054a090345b4293b7d35926b8b51f459cbf1558f38b4cea
27089,27/07/2017 09:42,Projects,c0d50bd815954a4482302ac146d7b9a02ae3998a2e825a2e00ef331c8764a0b6
27090,27/07/2017 09:42,Projects,c0d50bd815954a4482302ac146d7b9a02ae3998a2e825a2e00ef331c8764a0b6
27091,27/07/2017 09:42,View Announcements,1cd5ae642fde5efa0acd913e7233d30f1ae2b537a951d4fef28d037e15cf41bd
27092,27/07/2017 09:42,View Announcements,1cd5ae642fde5efa0acd913e7233d30f1ae2b537a951d4fef28d037e15cf41bd
27093,27/07/2017 09:42,View Announcements,1cd5ae642fde5efa0acd913e7233d30f1ae2b537a951d4fef28d037e15cf41bd
27094,27/07/2017 09:42,View Announcements,1cd5ae642fde5efa0acd913e7233d30f1ae2b537a951d4fef28d037e15cf41bd
27095,27/07/2017 09:42,View Announcements,1cd5ae642fde5efa0acd913e7233d30f1ae2b537a951d4fef28d037e15cf41bd
27096,27/07/2017 09:41,Projects,c0d50bd815954a4482302ac146d7b9a02ae3998a2e825a2e00ef331c8764a0b6
27097,27/07/2017 09:41,Projects,c0d50bd815954a4482302ac146d7b9a02ae3998a2e825a2e00ef331c8764a0b6
27098,27/07/2017 09:41,Lecture & Tutorial,c0d50bd815954a4482302ac146d7b9a02ae3998a2e825a2e00ef331c8764a0b6
27099,27/07/2017 09:41,View Announcements,7e787cba2369fa58bc7d53623227fc1efde4dbfda166b0fbb39670d31eccd7be
27100,27/07/2017 09:41,View Announcements,7e787cba2369fa58bc7d53623227fc1efde4dbfda166b0fbb39670d31eccd7be
27101,27/07/2017 09:41,Projects,807d7bdd4ad551a53fe59138acfc0e78aed417b520f0287e7ced4ffdd0df8f79
27102,27/07/2017 09:41,Projects,807d7bdd4ad551a53fe59138acfc0e78aed417b520f0287e7ced4ffdd0df8f79
27103,27/07/2017 09:40,Projects,e3c38788094fb5d511d9dee9a05afea67d38a2e283e98ac465c4a059ecae274b
27104,27/07/2017 09:40,Projects,807d7bdd4ad551a53fe59138acfc0e78aed417b520f0287e7ced4ffdd0df8f79
27105,27/07/2017 09:40,Projects,807d7bdd4ad551a53fe59138acfc0e78aed417b520f0287e7ced4ffdd0df8f79
27106,27/07/2017 09:40,Lecture & Tutorial,807d7bdd4ad551a53fe59138acfc0e78aed417b520f0287e7ced4ffdd0df8f79
27107,27/07/2017 09:40,Projects,e3c38788094fb5d511d9dee9a05afea67d38a2e283e98ac465c4a059ecae274b
27108,27/07/2017 09:39,Problem Solving,f7e562dd4b0223ef44a3d988427feaf14b4c7d9db9044b16b1cc143c2b2dab4d
27109,27/07/2017 09:39,Projects,e3c38788094fb5d511d9dee9a05afea67d38a2e283e98ac465c4a059ecae274b
27110,27/07/2017 09:39,Projects,e3c38788094fb5d511d9dee9a05afea67d38a2e283e98ac465c4a059ecae274b
27111,27/07/2017 09:39,View Announcements,dd706661c939939e7450931d90f223a75589e7eb67373570479bfdc30a39c365
27112,27/07/2017 09:39,Projects,e3c38788094fb5d511d9dee9a05afea67d38a2e283e98ac465c4a059ecae274b
27113,27/07/2017 09:39,Lecture & Tutorial,e3c38788094fb5d511d9dee9a05afea67d38a2e283e98ac465c4a059ecae274b
27114,27/07/2017 09:39,View Announcements,e3c38788094fb5d511d9dee9a05afea67d38a2e283e98ac465c4a059ecae274b
27115,27/07/2017 09:39,Projects,e3c38788094fb5d511d9dee9a05afea67d38a2e283e98ac465c4a059ecae274b
27116,27/07/2017 09:39,Lecture & Tutorial,e3c38788094fb5d511d9dee9a05afea67d38a2e283e98ac465c4a059ecae274b
27117,27/07/2017 09:38,Problem Solving,f7e562dd4b0223ef44a3d988427feaf14b4c7d9db9044b16b1cc143c2b2dab4d
27118,27/07/2017 09:38,Projects,e3c38788094fb5d511d9dee9a05afea67d38a2e283e98ac465c4a059ecae274b
27119,27/07/2017 09:38,Materials,d451f443a0ed3f34e5336ac3ad20dbf21a287d79845cdd185b8ab1e9e3bf4cf0
27120,27/07/2017 09:38,Materials,d451f443a0ed3f34e5336ac3ad20dbf21a287d79845cdd185b8ab1e9e3bf4cf0
27121,27/07/2017 09:38,Lecture & Tutorial,d451f443a0ed3f34e5336ac3ad20dbf21a287d79845cdd185b8ab1e9e3bf4cf0
27122,27/07/2017 09:38,View Announcements,d451f443a0ed3f34e5336ac3ad20dbf21a287d79845cdd185b8ab1e9e3bf4cf0
27123,27/07/2017 09:38,Problem Solving,0b37074853e2be7c6c989492a9d36d14c437dedd27e0b809e60671cf6daa3504
27124,27/07/2017 09:38,Problem Solving,0b37074853e2be7c6c989492a9d36d14c437dedd27e0b809e60671cf6daa3504
27125,27/07/2017 09:38,Lecture & Tutorial,0b37074853e2be7c6c989492a9d36d14c437dedd27e0b809e60671cf6daa3504
27126,27/07/2017 09:38,Problem Solving,0b37074853e2be7c6c989492a9d36d14c437dedd27e0b809e60671cf6daa3504
27127,27/07/2017 09:38,View Announcements,d451f443a0ed3f34e5336ac3ad20dbf21a287d79845cdd185b8ab1e9e3bf4cf0
27128,27/07/2017 09:38,Assessment,d451f443a0ed3f34e5336ac3ad20dbf21a287d79845cdd185b8ab1e9e3bf4cf0
27129,27/07/2017 09:38,Problem Solving,6f39c75f5ed7c93991f22a151f95b3652dca542ca3cf8354929dfa88ab10d822
27130,27/07/2017 09:37,View Announcements,d451f443a0ed3f34e5336ac3ad20dbf21a287d79845cdd185b8ab1e9e3bf4cf0
27131,27/07/2017 09:37,Projects,b95da52c718b804d7d41871275e1787bdc4fb7dd094fab70f98c09ed702aa17d
27132,27/07/2017 09:37,Lecture & Tutorial,b95da52c718b804d7d41871275e1787bdc4fb7dd094fab70f98c09ed702aa17d
27133,27/07/2017 09:37,Projects,b95da52c718b804d7d41871275e1787bdc4fb7dd094fab70f98c09ed702aa17d
27134,27/07/2017 09:37,Projects,b95da52c718b804d7d41871275e1787bdc4fb7dd094fab70f98c09ed702aa17d
27135,27/07/2017 09:37,Projects,b95da52c718b804d7d41871275e1787bdc4fb7dd094fab70f98c09ed702aa17d
27136,27/07/2017 09:37,Lecture & Tutorial,b95da52c718b804d7d41871275e1787bdc4fb7dd094fab70f98c09ed702aa17d
27137,27/07/2017 09:37,Projects,b5b2d07bf0984d5657d709857feffcdb78423851f429ca5969efddcb7b3ccca0
27138,27/07/2017 09:37,Projects,b5b2d07bf0984d5657d709857feffcdb78423851f429ca5969efddcb7b3ccca0
27139,27/07/2017 09:37,Lecture & Tutorial,b5b2d07bf0984d5657d709857feffcdb78423851f429ca5969efddcb7b3ccca0
27140,27/07/2017 09:37,Projects,b95da52c718b804d7d41871275e1787bdc4fb7dd094fab70f98c09ed702aa17d
27141,27/07/2017 09:37,Projects,b95da52c718b804d7d41871275e1787bdc4fb7dd094fab70f98c09ed702aa17d
27142,27/07/2017 09:37,Projects,9f606640e5b92fb2ae869f6fa5a06af230fc38a41de8fb50e00ab6de5a8402b7
27143,27/07/2017 09:36,Projects,9f606640e5b92fb2ae869f6fa5a06af230fc38a41de8fb50e00ab6de5a8402b7
27144,27/07/2017 09:36,Lecture & Tutorial,dac16ea4ca2d4945c54fa23b545df0721cbffd70eaef501ad189cf350fbdd813
27145,27/07/2017 09:36,Lecture & Tutorial,dac16ea4ca2d4945c54fa23b545df0721cbffd70eaef501ad189cf350fbdd813
27146,27/07/2017 09:36,Lecture & Tutorial,dac16ea4ca2d4945c54fa23b545df0721cbffd70eaef501ad189cf350fbdd813
27147,27/07/2017 09:36,Lecture & Tutorial,49c0f9d6fee4a9f180d69926097eb6a367249c3d012b4bd725db790a2f900d93
27148,27/07/2017 09:36,Projects,b95da52c718b804d7d41871275e1787bdc4fb7dd094fab70f98c09ed702aa17d
27149,27/07/2017 09:36,Lecture & Tutorial,b95da52c718b804d7d41871275e1787bdc4fb7dd094fab70f98c09ed702aa17d
27150,27/07/2017 09:36,Projects,b95da52c718b804d7d41871275e1787bdc4fb7dd094fab70f98c09ed702aa17d
27151,27/07/2017 09:36,Projects,9f606640e5b92fb2ae869f6fa5a06af230fc38a41de8fb50e00ab6de5a8402b7
27152,27/07/2017 09:36,Projects,9f606640e5b92fb2ae869f6fa5a06af230fc38a41de8fb50e00ab6de5a8402b7
27153,27/07/2017 09:36,View Announcements,dd706661c939939e7450931d90f223a75589e7eb67373570479bfdc30a39c365
27154,27/07/2017 09:36,Projects,e8448fcccf61199cd4ab6a99790f72876fe5f9dd404456c94846956fc339c4d5
27155,27/07/2017 09:36,Projects,e8448fcccf61199cd4ab6a99790f72876fe5f9dd404456c94846956fc339c4d5
27156,27/07/2017 09:36,Assessment,d451f443a0ed3f34e5336ac3ad20dbf21a287d79845cdd185b8ab1e9e3bf4cf0
27157,27/07/2017 09:36,Projects,9f606640e5b92fb2ae869f6fa5a06af230fc38a41de8fb50e00ab6de5a8402b7
27158,27/07/2017 09:36,Lecture & Tutorial,dac16ea4ca2d4945c54fa23b545df0721cbffd70eaef501ad189cf350fbdd813
27159,27/07/2017 09:36,Lecture & Tutorial,dac16ea4ca2d4945c54fa23b545df0721cbffd70eaef501ad189cf350fbdd813
27160,27/07/2017 09:36,Lecture & Tutorial,dac16ea4ca2d4945c54fa23b545df0721cbffd70eaef501ad189cf350fbdd813
27161,27/07/2017 09:36,Lecture & Tutorial,ae4689ba9f8a42a1fdf7e9dace2f2a87a81ca71239b8175b46575dba7af188ec
27162,27/07/2017 09:36,View Announcements,d451f443a0ed3f34e5336ac3ad20dbf21a287d79845cdd185b8ab1e9e3bf4cf0
27163,27/07/2017 09:35,Assessment,d451f443a0ed3f34e5336ac3ad20dbf21a287d79845cdd185b8ab1e9e3bf4cf0
27164,27/07/2017 09:35,Projects,ae4689ba9f8a42a1fdf7e9dace2f2a87a81ca71239b8175b46575dba7af188ec
27165,27/07/2017 09:35,Lecture & Tutorial,ae4689ba9f8a42a1fdf7e9dace2f2a87a81ca71239b8175b46575dba7af188ec
27166,27/07/2017 09:35,Lecture & Tutorial,ae4689ba9f8a42a1fdf7e9dace2f2a87a81ca71239b8175b46575dba7af188ec
27167,27/07/2017 09:35,Instruction file,ae4689ba9f8a42a1fdf7e9dace2f2a87a81ca71239b8175b46575dba7af188ec
27168,27/07/2017 09:35,Projects,8cd90b82a78437f04c9cd32f3b64fc5fc0392895d151c33539dbe17516a9a940
27169,27/07/2017 09:35,Projects,8cd90b82a78437f04c9cd32f3b64fc5fc0392895d151c33539dbe17516a9a940
27170,27/07/2017 09:35,Projects,8cd90b82a78437f04c9cd32f3b64fc5fc0392895d151c33539dbe17516a9a940
27171,27/07/2017 09:35,Projects,1cd5ae642fde5efa0acd913e7233d30f1ae2b537a951d4fef28d037e15cf41bd
27172,27/07/2017 09:35,Projects,8cd90b82a78437f04c9cd32f3b64fc5fc0392895d151c33539dbe17516a9a940
27173,27/07/2017 09:35,Projects,8cd90b82a78437f04c9cd32f3b64fc5fc0392895d151c33539dbe17516a9a940
27174,27/07/2017 09:35,Lecture & Tutorial,8cd90b82a78437f04c9cd32f3b64fc5fc0392895d151c33539dbe17516a9a940
27175,27/07/2017 09:35,Projects,1cd5ae642fde5efa0acd913e7233d30f1ae2b537a951d4fef28d037e15cf41bd
27176,27/07/2017 09:35,Lecture & Tutorial,1cd5ae642fde5efa0acd913e7233d30f1ae2b537a951d4fef28d037e15cf41bd
27177,27/07/2017 09:35,Projects,1cd5ae642fde5efa0acd913e7233d30f1ae2b537a951d4fef28d037e15cf41bd
27178,27/07/2017 09:34,Projects,4a00cb9716b48eca4fd984334247de25f2bd2378ea6d54710c009eb588d36a11
27179,27/07/2017 09:34,Lecture & Tutorial,4a00cb9716b48eca4fd984334247de25f2bd2378ea6d54710c009eb588d36a11
27180,27/07/2017 09:33,Projects,b5b2d07bf0984d5657d709857feffcdb78423851f429ca5969efddcb7b3ccca0
27181,27/07/2017 09:33,Projects,b5b2d07bf0984d5657d709857feffcdb78423851f429ca5969efddcb7b3ccca0
27182,27/07/2017 09:33,Projects,b5b2d07bf0984d5657d709857feffcdb78423851f429ca5969efddcb7b3ccca0
27183,27/07/2017 09:33,Projects,1cd5ae642fde5efa0acd913e7233d30f1ae2b537a951d4fef28d037e15cf41bd
27184,27/07/2017 09:33,Projects,1cd5ae642fde5efa0acd913e7233d30f1ae2b537a951d4fef28d037e15cf41bd
27185,27/07/2017 09:33,Projects,b5b2d07bf0984d5657d709857feffcdb78423851f429ca5969efddcb7b3ccca0
27186,27/07/2017 09:33,Projects,b5b2d07bf0984d5657d709857feffcdb78423851f429ca5969efddcb7b3ccca0
27187,27/07/2017 09:33,Lecture & Tutorial,b5b2d07bf0984d5657d709857feffcdb78423851f429ca5969efddcb7b3ccca0
27188,27/07/2017 09:32,Lecture & Tutorial,dac16ea4ca2d4945c54fa23b545df0721cbffd70eaef501ad189cf350fbdd813
27189,27/07/2017 09:32,Projects,dac16ea4ca2d4945c54fa23b545df0721cbffd70eaef501ad189cf350fbdd813
27190,27/07/2017 09:32,Lecture & Tutorial,49c0f9d6fee4a9f180d69926097eb6a367249c3d012b4bd725db790a2f900d93
27191,27/07/2017 09:32,Projects,49c0f9d6fee4a9f180d69926097eb6a367249c3d012b4bd725db790a2f900d93
27192,27/07/2017 09:32,Projects,1cd5ae642fde5efa0acd913e7233d30f1ae2b537a951d4fef28d037e15cf41bd
27193,27/07/2017 09:32,Projects,1cd5ae642fde5efa0acd913e7233d30f1ae2b537a951d4fef28d037e15cf41bd
27194,27/07/2017 09:32,Lecture & Tutorial,1cd5ae642fde5efa0acd913e7233d30f1ae2b537a951d4fef28d037e15cf41bd
27195,27/07/2017 09:32,View Announcements,1cd5ae642fde5efa0acd913e7233d30f1ae2b537a951d4fef28d037e15cf41bd
27196,27/07/2017 09:31,Assessment,2e89e656cc69da3b00738ba51f4aff0f697bbd071c1205dc52b7c659622fd788
27197,27/07/2017 09:31,Assessment,2e89e656cc69da3b00738ba51f4aff0f697bbd071c1205dc52b7c659622fd788
27198,27/07/2017 09:31,View Announcements,2e89e656cc69da3b00738ba51f4aff0f697bbd071c1205dc52b7c659622fd788
27199,27/07/2017 09:31,View Announcements,2e89e656cc69da3b00738ba51f4aff0f697bbd071c1205dc52b7c659622fd788
27200,27/07/2017 09:31,View Announcements,2e89e656cc69da3b00738ba51f4aff0f697bbd071c1205dc52b7c659622fd788
27201,27/07/2017 09:31,Projects,49c0f9d6fee4a9f180d69926097eb6a367249c3d012b4bd725db790a2f900d93
27202,27/07/2017 09:31,Projects,e3c38788094fb5d511d9dee9a05afea67d38a2e283e98ac465c4a059ecae274b
27203,27/07/2017 09:31,View Announcements,2e89e656cc69da3b00738ba51f4aff0f697bbd071c1205dc52b7c659622fd788
27204,27/07/2017 09:31,View Announcements,2e89e656cc69da3b00738ba51f4aff0f697bbd071c1205dc52b7c659622fd788
27205,27/07/2017 09:31,Projects,e3c38788094fb5d511d9dee9a05afea67d38a2e283e98ac465c4a059ecae274b
27206,27/07/2017 09:30,Projects,e3c38788094fb5d511d9dee9a05afea67d38a2e283e98ac465c4a059ecae274b
27207,27/07/2017 09:30,Projects,e3c38788094fb5d511d9dee9a05afea67d38a2e283e98ac465c4a059ecae274b
27208,27/07/2017 09:30,Assessment,e3c38788094fb5d511d9dee9a05afea67d38a2e283e98ac465c4a059ecae274b
27209,27/07/2017 09:30,View Announcements,e3c38788094fb5d511d9dee9a05afea67d38a2e283e98ac465c4a059ecae274b
27210,27/07/2017 09:30,Lecture & Tutorial,49c0f9d6fee4a9f180d69926097eb6a367249c3d012b4bd725db790a2f900d93
27211,27/07/2017 09:30,Projects,49c0f9d6fee4a9f180d69926097eb6a367249c3d012b4bd725db790a2f900d93
27212,27/07/2017 09:30,Projects,80ca64991e8a31ba25df4825ecd37a4c9bf07746b0f96d2517e726a37233c336
27213,27/07/2017 09:30,Materials,672b6fb6431e731c7cad9797d2425593616b49134335dfe09cff1fcbda59e433
27214,27/07/2017 09:29,Materials,672b6fb6431e731c7cad9797d2425593616b49134335dfe09cff1fcbda59e433
27215,27/07/2017 09:29,Materials,672b6fb6431e731c7cad9797d2425593616b49134335dfe09cff1fcbda59e433
27216,27/07/2017 09:29,Lecture & Tutorial,f81e6501777096fc270f50543096e637259afe770f921bc172fd425358de532a
27217,27/07/2017 09:29,Lecture & Tutorial,f81e6501777096fc270f50543096e637259afe770f921bc172fd425358de532a
27218,27/07/2017 09:29,Projects,ee2fc1c93b2ffcf616f3ab7ad71175ecd0119f5fd736efa615721e4dca9fa590
27219,27/07/2017 09:29,Materials,672b6fb6431e731c7cad9797d2425593616b49134335dfe09cff1fcbda59e433
27220,27/07/2017 09:29,Group Pages,ee2fc1c93b2ffcf616f3ab7ad71175ecd0119f5fd736efa615721e4dca9fa590
27221,27/07/2017 09:29,Projects,12eeab293bde47ede53429022d7ee1bc6aad88aeb0c33bd5d54a080475dd06a5
27222,27/07/2017 09:29,Lecture & Tutorial,12eeab293bde47ede53429022d7ee1bc6aad88aeb0c33bd5d54a080475dd06a5
27223,27/07/2017 09:29,Group Pages,ee2fc1c93b2ffcf616f3ab7ad71175ecd0119f5fd736efa615721e4dca9fa590
27224,27/07/2017 09:29,Group Pages,ee2fc1c93b2ffcf616f3ab7ad71175ecd0119f5fd736efa615721e4dca9fa590
27225,27/07/2017 09:29,Projects,ee2fc1c93b2ffcf616f3ab7ad71175ecd0119f5fd736efa615721e4dca9fa590
27226,27/07/2017 09:29,Projects,ee2fc1c93b2ffcf616f3ab7ad71175ecd0119f5fd736efa615721e4dca9fa590
27227,27/07/2017 09:29,Projects,ee2fc1c93b2ffcf616f3ab7ad71175ecd0119f5fd736efa615721e4dca9fa590
27228,27/07/2017 09:29,Lecture & Tutorial,ee2fc1c93b2ffcf616f3ab7ad71175ecd0119f5fd736efa615721e4dca9fa590
27229,27/07/2017 09:29,View Announcements,ee2fc1c93b2ffcf616f3ab7ad71175ecd0119f5fd736efa615721e4dca9fa590
27230,27/07/2017 09:29,Lecture & Tutorial,12eeab293bde47ede53429022d7ee1bc6aad88aeb0c33bd5d54a080475dd06a5
27231,27/07/2017 09:29,Lecture & Tutorial,12eeab293bde47ede53429022d7ee1bc6aad88aeb0c33bd5d54a080475dd06a5
27232,27/07/2017 09:29,Lecture & Tutorial,12eeab293bde47ede53429022d7ee1bc6aad88aeb0c33bd5d54a080475dd06a5
27233,27/07/2017 09:29,Lecture & Tutorial,12eeab293bde47ede53429022d7ee1bc6aad88aeb0c33bd5d54a080475dd06a5
27234,27/07/2017 09:29,Lecture & Tutorial,12eeab293bde47ede53429022d7ee1bc6aad88aeb0c33bd5d54a080475dd06a5
27235,27/07/2017 09:29,Lecture & Tutorial,12eeab293bde47ede53429022d7ee1bc6aad88aeb0c33bd5d54a080475dd06a5
27236,27/07/2017 09:29,Lecture & Tutorial,12eeab293bde47ede53429022d7ee1bc6aad88aeb0c33bd5d54a080475dd06a5
27237,27/07/2017 09:29,Lecture & Tutorial,12eeab293bde47ede53429022d7ee1bc6aad88aeb0c33bd5d54a080475dd06a5
27238,27/07/2017 09:29,Lecture & Tutorial,12eeab293bde47ede53429022d7ee1bc6aad88aeb0c33bd5d54a080475dd06a5
27239,27/07/2017 09:29,Lecture & Tutorial,12eeab293bde47ede53429022d7ee1bc6aad88aeb0c33bd5d54a080475dd06a5
27240,27/07/2017 09:29,Lecture & Tutorial,12eeab293bde47ede53429022d7ee1bc6aad88aeb0c33bd5d54a080475dd06a5
27241,27/07/2017 09:29,Lecture & Tutorial,12eeab293bde47ede53429022d7ee1bc6aad88aeb0c33bd5d54a080475dd06a5
27242,27/07/2017 09:29,Lecture & Tutorial,12eeab293bde47ede53429022d7ee1bc6aad88aeb0c33bd5d54a080475dd06a5
27243,27/07/2017 09:29,Lecture & Tutorial,12eeab293bde47ede53429022d7ee1bc6aad88aeb0c33bd5d54a080475dd06a5
27244,27/07/2017 09:29,Lecture & Tutorial,12eeab293bde47ede53429022d7ee1bc6aad88aeb0c33bd5d54a080475dd06a5
27245,27/07/2017 09:29,Lecture & Tutorial,12eeab293bde47ede53429022d7ee1bc6aad88aeb0c33bd5d54a080475dd06a5
27246,27/07/2017 09:28,Projects,6a5dde7d0e490d90e354407f77108ce3ba0ed8dfda0760d576a7c3389b127f55
27247,27/07/2017 09:28,Projects,6a5dde7d0e490d90e354407f77108ce3ba0ed8dfda0760d576a7c3389b127f55
27248,27/07/2017 09:28,Projects,cbfa3198e1914f43d03d0c26e3a5aac2a545e2db0b81da99a4bc5e69e228219c
27249,27/07/2017 09:28,Projects,cbfa3198e1914f43d03d0c26e3a5aac2a545e2db0b81da99a4bc5e69e228219c
27250,27/07/2017 09:28,Projects,6a5dde7d0e490d90e354407f77108ce3ba0ed8dfda0760d576a7c3389b127f55
27251,27/07/2017 09:28,Projects,6a5dde7d0e490d90e354407f77108ce3ba0ed8dfda0760d576a7c3389b127f55
27252,27/07/2017 09:28,Projects,1c8e444947118f7c57d2597b66e82888233cdf7f6e85e3d4d0c1791727664569
27253,27/07/2017 09:28,Lecture & Tutorial,1c8e444947118f7c57d2597b66e82888233cdf7f6e85e3d4d0c1791727664569
27254,27/07/2017 09:28,Lecture & Tutorial,f699948eb13854964eeeb88b7f268550b43bd3d8e9d10fdaf75ddb222c5087a6
27255,27/07/2017 09:28,Lecture & Tutorial,f699948eb13854964eeeb88b7f268550b43bd3d8e9d10fdaf75ddb222c5087a6
27256,27/07/2017 09:28,Projects,cbfa3198e1914f43d03d0c26e3a5aac2a545e2db0b81da99a4bc5e69e228219c
27257,27/07/2017 09:28,Projects,6a5dde7d0e490d90e354407f77108ce3ba0ed8dfda0760d576a7c3389b127f55
27258,27/07/2017 09:28,Projects,6a5dde7d0e490d90e354407f77108ce3ba0ed8dfda0760d576a7c3389b127f55
27259,27/07/2017 09:28,Projects,cbfa3198e1914f43d03d0c26e3a5aac2a545e2db0b81da99a4bc5e69e228219c
27260,27/07/2017 09:28,Lecture & Tutorial,6a5dde7d0e490d90e354407f77108ce3ba0ed8dfda0760d576a7c3389b127f55
27261,27/07/2017 09:28,Lecture & Tutorial,cbfa3198e1914f43d03d0c26e3a5aac2a545e2db0b81da99a4bc5e69e228219c
27262,27/07/2017 09:27,Projects,70de97cbcd227808cf5e8ad6ea901b1734819e46e735a16ac20883bd065bebf4
27263,27/07/2017 09:27,Projects,70de97cbcd227808cf5e8ad6ea901b1734819e46e735a16ac20883bd065bebf4
27264,27/07/2017 09:27,Lecture & Tutorial,70de97cbcd227808cf5e8ad6ea901b1734819e46e735a16ac20883bd065bebf4
27265,27/07/2017 09:27,Projects,70de97cbcd227808cf5e8ad6ea901b1734819e46e735a16ac20883bd065bebf4
27266,27/07/2017 09:27,Projects,70de97cbcd227808cf5e8ad6ea901b1734819e46e735a16ac20883bd065bebf4
27267,27/07/2017 09:27,Projects,70de97cbcd227808cf5e8ad6ea901b1734819e46e735a16ac20883bd065bebf4
27268,27/07/2017 09:27,Projects,f699948eb13854964eeeb88b7f268550b43bd3d8e9d10fdaf75ddb222c5087a6
27269,27/07/2017 09:26,Projects,f699948eb13854964eeeb88b7f268550b43bd3d8e9d10fdaf75ddb222c5087a6
27270,27/07/2017 09:26,Materials,672b6fb6431e731c7cad9797d2425593616b49134335dfe09cff1fcbda59e433
27271,27/07/2017 09:26,Question & Help,3ddd9bf7981c2f714f93398f96540ec353fa8356ca3f20b73233ccc8d52ae5a6
27272,27/07/2017 09:26,Lecture & Tutorial,3ddd9bf7981c2f714f93398f96540ec353fa8356ca3f20b73233ccc8d52ae5a6
27273,27/07/2017 09:26,Lecture & Tutorial,3ddd9bf7981c2f714f93398f96540ec353fa8356ca3f20b73233ccc8d52ae5a6
27274,27/07/2017 09:26,Lecture & Tutorial,3ddd9bf7981c2f714f93398f96540ec353fa8356ca3f20b73233ccc8d52ae5a6
27275,27/07/2017 09:26,Lecture & Tutorial,3ddd9bf7981c2f714f93398f96540ec353fa8356ca3f20b73233ccc8d52ae5a6
27276,27/07/2017 09:26,Lecture & Tutorial,3ddd9bf7981c2f714f93398f96540ec353fa8356ca3f20b73233ccc8d52ae5a6
27277,27/07/2017 09:26,Lecture & Tutorial,3ddd9bf7981c2f714f93398f96540ec353fa8356ca3f20b73233ccc8d52ae5a6
27278,27/07/2017 09:26,Lecture & Tutorial,3ddd9bf7981c2f714f93398f96540ec353fa8356ca3f20b73233ccc8d52ae5a6
27279,27/07/2017 09:26,Lecture & Tutorial,3ddd9bf7981c2f714f93398f96540ec353fa8356ca3f20b73233ccc8d52ae5a6
27280,27/07/2017 09:26,Lecture & Tutorial,3ddd9bf7981c2f714f93398f96540ec353fa8356ca3f20b73233ccc8d52ae5a6
27281,27/07/2017 09:26,Lecture & Tutorial,3ddd9bf7981c2f714f93398f96540ec353fa8356ca3f20b73233ccc8d52ae5a6
27282,27/07/2017 09:26,Lecture & Tutorial,3ddd9bf7981c2f714f93398f96540ec353fa8356ca3f20b73233ccc8d52ae5a6
27283,27/07/2017 09:26,Lecture & Tutorial,3ddd9bf7981c2f714f93398f96540ec353fa8356ca3f20b73233ccc8d52ae5a6
27284,27/07/2017 09:26,Lecture & Tutorial,3ddd9bf7981c2f714f93398f96540ec353fa8356ca3f20b73233ccc8d52ae5a6
27285,27/07/2017 09:26,Lecture & Tutorial,3ddd9bf7981c2f714f93398f96540ec353fa8356ca3f20b73233ccc8d52ae5a6
27286,27/07/2017 09:26,Lecture & Tutorial,3ddd9bf7981c2f714f93398f96540ec353fa8356ca3f20b73233ccc8d52ae5a6
27287,27/07/2017 09:26,Lecture & Tutorial,3ddd9bf7981c2f714f93398f96540ec353fa8356ca3f20b73233ccc8d52ae5a6
27288,27/07/2017 09:26,Materials,672b6fb6431e731c7cad9797d2425593616b49134335dfe09cff1fcbda59e433
27289,27/07/2017 09:25,Projects,70de97cbcd227808cf5e8ad6ea901b1734819e46e735a16ac20883bd065bebf4
27290,27/07/2017 09:25,Projects,70de97cbcd227808cf5e8ad6ea901b1734819e46e735a16ac20883bd065bebf4
27291,27/07/2017 09:25,Projects,70de97cbcd227808cf5e8ad6ea901b1734819e46e735a16ac20883bd065bebf4
27292,27/07/2017 09:25,Lecture & Tutorial,70de97cbcd227808cf5e8ad6ea901b1734819e46e735a16ac20883bd065bebf4
27293,27/07/2017 09:25,Projects,70de97cbcd227808cf5e8ad6ea901b1734819e46e735a16ac20883bd065bebf4
27294,27/07/2017 09:25,Materials,672b6fb6431e731c7cad9797d2425593616b49134335dfe09cff1fcbda59e433
27295,27/07/2017 09:25,Projects,70de97cbcd227808cf5e8ad6ea901b1734819e46e735a16ac20883bd065bebf4
27296,27/07/2017 09:25,Projects,70de97cbcd227808cf5e8ad6ea901b1734819e46e735a16ac20883bd065bebf4
27297,27/07/2017 09:25,Projects,f699948eb13854964eeeb88b7f268550b43bd3d8e9d10fdaf75ddb222c5087a6
27298,27/07/2017 09:25,Projects,f699948eb13854964eeeb88b7f268550b43bd3d8e9d10fdaf75ddb222c5087a6
27299,27/07/2017 09:25,Projects,aeb7738716afea373b0e6c7bb8c95e109392e37cca88c46d59c551576a73030b
27300,27/07/2017 09:25,Assessment,aeb7738716afea373b0e6c7bb8c95e109392e37cca88c46d59c551576a73030b
27301,27/07/2017 09:25,Lecture & Tutorial,5118c010686e973890d5180d820bcc79f77eb5a7fb1cb79dbdb97d7101f99691
27302,27/07/2017 09:25,Lecture & Tutorial,5118c010686e973890d5180d820bcc79f77eb5a7fb1cb79dbdb97d7101f99691
27303,27/07/2017 09:25,Projects,70de97cbcd227808cf5e8ad6ea901b1734819e46e735a16ac20883bd065bebf4
27304,27/07/2017 09:25,View Announcements,aeb7738716afea373b0e6c7bb8c95e109392e37cca88c46d59c551576a73030b
27305,27/07/2017 09:25,Lecture & Tutorial,70de97cbcd227808cf5e8ad6ea901b1734819e46e735a16ac20883bd065bebf4
27306,27/07/2017 09:25,Projects,70de97cbcd227808cf5e8ad6ea901b1734819e46e735a16ac20883bd065bebf4
27307,27/07/2017 09:25,Projects,aeb7738716afea373b0e6c7bb8c95e109392e37cca88c46d59c551576a73030b
27308,27/07/2017 09:25,Lecture & Tutorial,5118c010686e973890d5180d820bcc79f77eb5a7fb1cb79dbdb97d7101f99691
27309,27/07/2017 09:25,Lecture & Tutorial,5118c010686e973890d5180d820bcc79f77eb5a7fb1cb79dbdb97d7101f99691
27310,27/07/2017 09:25,Projects,aeb7738716afea373b0e6c7bb8c95e109392e37cca88c46d59c551576a73030b
27311,27/07/2017 09:24,Lecture & Tutorial,5118c010686e973890d5180d820bcc79f77eb5a7fb1cb79dbdb97d7101f99691
27312,27/07/2017 09:24,Lecture & Tutorial,5118c010686e973890d5180d820bcc79f77eb5a7fb1cb79dbdb97d7101f99691
27313,27/07/2017 09:24,Projects,aeb7738716afea373b0e6c7bb8c95e109392e37cca88c46d59c551576a73030b
27314,27/07/2017 09:24,Lecture & Tutorial,5118c010686e973890d5180d820bcc79f77eb5a7fb1cb79dbdb97d7101f99691
27315,27/07/2017 09:24,Lecture & Tutorial,aeb7738716afea373b0e6c7bb8c95e109392e37cca88c46d59c551576a73030b
27316,27/07/2017 09:24,Lecture & Tutorial,5118c010686e973890d5180d820bcc79f77eb5a7fb1cb79dbdb97d7101f99691
27317,27/07/2017 09:24,Projects,f699948eb13854964eeeb88b7f268550b43bd3d8e9d10fdaf75ddb222c5087a6
27318,27/07/2017 09:24,View Announcements,aeb7738716afea373b0e6c7bb8c95e109392e37cca88c46d59c551576a73030b
27319,27/07/2017 09:24,Lecture & Tutorial,5118c010686e973890d5180d820bcc79f77eb5a7fb1cb79dbdb97d7101f99691
27320,27/07/2017 09:24,Lecture & Tutorial,5118c010686e973890d5180d820bcc79f77eb5a7fb1cb79dbdb97d7101f99691
27321,27/07/2017 09:24,Projects,f699948eb13854964eeeb88b7f268550b43bd3d8e9d10fdaf75ddb222c5087a6
27322,27/07/2017 09:24,Lecture & Tutorial,f699948eb13854964eeeb88b7f268550b43bd3d8e9d10fdaf75ddb222c5087a6
27323,27/07/2017 09:24,Lecture & Tutorial,5118c010686e973890d5180d820bcc79f77eb5a7fb1cb79dbdb97d7101f99691
27324,27/07/2017 09:24,Lecture & Tutorial,5118c010686e973890d5180d820bcc79f77eb5a7fb1cb79dbdb97d7101f99691
27325,27/07/2017 09:24,Lecture & Tutorial,5118c010686e973890d5180d820bcc79f77eb5a7fb1cb79dbdb97d7101f99691
27326,27/07/2017 09:24,Lecture & Tutorial,5118c010686e973890d5180d820bcc79f77eb5a7fb1cb79dbdb97d7101f99691
27327,27/07/2017 09:24,Lecture & Tutorial,cbfa3198e1914f43d03d0c26e3a5aac2a545e2db0b81da99a4bc5e69e228219c
27328,27/07/2017 09:24,Problem Solving,f7e562dd4b0223ef44a3d988427feaf14b4c7d9db9044b16b1cc143c2b2dab4d
27329,27/07/2017 09:24,Problem Solving,f7e562dd4b0223ef44a3d988427feaf14b4c7d9db9044b16b1cc143c2b2dab4d
27330,27/07/2017 09:24,Lecture & Tutorial,cbfa3198e1914f43d03d0c26e3a5aac2a545e2db0b81da99a4bc5e69e228219c
27331,27/07/2017 09:24,Lecture & Tutorial,cbfa3198e1914f43d03d0c26e3a5aac2a545e2db0b81da99a4bc5e69e228219c
27332,27/07/2017 09:24,Materials,672b6fb6431e731c7cad9797d2425593616b49134335dfe09cff1fcbda59e433
27333,27/07/2017 09:24,Projects,ee2fc1c93b2ffcf616f3ab7ad71175ecd0119f5fd736efa615721e4dca9fa590
27334,27/07/2017 09:24,Projects,ee2fc1c93b2ffcf616f3ab7ad71175ecd0119f5fd736efa615721e4dca9fa590
27335,27/07/2017 09:24,Materials,672b6fb6431e731c7cad9797d2425593616b49134335dfe09cff1fcbda59e433
27336,27/07/2017 09:24,Assessment,672b6fb6431e731c7cad9797d2425593616b49134335dfe09cff1fcbda59e433
27337,27/07/2017 09:23,View Announcements,672b6fb6431e731c7cad9797d2425593616b49134335dfe09cff1fcbda59e433
27338,27/07/2017 09:23,Materials,672b6fb6431e731c7cad9797d2425593616b49134335dfe09cff1fcbda59e433
27339,27/07/2017 09:23,Projects,ee2fc1c93b2ffcf616f3ab7ad71175ecd0119f5fd736efa615721e4dca9fa590
27340,27/07/2017 09:23,Projects,ee2fc1c93b2ffcf616f3ab7ad71175ecd0119f5fd736efa615721e4dca9fa590
27341,27/07/2017 09:23,Lecture & Tutorial,ee2fc1c93b2ffcf616f3ab7ad71175ecd0119f5fd736efa615721e4dca9fa590
27342,27/07/2017 09:23,Materials,672b6fb6431e731c7cad9797d2425593616b49134335dfe09cff1fcbda59e433
27343,27/07/2017 09:23,Projects,b5b2d07bf0984d5657d709857feffcdb78423851f429ca5969efddcb7b3ccca0
27344,27/07/2017 09:23,Materials,672b6fb6431e731c7cad9797d2425593616b49134335dfe09cff1fcbda59e433
27345,27/07/2017 09:23,Question & Help,e877d0f44eae6131e894603ec8f9f86b99f38b513f9b54ea7e9e08944606408d
27346,27/07/2017 09:23,Projects,b5b2d07bf0984d5657d709857feffcdb78423851f429ca5969efddcb7b3ccca0
27347,27/07/2017 09:23,Projects,b5b2d07bf0984d5657d709857feffcdb78423851f429ca5969efddcb7b3ccca0
27348,27/07/2017 09:22,Projects,b5b2d07bf0984d5657d709857feffcdb78423851f429ca5969efddcb7b3ccca0
27349,27/07/2017 09:22,Projects,b5b2d07bf0984d5657d709857feffcdb78423851f429ca5969efddcb7b3ccca0
27350,27/07/2017 09:22,View Announcements,e1c6bace1f59856beb412fb50df0c061cd8b91d582a5ce0cf1a8d009413bd882
27351,27/07/2017 09:22,Materials,672b6fb6431e731c7cad9797d2425593616b49134335dfe09cff1fcbda59e433
27352,27/07/2017 09:22,Projects,b5b2d07bf0984d5657d709857feffcdb78423851f429ca5969efddcb7b3ccca0
27353,27/07/2017 09:22,Lecture & Tutorial,b5b2d07bf0984d5657d709857feffcdb78423851f429ca5969efddcb7b3ccca0
27354,27/07/2017 09:22,Projects,b5b2d07bf0984d5657d709857feffcdb78423851f429ca5969efddcb7b3ccca0
27355,27/07/2017 09:22,View Announcements,b5b2d07bf0984d5657d709857feffcdb78423851f429ca5969efddcb7b3ccca0
27356,27/07/2017 09:22,Lecture & Tutorial,70de97cbcd227808cf5e8ad6ea901b1734819e46e735a16ac20883bd065bebf4
27357,27/07/2017 09:22,Lecture & Tutorial,70de97cbcd227808cf5e8ad6ea901b1734819e46e735a16ac20883bd065bebf4
27358,27/07/2017 09:22,Projects,cbfa3198e1914f43d03d0c26e3a5aac2a545e2db0b81da99a4bc5e69e228219c
27359,27/07/2017 09:22,Lecture & Tutorial,70de97cbcd227808cf5e8ad6ea901b1734819e46e735a16ac20883bd065bebf4
27360,27/07/2017 09:22,Materials,672b6fb6431e731c7cad9797d2425593616b49134335dfe09cff1fcbda59e433
27361,27/07/2017 09:22,Projects,cbfa3198e1914f43d03d0c26e3a5aac2a545e2db0b81da99a4bc5e69e228219c
27362,27/07/2017 09:22,Lecture & Tutorial,cbfa3198e1914f43d03d0c26e3a5aac2a545e2db0b81da99a4bc5e69e228219c
27363,27/07/2017 09:21,Materials,672b6fb6431e731c7cad9797d2425593616b49134335dfe09cff1fcbda59e433
27364,27/07/2017 09:21,Materials,672b6fb6431e731c7cad9797d2425593616b49134335dfe09cff1fcbda59e433
27365,27/07/2017 09:21,Materials,672b6fb6431e731c7cad9797d2425593616b49134335dfe09cff1fcbda59e433
27366,27/07/2017 09:21,Lecture & Tutorial,672b6fb6431e731c7cad9797d2425593616b49134335dfe09cff1fcbda59e433
27367,27/07/2017 09:21,Materials,672b6fb6431e731c7cad9797d2425593616b49134335dfe09cff1fcbda59e433
27368,27/07/2017 09:20,Problem Solving,672b6fb6431e731c7cad9797d2425593616b49134335dfe09cff1fcbda59e433
27369,27/07/2017 09:20,View Announcements,672b6fb6431e731c7cad9797d2425593616b49134335dfe09cff1fcbda59e433
27370,27/07/2017 09:20,Projects,9f606640e5b92fb2ae869f6fa5a06af230fc38a41de8fb50e00ab6de5a8402b7
27371,27/07/2017 09:18,Problem Solving,6f39c75f5ed7c93991f22a151f95b3652dca542ca3cf8354929dfa88ab10d822
27372,27/07/2017 09:18,Problem Solving,6f39c75f5ed7c93991f22a151f95b3652dca542ca3cf8354929dfa88ab10d822
27373,27/07/2017 09:17,View Announcements,fdbabcad988c2de6b3ff24ce875a4833e954cc45e80399f442ae161c6ef4a092
27374,27/07/2017 09:17,View Announcements,fdbabcad988c2de6b3ff24ce875a4833e954cc45e80399f442ae161c6ef4a092
27375,27/07/2017 09:17,View Announcements,fdbabcad988c2de6b3ff24ce875a4833e954cc45e80399f442ae161c6ef4a092
27376,27/07/2017 09:17,Assessment,fdbabcad988c2de6b3ff24ce875a4833e954cc45e80399f442ae161c6ef4a092
27377,27/07/2017 09:17,Projects,7e787cba2369fa58bc7d53623227fc1efde4dbfda166b0fbb39670d31eccd7be
27378,27/07/2017 09:17,View Announcements,fdbabcad988c2de6b3ff24ce875a4833e954cc45e80399f442ae161c6ef4a092
27379,27/07/2017 09:17,Projects,7e787cba2369fa58bc7d53623227fc1efde4dbfda166b0fbb39670d31eccd7be
27380,27/07/2017 09:17,Lecture & Tutorial,7e787cba2369fa58bc7d53623227fc1efde4dbfda166b0fbb39670d31eccd7be
27381,27/07/2017 09:16,Question & Help,95aaa6d99465d6ae7a1c608975bb5e3a8cbef8d258a36069f483fc0428d6988a
27382,27/07/2017 09:15,Projects,e8448fcccf61199cd4ab6a99790f72876fe5f9dd404456c94846956fc339c4d5
27383,27/07/2017 09:15,Materials,2c265cf741dde06fe65737b5bb56e5f984bf3c309e515ccce24bef11976268c2
27384,27/07/2017 09:15,Materials,2c265cf741dde06fe65737b5bb56e5f984bf3c309e515ccce24bef11976268c2
27385,27/07/2017 09:15,Materials,2c265cf741dde06fe65737b5bb56e5f984bf3c309e515ccce24bef11976268c2
27386,27/07/2017 09:14,Lecture & Tutorial,6a70a82eba32ff1e6dc41ee2d986a2ac2e0c242d88e6523441ea801d7a5fd3b5
27387,27/07/2017 09:14,Lecture & Tutorial,6a70a82eba32ff1e6dc41ee2d986a2ac2e0c242d88e6523441ea801d7a5fd3b5
27388,27/07/2017 09:14,Projects,aae15ec05c8972538c0acd5736a571650849ef4e8f69f94bcb33beb73fd918ca
27389,27/07/2017 09:14,Projects,aae15ec05c8972538c0acd5736a571650849ef4e8f69f94bcb33beb73fd918ca
27390,27/07/2017 09:13,View Announcements,10841ce1dba460bb49e0ad12d5aa698ee43c63e9cfee75652376d4ad01f460a7
27391,27/07/2017 09:13,View Announcements,10841ce1dba460bb49e0ad12d5aa698ee43c63e9cfee75652376d4ad01f460a7
27392,27/07/2017 09:13,Projects,dac16ea4ca2d4945c54fa23b545df0721cbffd70eaef501ad189cf350fbdd813
27393,27/07/2017 09:13,View Announcements,10841ce1dba460bb49e0ad12d5aa698ee43c63e9cfee75652376d4ad01f460a7
27394,27/07/2017 09:13,Lecture & Tutorial,dac16ea4ca2d4945c54fa23b545df0721cbffd70eaef501ad189cf350fbdd813
27395,27/07/2017 09:13,Projects,dac16ea4ca2d4945c54fa23b545df0721cbffd70eaef501ad189cf350fbdd813
27396,27/07/2017 09:13,Lecture & Tutorial,dbff3edfd982c954f57901a95d324b3d57c6924493423fab3321bed6be6165fb
27397,27/07/2017 09:13,Lecture & Tutorial,dbff3edfd982c954f57901a95d324b3d57c6924493423fab3321bed6be6165fb
27398,27/07/2017 09:13,View Announcements,10841ce1dba460bb49e0ad12d5aa698ee43c63e9cfee75652376d4ad01f460a7
27399,27/07/2017 09:13,View Announcements,10841ce1dba460bb49e0ad12d5aa698ee43c63e9cfee75652376d4ad01f460a7
27400,27/07/2017 09:13,Lecture & Tutorial,f699948eb13854964eeeb88b7f268550b43bd3d8e9d10fdaf75ddb222c5087a6
27401,27/07/2017 09:13,Lecture & Tutorial,f699948eb13854964eeeb88b7f268550b43bd3d8e9d10fdaf75ddb222c5087a6
27402,27/07/2017 09:13,Lecture & Tutorial,f699948eb13854964eeeb88b7f268550b43bd3d8e9d10fdaf75ddb222c5087a6
27403,27/07/2017 09:13,Projects,aae15ec05c8972538c0acd5736a571650849ef4e8f69f94bcb33beb73fd918ca
27404,27/07/2017 09:13,Projects,aae15ec05c8972538c0acd5736a571650849ef4e8f69f94bcb33beb73fd918ca
27405,27/07/2017 09:13,Lecture & Tutorial,aae15ec05c8972538c0acd5736a571650849ef4e8f69f94bcb33beb73fd918ca
27406,27/07/2017 09:12,Problem Solving,6f39c75f5ed7c93991f22a151f95b3652dca542ca3cf8354929dfa88ab10d822
27407,27/07/2017 09:12,Projects,31efe3e5c59052af2424fdb61418d6cfd1a2bf85607bc186ba85abbfee4d0399
27408,27/07/2017 09:12,Projects,31efe3e5c59052af2424fdb61418d6cfd1a2bf85607bc186ba85abbfee4d0399
27409,27/07/2017 09:12,Lecture & Tutorial,31efe3e5c59052af2424fdb61418d6cfd1a2bf85607bc186ba85abbfee4d0399
27410,27/07/2017 09:12,Projects,e81e515d66670c06db447c87510593265cc17e93f5a68d1554d0753b0b818764
27411,27/07/2017 09:12,Projects,e81e515d66670c06db447c87510593265cc17e93f5a68d1554d0753b0b818764
27412,27/07/2017 09:12,Lecture & Tutorial,10841ce1dba460bb49e0ad12d5aa698ee43c63e9cfee75652376d4ad01f460a7
27413,27/07/2017 09:12,Lecture & Tutorial,10841ce1dba460bb49e0ad12d5aa698ee43c63e9cfee75652376d4ad01f460a7
27414,27/07/2017 09:12,View Announcements,bf8d090eef21d7f21a7968fda37caeaad9b09f6eb45c5f18469c3736a83035d7
27415,27/07/2017 09:12,Lecture & Tutorial,10841ce1dba460bb49e0ad12d5aa698ee43c63e9cfee75652376d4ad01f460a7
27416,27/07/2017 09:12,Materials,0b37074853e2be7c6c989492a9d36d14c437dedd27e0b809e60671cf6daa3504
27417,27/07/2017 09:12,MOOCchat,0b37074853e2be7c6c989492a9d36d14c437dedd27e0b809e60671cf6daa3504
27418,27/07/2017 09:12,Lecture & Tutorial,6a5dde7d0e490d90e354407f77108ce3ba0ed8dfda0760d576a7c3389b127f55
27419,27/07/2017 09:12,Lecture & Tutorial,6a5dde7d0e490d90e354407f77108ce3ba0ed8dfda0760d576a7c3389b127f55
27420,27/07/2017 09:12,Materials,0b37074853e2be7c6c989492a9d36d14c437dedd27e0b809e60671cf6daa3504
27421,27/07/2017 09:12,Lecture & Tutorial,0b37074853e2be7c6c989492a9d36d14c437dedd27e0b809e60671cf6daa3504
27422,27/07/2017 09:12,Lecture & Tutorial,6a5dde7d0e490d90e354407f77108ce3ba0ed8dfda0760d576a7c3389b127f55
27423,27/07/2017 09:11,Problem Solving,6f39c75f5ed7c93991f22a151f95b3652dca542ca3cf8354929dfa88ab10d822
27424,27/07/2017 09:11,MOOCchat,0b37074853e2be7c6c989492a9d36d14c437dedd27e0b809e60671cf6daa3504
27425,27/07/2017 09:11,Lecture & Tutorial,0b37074853e2be7c6c989492a9d36d14c437dedd27e0b809e60671cf6daa3504
27426,27/07/2017 09:11,Materials,0b37074853e2be7c6c989492a9d36d14c437dedd27e0b809e60671cf6daa3504
27427,27/07/2017 09:11,Problem Solving,6f39c75f5ed7c93991f22a151f95b3652dca542ca3cf8354929dfa88ab10d822
27428,27/07/2017 09:11,Problem Solving,f7e562dd4b0223ef44a3d988427feaf14b4c7d9db9044b16b1cc143c2b2dab4d
27429,27/07/2017 09:11,Problem Solving,f7e562dd4b0223ef44a3d988427feaf14b4c7d9db9044b16b1cc143c2b2dab4d
27430,27/07/2017 09:11,Problem Solving,f7e562dd4b0223ef44a3d988427feaf14b4c7d9db9044b16b1cc143c2b2dab4d
27431,27/07/2017 09:11,Lecture & Tutorial,f7e562dd4b0223ef44a3d988427feaf14b4c7d9db9044b16b1cc143c2b2dab4d
27432,27/07/2017 09:11,View Announcements,f7e562dd4b0223ef44a3d988427feaf14b4c7d9db9044b16b1cc143c2b2dab4d
27433,27/07/2017 09:11,Materials,0b37074853e2be7c6c989492a9d36d14c437dedd27e0b809e60671cf6daa3504
27434,27/07/2017 09:11,Assessment,0b37074853e2be7c6c989492a9d36d14c437dedd27e0b809e60671cf6daa3504
27435,27/07/2017 09:10,View Announcements,0b37074853e2be7c6c989492a9d36d14c437dedd27e0b809e60671cf6daa3504
27436,27/07/2017 09:10,Projects,e81e515d66670c06db447c87510593265cc17e93f5a68d1554d0753b0b818764
27437,27/07/2017 09:10,Lecture & Tutorial,e81e515d66670c06db447c87510593265cc17e93f5a68d1554d0753b0b818764
27438,27/07/2017 09:10,Projects,e81e515d66670c06db447c87510593265cc17e93f5a68d1554d0753b0b818764
27439,27/07/2017 09:09,Lecture & Tutorial,bae863a43a335fc015e72f161046e8b0cbfe8c82a311e3f847bfece74c6e39e2
27440,27/07/2017 09:09,Lecture & Tutorial,bae863a43a335fc015e72f161046e8b0cbfe8c82a311e3f847bfece74c6e39e2
27441,27/07/2017 09:09,Materials,850854bd80c24566bd3cf392ac6faad1f06457771ab8a2adb92aa47352fe4679
27442,27/07/2017 09:08,Lecture & Tutorial,0b37074853e2be7c6c989492a9d36d14c437dedd27e0b809e60671cf6daa3504
27443,27/07/2017 09:08,Lecture & Tutorial,0b37074853e2be7c6c989492a9d36d14c437dedd27e0b809e60671cf6daa3504
27444,27/07/2017 09:08,Lecture & Tutorial,350aaa5ffd76d0805ec258b130e15dcedcbf783a6ca8d5bfc6a2737cfa43e777
27445,27/07/2017 09:08,Lecture & Tutorial,350aaa5ffd76d0805ec258b130e15dcedcbf783a6ca8d5bfc6a2737cfa43e777
27446,27/07/2017 09:07,View Announcements,b5b2d07bf0984d5657d709857feffcdb78423851f429ca5969efddcb7b3ccca0
27447,27/07/2017 09:07,View Announcements,b5b2d07bf0984d5657d709857feffcdb78423851f429ca5969efddcb7b3ccca0
27448,27/07/2017 09:07,View Announcements,b5b2d07bf0984d5657d709857feffcdb78423851f429ca5969efddcb7b3ccca0
27449,27/07/2017 09:07,Projects,bec334f0a96557a55943e54adfd202ff052ab4f589bf35de3e270c3789c192c0
27450,27/07/2017 09:07,Projects,bec334f0a96557a55943e54adfd202ff052ab4f589bf35de3e270c3789c192c0
27451,27/07/2017 09:07,Projects,bec334f0a96557a55943e54adfd202ff052ab4f589bf35de3e270c3789c192c0
27452,27/07/2017 09:07,Assessment,bec334f0a96557a55943e54adfd202ff052ab4f589bf35de3e270c3789c192c0
27453,27/07/2017 09:06,View Announcements,bec334f0a96557a55943e54adfd202ff052ab4f589bf35de3e270c3789c192c0
27454,27/07/2017 09:06,Lecture & Tutorial,04b7cec99c3da9a7cf723a62854411e712cff8829e94c7979341eb55f4515972
27455,27/07/2017 09:05,Projects,98135cfcf3b1532957f9fc741b84f3eba169e8964de14ccd9120d16774f98775
27456,27/07/2017 09:05,Projects,98135cfcf3b1532957f9fc741b84f3eba169e8964de14ccd9120d16774f98775
27457,27/07/2017 09:05,Projects,98135cfcf3b1532957f9fc741b84f3eba169e8964de14ccd9120d16774f98775
27458,27/07/2017 09:05,Lecture & Tutorial,acd1fdfa5fa48b81543897bf891bb7655c2a22328edcc5616c4b5b00e3d126e0
27459,27/07/2017 09:05,Lecture & Tutorial,acd1fdfa5fa48b81543897bf891bb7655c2a22328edcc5616c4b5b00e3d126e0
27460,27/07/2017 09:05,Lecture & Tutorial,acd1fdfa5fa48b81543897bf891bb7655c2a22328edcc5616c4b5b00e3d126e0
27461,27/07/2017 09:05,Materials,850854bd80c24566bd3cf392ac6faad1f06457771ab8a2adb92aa47352fe4679
27462,27/07/2017 09:05,Lecture & Tutorial,850854bd80c24566bd3cf392ac6faad1f06457771ab8a2adb92aa47352fe4679
27463,27/07/2017 09:05,Materials,850854bd80c24566bd3cf392ac6faad1f06457771ab8a2adb92aa47352fe4679
27464,27/07/2017 09:05,Lecture & Tutorial,850854bd80c24566bd3cf392ac6faad1f06457771ab8a2adb92aa47352fe4679
27465,27/07/2017 09:05,Lecture & Tutorial,850854bd80c24566bd3cf392ac6faad1f06457771ab8a2adb92aa47352fe4679
27466,27/07/2017 09:05,Lecture & Tutorial,850854bd80c24566bd3cf392ac6faad1f06457771ab8a2adb92aa47352fe4679
27467,27/07/2017 09:05,Lecture & Tutorial,850854bd80c24566bd3cf392ac6faad1f06457771ab8a2adb92aa47352fe4679
27468,27/07/2017 09:05,Lecture & Tutorial,850854bd80c24566bd3cf392ac6faad1f06457771ab8a2adb92aa47352fe4679
27469,27/07/2017 09:05,Lecture & Tutorial,850854bd80c24566bd3cf392ac6faad1f06457771ab8a2adb92aa47352fe4679
27470,27/07/2017 09:05,Lecture & Tutorial,850854bd80c24566bd3cf392ac6faad1f06457771ab8a2adb92aa47352fe4679
27471,27/07/2017 09:05,Lecture & Tutorial,850854bd80c24566bd3cf392ac6faad1f06457771ab8a2adb92aa47352fe4679
27472,27/07/2017 09:05,Lecture & Tutorial,850854bd80c24566bd3cf392ac6faad1f06457771ab8a2adb92aa47352fe4679
27473,27/07/2017 09:05,Lecture & Tutorial,850854bd80c24566bd3cf392ac6faad1f06457771ab8a2adb92aa47352fe4679
27474,27/07/2017 09:05,Lecture & Tutorial,850854bd80c24566bd3cf392ac6faad1f06457771ab8a2adb92aa47352fe4679
27475,27/07/2017 09:05,Lecture & Tutorial,850854bd80c24566bd3cf392ac6faad1f06457771ab8a2adb92aa47352fe4679
27476,27/07/2017 09:05,Lecture & Tutorial,850854bd80c24566bd3cf392ac6faad1f06457771ab8a2adb92aa47352fe4679
27477,27/07/2017 09:05,Lecture & Tutorial,850854bd80c24566bd3cf392ac6faad1f06457771ab8a2adb92aa47352fe4679
27478,27/07/2017 09:05,Lecture & Tutorial,850854bd80c24566bd3cf392ac6faad1f06457771ab8a2adb92aa47352fe4679
27479,27/07/2017 09:05,Lecture & Tutorial,850854bd80c24566bd3cf392ac6faad1f06457771ab8a2adb92aa47352fe4679
27480,27/07/2017 09:04,Lecture & Tutorial,5118c010686e973890d5180d820bcc79f77eb5a7fb1cb79dbdb97d7101f99691
27481,27/07/2017 09:04,Lecture & Tutorial,5118c010686e973890d5180d820bcc79f77eb5a7fb1cb79dbdb97d7101f99691
27482,27/07/2017 09:03,Projects,31efe3e5c59052af2424fdb61418d6cfd1a2bf85607bc186ba85abbfee4d0399
27483,27/07/2017 09:03,Projects,31efe3e5c59052af2424fdb61418d6cfd1a2bf85607bc186ba85abbfee4d0399
27484,27/07/2017 09:03,Projects,31efe3e5c59052af2424fdb61418d6cfd1a2bf85607bc186ba85abbfee4d0399
27485,27/07/2017 09:03,Projects,31efe3e5c59052af2424fdb61418d6cfd1a2bf85607bc186ba85abbfee4d0399
27486,27/07/2017 09:03,Projects,31efe3e5c59052af2424fdb61418d6cfd1a2bf85607bc186ba85abbfee4d0399
27487,27/07/2017 09:02,Lecture & Tutorial,ad3f9dc298721e22e02f2846b17d599ab833e61363d42b6eabbf30c8ba2abcad
27488,27/07/2017 09:02,Lecture & Tutorial,ad3f9dc298721e22e02f2846b17d599ab833e61363d42b6eabbf30c8ba2abcad
27489,27/07/2017 09:02,Projects,31efe3e5c59052af2424fdb61418d6cfd1a2bf85607bc186ba85abbfee4d0399
27490,27/07/2017 09:02,Lecture & Tutorial,26936ce39af9ef4cd160dda38747ac7df8c6d6893c50a1c051af1e065895d728
27491,27/07/2017 09:02,Lecture & Tutorial,26936ce39af9ef4cd160dda38747ac7df8c6d6893c50a1c051af1e065895d728
27492,27/07/2017 09:02,View Announcements,05c52f8214648b37eae8ec1406d237b2c1627411a12dc6bb27a48cc639df6b0e
27493,27/07/2017 09:02,Lecture & Tutorial,05c52f8214648b37eae8ec1406d237b2c1627411a12dc6bb27a48cc639df6b0e
27494,27/07/2017 09:02,Lecture & Tutorial,05c52f8214648b37eae8ec1406d237b2c1627411a12dc6bb27a48cc639df6b0e
27495,27/07/2017 09:02,Lecture & Tutorial,05c52f8214648b37eae8ec1406d237b2c1627411a12dc6bb27a48cc639df6b0e
27496,27/07/2017 09:02,Lecture & Tutorial,05c52f8214648b37eae8ec1406d237b2c1627411a12dc6bb27a48cc639df6b0e
27497,27/07/2017 09:02,Lecture & Tutorial,05c52f8214648b37eae8ec1406d237b2c1627411a12dc6bb27a48cc639df6b0e
27498,27/07/2017 09:02,Lecture & Tutorial,05c52f8214648b37eae8ec1406d237b2c1627411a12dc6bb27a48cc639df6b0e
27499,27/07/2017 09:02,Lecture & Tutorial,05c52f8214648b37eae8ec1406d237b2c1627411a12dc6bb27a48cc639df6b0e
27500,27/07/2017 09:02,Lecture & Tutorial,05c52f8214648b37eae8ec1406d237b2c1627411a12dc6bb27a48cc639df6b0e
27501,27/07/2017 09:02,Lecture & Tutorial,05c52f8214648b37eae8ec1406d237b2c1627411a12dc6bb27a48cc639df6b0e
27502,27/07/2017 09:02,Lecture & Tutorial,05c52f8214648b37eae8ec1406d237b2c1627411a12dc6bb27a48cc639df6b0e
27503,27/07/2017 09:02,Lecture & Tutorial,05c52f8214648b37eae8ec1406d237b2c1627411a12dc6bb27a48cc639df6b0e
27504,27/07/2017 09:02,Lecture & Tutorial,05c52f8214648b37eae8ec1406d237b2c1627411a12dc6bb27a48cc639df6b0e
27505,27/07/2017 09:02,Lecture & Tutorial,05c52f8214648b37eae8ec1406d237b2c1627411a12dc6bb27a48cc639df6b0e
27506,27/07/2017 09:02,Lecture & Tutorial,05c52f8214648b37eae8ec1406d237b2c1627411a12dc6bb27a48cc639df6b0e
27507,27/07/2017 09:02,Lecture & Tutorial,05c52f8214648b37eae8ec1406d237b2c1627411a12dc6bb27a48cc639df6b0e
27508,27/07/2017 09:02,Lecture & Tutorial,05c52f8214648b37eae8ec1406d237b2c1627411a12dc6bb27a48cc639df6b0e
27509,27/07/2017 09:02,Projects,636c94f3d6839a43562873666d4cb677130b1cc8c2863f2449d19f55884a0e2b
27510,27/07/2017 09:01,Projects,636c94f3d6839a43562873666d4cb677130b1cc8c2863f2449d19f55884a0e2b
27511,27/07/2017 09:01,Projects,636c94f3d6839a43562873666d4cb677130b1cc8c2863f2449d19f55884a0e2b
27512,27/07/2017 09:01,Assessment,636c94f3d6839a43562873666d4cb677130b1cc8c2863f2449d19f55884a0e2b
27513,27/07/2017 09:01,Lecture & Tutorial,3017c5600365a0e0557826ea5f6e17fa96b8c361507f79e065a89ba576184d1a
27514,27/07/2017 09:01,Lecture & Tutorial,3017c5600365a0e0557826ea5f6e17fa96b8c361507f79e065a89ba576184d1a
27515,27/07/2017 09:01,Lecture & Tutorial,3017c5600365a0e0557826ea5f6e17fa96b8c361507f79e065a89ba576184d1a
27516,27/07/2017 09:01,View Announcements,636c94f3d6839a43562873666d4cb677130b1cc8c2863f2449d19f55884a0e2b
27517,27/07/2017 09:01,Lecture & Tutorial,4a00cb9716b48eca4fd984334247de25f2bd2378ea6d54710c009eb588d36a11
27518,27/07/2017 09:01,View Announcements,636c94f3d6839a43562873666d4cb677130b1cc8c2863f2449d19f55884a0e2b
27519,27/07/2017 09:01,Lecture & Tutorial,4a00cb9716b48eca4fd984334247de25f2bd2378ea6d54710c009eb588d36a11
27520,27/07/2017 09:01,Lecture & Tutorial,4a00cb9716b48eca4fd984334247de25f2bd2378ea6d54710c009eb588d36a11
27521,27/07/2017 09:01,Lecture & Tutorial,2df0b082d1fc0febd63605b16ea9eea79fb3cd574f00995676bce1ca254ed7ab
27522,27/07/2017 09:01,Lecture & Tutorial,2df0b082d1fc0febd63605b16ea9eea79fb3cd574f00995676bce1ca254ed7ab
27523,27/07/2017 09:01,Lecture & Tutorial,04b7cec99c3da9a7cf723a62854411e712cff8829e94c7979341eb55f4515972
27524,27/07/2017 09:01,Lecture & Tutorial,1c8e444947118f7c57d2597b66e82888233cdf7f6e85e3d4d0c1791727664569
27525,27/07/2017 09:01,Lecture & Tutorial,1c8e444947118f7c57d2597b66e82888233cdf7f6e85e3d4d0c1791727664569
27526,27/07/2017 09:00,Lecture & Tutorial,cbfa3198e1914f43d03d0c26e3a5aac2a545e2db0b81da99a4bc5e69e228219c
27527,27/07/2017 08:59,Projects,bae863a43a335fc015e72f161046e8b0cbfe8c82a311e3f847bfece74c6e39e2
27528,27/07/2017 08:59,Projects,3017c5600365a0e0557826ea5f6e17fa96b8c361507f79e065a89ba576184d1a
27529,27/07/2017 08:59,Lecture & Tutorial,3017c5600365a0e0557826ea5f6e17fa96b8c361507f79e065a89ba576184d1a
27530,27/07/2017 08:59,Projects,3017c5600365a0e0557826ea5f6e17fa96b8c361507f79e065a89ba576184d1a
27531,27/07/2017 08:58,Lecture & Tutorial,672b6fb6431e731c7cad9797d2425593616b49134335dfe09cff1fcbda59e433
27532,27/07/2017 08:58,Projects,672b6fb6431e731c7cad9797d2425593616b49134335dfe09cff1fcbda59e433
27533,27/07/2017 08:58,View Announcements,672b6fb6431e731c7cad9797d2425593616b49134335dfe09cff1fcbda59e433
27534,27/07/2017 08:58,View Announcements,c0d50bd815954a4482302ac146d7b9a02ae3998a2e825a2e00ef331c8764a0b6
27535,27/07/2017 08:58,View Announcements,c0d50bd815954a4482302ac146d7b9a02ae3998a2e825a2e00ef331c8764a0b6
27536,27/07/2017 08:58,Lecture & Tutorial,c0d50bd815954a4482302ac146d7b9a02ae3998a2e825a2e00ef331c8764a0b6
27537,27/07/2017 08:58,View Announcements,636c94f3d6839a43562873666d4cb677130b1cc8c2863f2449d19f55884a0e2b
27538,27/07/2017 08:58,Lecture & Tutorial,c0d50bd815954a4482302ac146d7b9a02ae3998a2e825a2e00ef331c8764a0b6
27539,27/07/2017 08:58,View Announcements,c0d50bd815954a4482302ac146d7b9a02ae3998a2e825a2e00ef331c8764a0b6
27540,27/07/2017 08:57,View Announcements,f75897248b0fac8423fca4044d9bf92e156aee14ca42e2319f1082306c3e989b
27541,27/07/2017 08:56,View Announcements,7e787cba2369fa58bc7d53623227fc1efde4dbfda166b0fbb39670d31eccd7be
27542,27/07/2017 08:55,Lecture & Tutorial,bf8d090eef21d7f21a7968fda37caeaad9b09f6eb45c5f18469c3736a83035d7
27543,27/07/2017 08:55,Lecture & Tutorial,bf8d090eef21d7f21a7968fda37caeaad9b09f6eb45c5f18469c3736a83035d7
27544,27/07/2017 08:55,Projects,515cbeeb06f13b92f091a9eb80ff12d24d92863957a357eaf4f2200f8a8e983b
27545,27/07/2017 08:55,Projects,515cbeeb06f13b92f091a9eb80ff12d24d92863957a357eaf4f2200f8a8e983b
27546,27/07/2017 08:55,Lecture & Tutorial,515cbeeb06f13b92f091a9eb80ff12d24d92863957a357eaf4f2200f8a8e983b
27547,27/07/2017 08:55,Projects,515cbeeb06f13b92f091a9eb80ff12d24d92863957a357eaf4f2200f8a8e983b
27548,27/07/2017 08:54,Lecture & Tutorial,bd4f760cc29d656f5f56d8ca629c339c4e4f2846bbe3bdd84855700e0655207c
27549,27/07/2017 08:54,Lecture & Tutorial,bd4f760cc29d656f5f56d8ca629c339c4e4f2846bbe3bdd84855700e0655207c
27550,27/07/2017 08:54,Projects,04b7cec99c3da9a7cf723a62854411e712cff8829e94c7979341eb55f4515972
27551,27/07/2017 08:54,Projects,04b7cec99c3da9a7cf723a62854411e712cff8829e94c7979341eb55f4515972
27552,27/07/2017 08:54,Lecture & Tutorial,04b7cec99c3da9a7cf723a62854411e712cff8829e94c7979341eb55f4515972
27553,27/07/2017 08:54,Instruction file,04b7cec99c3da9a7cf723a62854411e712cff8829e94c7979341eb55f4515972
27554,27/07/2017 08:54,Lecture & Tutorial,04b7cec99c3da9a7cf723a62854411e712cff8829e94c7979341eb55f4515972
27555,27/07/2017 08:54,Projects,7e787cba2369fa58bc7d53623227fc1efde4dbfda166b0fbb39670d31eccd7be
27556,27/07/2017 08:54,Projects,7e787cba2369fa58bc7d53623227fc1efde4dbfda166b0fbb39670d31eccd7be
27557,27/07/2017 08:53,Projects,6efccd769e86d612adad7ef559ea350a90ab0787df58e215af2e40934254ebeb
27558,27/07/2017 08:53,Projects,6efccd769e86d612adad7ef559ea350a90ab0787df58e215af2e40934254ebeb
27559,27/07/2017 08:53,Projects,6efccd769e86d612adad7ef559ea350a90ab0787df58e215af2e40934254ebeb
27560,27/07/2017 08:53,Projects,4a00cb9716b48eca4fd984334247de25f2bd2378ea6d54710c009eb588d36a11
27561,27/07/2017 08:53,Projects,51701d0670e884a8c231a48270d545fd6b6624aad7becfc113f586784fa13ca0
27562,27/07/2017 08:53,Projects,6efccd769e86d612adad7ef559ea350a90ab0787df58e215af2e40934254ebeb
27563,27/07/2017 08:53,Lecture & Tutorial,51701d0670e884a8c231a48270d545fd6b6624aad7becfc113f586784fa13ca0
27564,27/07/2017 08:53,Projects,51701d0670e884a8c231a48270d545fd6b6624aad7becfc113f586784fa13ca0
27565,27/07/2017 08:52,Projects,5118c010686e973890d5180d820bcc79f77eb5a7fb1cb79dbdb97d7101f99691
27566,27/07/2017 08:52,Lecture & Tutorial,e3c38788094fb5d511d9dee9a05afea67d38a2e283e98ac465c4a059ecae274b
27567,27/07/2017 08:52,Lecture & Tutorial,e3c38788094fb5d511d9dee9a05afea67d38a2e283e98ac465c4a059ecae274b
27568,27/07/2017 08:51,Lecture & Tutorial,e3c38788094fb5d511d9dee9a05afea67d38a2e283e98ac465c4a059ecae274b
27569,27/07/2017 08:51,Lecture & Tutorial,e3c38788094fb5d511d9dee9a05afea67d38a2e283e98ac465c4a059ecae274b
27570,27/07/2017 08:51,Lecture & Tutorial,b95da52c718b804d7d41871275e1787bdc4fb7dd094fab70f98c09ed702aa17d
27571,27/07/2017 08:51,Assessment,f7e562dd4b0223ef44a3d988427feaf14b4c7d9db9044b16b1cc143c2b2dab4d
27572,27/07/2017 08:51,View Announcements,f7e562dd4b0223ef44a3d988427feaf14b4c7d9db9044b16b1cc143c2b2dab4d
27573,27/07/2017 08:50,Projects,04b7cec99c3da9a7cf723a62854411e712cff8829e94c7979341eb55f4515972
27574,27/07/2017 08:50,Projects,04b7cec99c3da9a7cf723a62854411e712cff8829e94c7979341eb55f4515972
27575,27/07/2017 08:50,Projects,7e787cba2369fa58bc7d53623227fc1efde4dbfda166b0fbb39670d31eccd7be
27576,27/07/2017 08:50,Projects,7e787cba2369fa58bc7d53623227fc1efde4dbfda166b0fbb39670d31eccd7be
27577,27/07/2017 08:50,Lecture & Tutorial,7e787cba2369fa58bc7d53623227fc1efde4dbfda166b0fbb39670d31eccd7be
27578,27/07/2017 08:50,Projects,04b7cec99c3da9a7cf723a62854411e712cff8829e94c7979341eb55f4515972
27579,27/07/2017 08:50,Lecture & Tutorial,04b7cec99c3da9a7cf723a62854411e712cff8829e94c7979341eb55f4515972
27580,27/07/2017 08:50,Projects,04b7cec99c3da9a7cf723a62854411e712cff8829e94c7979341eb55f4515972
27581,27/07/2017 08:49,Lecture & Tutorial,2e89e656cc69da3b00738ba51f4aff0f697bbd071c1205dc52b7c659622fd788
27582,27/07/2017 08:49,Lecture & Tutorial,2e89e656cc69da3b00738ba51f4aff0f697bbd071c1205dc52b7c659622fd788
27583,27/07/2017 08:49,Lecture & Tutorial,2e89e656cc69da3b00738ba51f4aff0f697bbd071c1205dc52b7c659622fd788
27584,27/07/2017 08:49,Lecture & Tutorial,2e89e656cc69da3b00738ba51f4aff0f697bbd071c1205dc52b7c659622fd788
27585,27/07/2017 08:48,Lecture & Tutorial,807d7bdd4ad551a53fe59138acfc0e78aed417b520f0287e7ced4ffdd0df8f79
27586,27/07/2017 08:48,Lecture & Tutorial,807d7bdd4ad551a53fe59138acfc0e78aed417b520f0287e7ced4ffdd0df8f79
27587,27/07/2017 08:47,Lecture & Tutorial,35e52143d3e96ffa418c9d54bb266b1a9f55fbc20b5ef102191831c9b0537791
27588,27/07/2017 08:47,Lecture & Tutorial,35e52143d3e96ffa418c9d54bb266b1a9f55fbc20b5ef102191831c9b0537791
27589,27/07/2017 08:47,Projects,98135cfcf3b1532957f9fc741b84f3eba169e8964de14ccd9120d16774f98775
27590,27/07/2017 08:47,Projects,98135cfcf3b1532957f9fc741b84f3eba169e8964de14ccd9120d16774f98775
27591,27/07/2017 08:47,Assessment,98135cfcf3b1532957f9fc741b84f3eba169e8964de14ccd9120d16774f98775
27592,27/07/2017 08:47,Lecture & Tutorial,ae4689ba9f8a42a1fdf7e9dace2f2a87a81ca71239b8175b46575dba7af188ec
27593,27/07/2017 08:47,Lecture & Tutorial,ae4689ba9f8a42a1fdf7e9dace2f2a87a81ca71239b8175b46575dba7af188ec
27594,27/07/2017 08:47,View Announcements,98135cfcf3b1532957f9fc741b84f3eba169e8964de14ccd9120d16774f98775
27595,27/07/2017 08:47,Problem Solving,6f39c75f5ed7c93991f22a151f95b3652dca542ca3cf8354929dfa88ab10d822
27596,27/07/2017 08:46,Lecture & Tutorial,98135cfcf3b1532957f9fc741b84f3eba169e8964de14ccd9120d16774f98775
27597,27/07/2017 08:46,Lecture & Tutorial,98135cfcf3b1532957f9fc741b84f3eba169e8964de14ccd9120d16774f98775
27598,27/07/2017 08:46,Lecture & Tutorial,98135cfcf3b1532957f9fc741b84f3eba169e8964de14ccd9120d16774f98775
27599,27/07/2017 08:46,Lecture & Tutorial,98135cfcf3b1532957f9fc741b84f3eba169e8964de14ccd9120d16774f98775
27600,27/07/2017 08:46,Lecture & Tutorial,98135cfcf3b1532957f9fc741b84f3eba169e8964de14ccd9120d16774f98775
27601,27/07/2017 08:46,Lecture & Tutorial,98135cfcf3b1532957f9fc741b84f3eba169e8964de14ccd9120d16774f98775
27602,27/07/2017 08:46,Lecture & Tutorial,98135cfcf3b1532957f9fc741b84f3eba169e8964de14ccd9120d16774f98775
27603,27/07/2017 08:46,Lecture & Tutorial,98135cfcf3b1532957f9fc741b84f3eba169e8964de14ccd9120d16774f98775
27604,27/07/2017 08:46,Lecture & Tutorial,98135cfcf3b1532957f9fc741b84f3eba169e8964de14ccd9120d16774f98775
27605,27/07/2017 08:46,Lecture & Tutorial,98135cfcf3b1532957f9fc741b84f3eba169e8964de14ccd9120d16774f98775
27606,27/07/2017 08:46,Lecture & Tutorial,98135cfcf3b1532957f9fc741b84f3eba169e8964de14ccd9120d16774f98775
27607,27/07/2017 08:46,Lecture & Tutorial,98135cfcf3b1532957f9fc741b84f3eba169e8964de14ccd9120d16774f98775
27608,27/07/2017 08:46,Lecture & Tutorial,98135cfcf3b1532957f9fc741b84f3eba169e8964de14ccd9120d16774f98775
27609,27/07/2017 08:46,Lecture & Tutorial,98135cfcf3b1532957f9fc741b84f3eba169e8964de14ccd9120d16774f98775
27610,27/07/2017 08:46,Lecture & Tutorial,98135cfcf3b1532957f9fc741b84f3eba169e8964de14ccd9120d16774f98775
27611,27/07/2017 08:46,Lecture & Tutorial,98135cfcf3b1532957f9fc741b84f3eba169e8964de14ccd9120d16774f98775
27612,27/07/2017 08:46,Lecture & Tutorial,98135cfcf3b1532957f9fc741b84f3eba169e8964de14ccd9120d16774f98775
27613,27/07/2017 08:46,Lecture & Tutorial,98135cfcf3b1532957f9fc741b84f3eba169e8964de14ccd9120d16774f98775
27614,27/07/2017 08:46,Projects,e8448fcccf61199cd4ab6a99790f72876fe5f9dd404456c94846956fc339c4d5
27615,27/07/2017 08:46,View Announcements,98135cfcf3b1532957f9fc741b84f3eba169e8964de14ccd9120d16774f98775
27616,27/07/2017 08:46,Projects,98135cfcf3b1532957f9fc741b84f3eba169e8964de14ccd9120d16774f98775
27617,27/07/2017 08:46,Assessment,e8448fcccf61199cd4ab6a99790f72876fe5f9dd404456c94846956fc339c4d5
27618,27/07/2017 08:46,View Announcements,e8448fcccf61199cd4ab6a99790f72876fe5f9dd404456c94846956fc339c4d5
27619,27/07/2017 08:45,Projects,8cd90b82a78437f04c9cd32f3b64fc5fc0392895d151c33539dbe17516a9a940
27620,27/07/2017 08:45,Lecture & Tutorial,8f016c725063a616068e50b7e2e47838f6c5ae595d2d860f4f65bf8bb75bd899
27621,27/07/2017 08:45,Lecture & Tutorial,8f016c725063a616068e50b7e2e47838f6c5ae595d2d860f4f65bf8bb75bd899
27622,27/07/2017 08:44,Lecture & Tutorial,8cd90b82a78437f04c9cd32f3b64fc5fc0392895d151c33539dbe17516a9a940
27623,27/07/2017 08:44,Projects,8cd90b82a78437f04c9cd32f3b64fc5fc0392895d151c33539dbe17516a9a940
27624,27/07/2017 08:44,Lecture & Tutorial,98135cfcf3b1532957f9fc741b84f3eba169e8964de14ccd9120d16774f98775
27625,27/07/2017 08:44,Lecture & Tutorial,98135cfcf3b1532957f9fc741b84f3eba169e8964de14ccd9120d16774f98775
27626,27/07/2017 08:44,Question & Help,98135cfcf3b1532957f9fc741b84f3eba169e8964de14ccd9120d16774f98775
27627,27/07/2017 08:44,Question & Help,98135cfcf3b1532957f9fc741b84f3eba169e8964de14ccd9120d16774f98775
27628,27/07/2017 08:44,Lecture & Tutorial,49c0f9d6fee4a9f180d69926097eb6a367249c3d012b4bd725db790a2f900d93
27629,27/07/2017 08:44,Lecture & Tutorial,49c0f9d6fee4a9f180d69926097eb6a367249c3d012b4bd725db790a2f900d93
27630,27/07/2017 08:44,Lecture & Tutorial,cbfa3198e1914f43d03d0c26e3a5aac2a545e2db0b81da99a4bc5e69e228219c
27631,27/07/2017 08:44,Lecture & Tutorial,cbfa3198e1914f43d03d0c26e3a5aac2a545e2db0b81da99a4bc5e69e228219c
27632,27/07/2017 08:44,Lecture & Tutorial,ee2fc1c93b2ffcf616f3ab7ad71175ecd0119f5fd736efa615721e4dca9fa590
27633,27/07/2017 08:44,Lecture & Tutorial,ee2fc1c93b2ffcf616f3ab7ad71175ecd0119f5fd736efa615721e4dca9fa590
27634,27/07/2017 08:44,Projects,51701d0670e884a8c231a48270d545fd6b6624aad7becfc113f586784fa13ca0
27635,27/07/2017 08:44,Lecture & Tutorial,f699948eb13854964eeeb88b7f268550b43bd3d8e9d10fdaf75ddb222c5087a6
27636,27/07/2017 08:44,Lecture & Tutorial,f699948eb13854964eeeb88b7f268550b43bd3d8e9d10fdaf75ddb222c5087a6
27637,27/07/2017 08:44,Projects,98135cfcf3b1532957f9fc741b84f3eba169e8964de14ccd9120d16774f98775
27638,27/07/2017 08:44,Projects,98135cfcf3b1532957f9fc741b84f3eba169e8964de14ccd9120d16774f98775
27639,27/07/2017 08:43,View Announcements,98135cfcf3b1532957f9fc741b84f3eba169e8964de14ccd9120d16774f98775
27640,27/07/2017 08:43,Projects,98135cfcf3b1532957f9fc741b84f3eba169e8964de14ccd9120d16774f98775
27641,27/07/2017 08:43,Projects,3e04a61a7f23681b1871c146f200ba43bf63b679a162a71b80c71b1ae90c4bc9
27642,27/07/2017 08:43,Lecture & Tutorial,3e04a61a7f23681b1871c146f200ba43bf63b679a162a71b80c71b1ae90c4bc9
27643,27/07/2017 08:43,Projects,3e04a61a7f23681b1871c146f200ba43bf63b679a162a71b80c71b1ae90c4bc9
27644,27/07/2017 08:43,Assessment,d451f443a0ed3f34e5336ac3ad20dbf21a287d79845cdd185b8ab1e9e3bf4cf0
27645,27/07/2017 08:43,Assessment,d451f443a0ed3f34e5336ac3ad20dbf21a287d79845cdd185b8ab1e9e3bf4cf0
27646,27/07/2017 08:43,View Announcements,d451f443a0ed3f34e5336ac3ad20dbf21a287d79845cdd185b8ab1e9e3bf4cf0
27647,27/07/2017 08:43,Projects,51701d0670e884a8c231a48270d545fd6b6624aad7becfc113f586784fa13ca0
27648,27/07/2017 08:43,Assessment,d451f443a0ed3f34e5336ac3ad20dbf21a287d79845cdd185b8ab1e9e3bf4cf0
27649,27/07/2017 08:42,View Announcements,8cd90b82a78437f04c9cd32f3b64fc5fc0392895d151c33539dbe17516a9a940
27650,27/07/2017 08:42,Projects,1c8e444947118f7c57d2597b66e82888233cdf7f6e85e3d4d0c1791727664569
27651,27/07/2017 08:42,Projects,aeb7738716afea373b0e6c7bb8c95e109392e37cca88c46d59c551576a73030b
27652,27/07/2017 08:42,View Announcements,d451f443a0ed3f34e5336ac3ad20dbf21a287d79845cdd185b8ab1e9e3bf4cf0
27653,27/07/2017 08:42,Assessment,d451f443a0ed3f34e5336ac3ad20dbf21a287d79845cdd185b8ab1e9e3bf4cf0
27654,27/07/2017 08:42,Projects,ee2fc1c93b2ffcf616f3ab7ad71175ecd0119f5fd736efa615721e4dca9fa590
27655,27/07/2017 08:42,Lecture & Tutorial,ee2fc1c93b2ffcf616f3ab7ad71175ecd0119f5fd736efa615721e4dca9fa590
27656,27/07/2017 08:42,Projects,ee2fc1c93b2ffcf616f3ab7ad71175ecd0119f5fd736efa615721e4dca9fa590
27657,27/07/2017 08:42,Projects,cbfa3198e1914f43d03d0c26e3a5aac2a545e2db0b81da99a4bc5e69e228219c
27658,27/07/2017 08:42,Projects,aeb7738716afea373b0e6c7bb8c95e109392e37cca88c46d59c551576a73030b
27659,27/07/2017 08:42,Projects,d451f443a0ed3f34e5336ac3ad20dbf21a287d79845cdd185b8ab1e9e3bf4cf0
27660,27/07/2017 08:42,Assessment,d451f443a0ed3f34e5336ac3ad20dbf21a287d79845cdd185b8ab1e9e3bf4cf0
27661,27/07/2017 08:42,View Announcements,d451f443a0ed3f34e5336ac3ad20dbf21a287d79845cdd185b8ab1e9e3bf4cf0
27662,27/07/2017 08:42,Projects,70de97cbcd227808cf5e8ad6ea901b1734819e46e735a16ac20883bd065bebf4
27663,27/07/2017 08:42,Projects,49c0f9d6fee4a9f180d69926097eb6a367249c3d012b4bd725db790a2f900d93
27664,27/07/2017 08:42,Projects,636c94f3d6839a43562873666d4cb677130b1cc8c2863f2449d19f55884a0e2b
27665,27/07/2017 08:42,Lecture & Tutorial,70de97cbcd227808cf5e8ad6ea901b1734819e46e735a16ac20883bd065bebf4
27666,27/07/2017 08:42,Projects,2df0b082d1fc0febd63605b16ea9eea79fb3cd574f00995676bce1ca254ed7ab
27667,27/07/2017 08:42,Projects,70de97cbcd227808cf5e8ad6ea901b1734819e46e735a16ac20883bd065bebf4
27668,27/07/2017 08:42,Projects,dbff3edfd982c954f57901a95d324b3d57c6924493423fab3321bed6be6165fb
27669,27/07/2017 08:42,Projects,2df0b082d1fc0febd63605b16ea9eea79fb3cd574f00995676bce1ca254ed7ab
27670,27/07/2017 08:42,Lecture & Tutorial,2df0b082d1fc0febd63605b16ea9eea79fb3cd574f00995676bce1ca254ed7ab
27671,27/07/2017 08:42,Projects,ee2fc1c93b2ffcf616f3ab7ad71175ecd0119f5fd736efa615721e4dca9fa590
27672,27/07/2017 08:41,Projects,26936ce39af9ef4cd160dda38747ac7df8c6d6893c50a1c051af1e065895d728
27673,27/07/2017 08:41,Projects,31efe3e5c59052af2424fdb61418d6cfd1a2bf85607bc186ba85abbfee4d0399
27674,27/07/2017 08:41,Projects,80ca64991e8a31ba25df4825ecd37a4c9bf07746b0f96d2517e726a37233c336
27675,27/07/2017 08:41,Projects,2df0b082d1fc0febd63605b16ea9eea79fb3cd574f00995676bce1ca254ed7ab
27676,27/07/2017 08:41,Projects,d451f443a0ed3f34e5336ac3ad20dbf21a287d79845cdd185b8ab1e9e3bf4cf0
27677,27/07/2017 08:41,Projects,d451f443a0ed3f34e5336ac3ad20dbf21a287d79845cdd185b8ab1e9e3bf4cf0
27678,27/07/2017 08:41,Assessment,d451f443a0ed3f34e5336ac3ad20dbf21a287d79845cdd185b8ab1e9e3bf4cf0
27679,27/07/2017 08:41,View Announcements,d451f443a0ed3f34e5336ac3ad20dbf21a287d79845cdd185b8ab1e9e3bf4cf0
27680,27/07/2017 08:41,Projects,6a5dde7d0e490d90e354407f77108ce3ba0ed8dfda0760d576a7c3389b127f55
27681,27/07/2017 08:41,Projects,acd1fdfa5fa48b81543897bf891bb7655c2a22328edcc5616c4b5b00e3d126e0
27682,27/07/2017 08:41,Materials,d451f443a0ed3f34e5336ac3ad20dbf21a287d79845cdd185b8ab1e9e3bf4cf0
27683,27/07/2017 08:41,Problem Solving,6f39c75f5ed7c93991f22a151f95b3652dca542ca3cf8354929dfa88ab10d822
27684,27/07/2017 08:41,Problem Solving,6f39c75f5ed7c93991f22a151f95b3652dca542ca3cf8354929dfa88ab10d822
27685,27/07/2017 08:41,Lecture & Tutorial,6f39c75f5ed7c93991f22a151f95b3652dca542ca3cf8354929dfa88ab10d822
27686,27/07/2017 08:41,Problem Solving,6f39c75f5ed7c93991f22a151f95b3652dca542ca3cf8354929dfa88ab10d822
27687,27/07/2017 08:41,Projects,c231590f7844593c994a2fc4b91c90c6ab8ec68567b53a1c27794e3ee1321ad2
27688,27/07/2017 08:40,Projects,6efccd769e86d612adad7ef559ea350a90ab0787df58e215af2e40934254ebeb
27689,27/07/2017 08:40,Projects,ae4689ba9f8a42a1fdf7e9dace2f2a87a81ca71239b8175b46575dba7af188ec
27690,27/07/2017 08:40,Lecture & Tutorial,6efccd769e86d612adad7ef559ea350a90ab0787df58e215af2e40934254ebeb
27691,27/07/2017 08:40,Projects,b5b2d07bf0984d5657d709857feffcdb78423851f429ca5969efddcb7b3ccca0
27692,27/07/2017 08:40,Lecture & Tutorial,6efccd769e86d612adad7ef559ea350a90ab0787df58e215af2e40934254ebeb
27693,27/07/2017 08:40,Lecture & Tutorial,6efccd769e86d612adad7ef559ea350a90ab0787df58e215af2e40934254ebeb
27694,27/07/2017 08:40,Lecture & Tutorial,6efccd769e86d612adad7ef559ea350a90ab0787df58e215af2e40934254ebeb
27695,27/07/2017 08:40,Projects,6efccd769e86d612adad7ef559ea350a90ab0787df58e215af2e40934254ebeb
27696,27/07/2017 08:40,Projects,ae4689ba9f8a42a1fdf7e9dace2f2a87a81ca71239b8175b46575dba7af188ec
27697,27/07/2017 08:40,Projects,5201c0ae3e9cbcfe3e312e9ca0a836863fb7a1a161e4a6cc1d803dc93ae08847
27698,27/07/2017 08:39,Projects,c0d50bd815954a4482302ac146d7b9a02ae3998a2e825a2e00ef331c8764a0b6
27699,27/07/2017 08:39,View Announcements,bf8d090eef21d7f21a7968fda37caeaad9b09f6eb45c5f18469c3736a83035d7
27700,27/07/2017 08:38,Lecture & Tutorial,b95da52c718b804d7d41871275e1787bdc4fb7dd094fab70f98c09ed702aa17d
27701,27/07/2017 08:38,Lecture & Tutorial,b95da52c718b804d7d41871275e1787bdc4fb7dd094fab70f98c09ed702aa17d
27702,27/07/2017 08:38,Lecture & Tutorial,1cd5ae642fde5efa0acd913e7233d30f1ae2b537a951d4fef28d037e15cf41bd
27703,27/07/2017 08:38,Lecture & Tutorial,1cd5ae642fde5efa0acd913e7233d30f1ae2b537a951d4fef28d037e15cf41bd
27704,27/07/2017 08:38,View Announcements,1cd5ae642fde5efa0acd913e7233d30f1ae2b537a951d4fef28d037e15cf41bd
27705,27/07/2017 08:38,Lecture & Tutorial,1cd5ae642fde5efa0acd913e7233d30f1ae2b537a951d4fef28d037e15cf41bd
27706,27/07/2017 08:38,View Announcements,1cd5ae642fde5efa0acd913e7233d30f1ae2b537a951d4fef28d037e15cf41bd
27707,27/07/2017 08:38,Projects,f699948eb13854964eeeb88b7f268550b43bd3d8e9d10fdaf75ddb222c5087a6
27708,27/07/2017 08:37,Projects,f699948eb13854964eeeb88b7f268550b43bd3d8e9d10fdaf75ddb222c5087a6
27709,27/07/2017 08:37,Projects,f699948eb13854964eeeb88b7f268550b43bd3d8e9d10fdaf75ddb222c5087a6
27710,27/07/2017 08:37,Lecture & Tutorial,aae15ec05c8972538c0acd5736a571650849ef4e8f69f94bcb33beb73fd918ca
27711,27/07/2017 08:37,Lecture & Tutorial,aae15ec05c8972538c0acd5736a571650849ef4e8f69f94bcb33beb73fd918ca
27712,27/07/2017 08:37,Lecture & Tutorial,aae15ec05c8972538c0acd5736a571650849ef4e8f69f94bcb33beb73fd918ca
27713,27/07/2017 08:37,Projects,f699948eb13854964eeeb88b7f268550b43bd3d8e9d10fdaf75ddb222c5087a6
27714,27/07/2017 08:37,Projects,aae15ec05c8972538c0acd5736a571650849ef4e8f69f94bcb33beb73fd918ca
27715,27/07/2017 08:37,Projects,1cd5ae642fde5efa0acd913e7233d30f1ae2b537a951d4fef28d037e15cf41bd
27716,27/07/2017 08:37,Lecture & Tutorial,1cd5ae642fde5efa0acd913e7233d30f1ae2b537a951d4fef28d037e15cf41bd
27717,27/07/2017 08:37,Projects,1cd5ae642fde5efa0acd913e7233d30f1ae2b537a951d4fef28d037e15cf41bd
27718,27/07/2017 08:36,Lecture & Tutorial,04b7cec99c3da9a7cf723a62854411e712cff8829e94c7979341eb55f4515972
27719,27/07/2017 08:36,Projects,31efe3e5c59052af2424fdb61418d6cfd1a2bf85607bc186ba85abbfee4d0399
27720,27/07/2017 08:36,Lecture & Tutorial,31efe3e5c59052af2424fdb61418d6cfd1a2bf85607bc186ba85abbfee4d0399
27721,27/07/2017 08:36,Projects,31efe3e5c59052af2424fdb61418d6cfd1a2bf85607bc186ba85abbfee4d0399
27722,27/07/2017 08:36,Projects,04b7cec99c3da9a7cf723a62854411e712cff8829e94c7979341eb55f4515972
27723,27/07/2017 08:36,Projects,04b7cec99c3da9a7cf723a62854411e712cff8829e94c7979341eb55f4515972
27724,27/07/2017 08:36,Lecture & Tutorial,7e787cba2369fa58bc7d53623227fc1efde4dbfda166b0fbb39670d31eccd7be
27725,27/07/2017 08:36,Projects,04b7cec99c3da9a7cf723a62854411e712cff8829e94c7979341eb55f4515972
27726,27/07/2017 08:36,Lecture & Tutorial,7e787cba2369fa58bc7d53623227fc1efde4dbfda166b0fbb39670d31eccd7be
27727,27/07/2017 08:36,Lecture & Tutorial,7e787cba2369fa58bc7d53623227fc1efde4dbfda166b0fbb39670d31eccd7be
27728,27/07/2017 08:36,Projects,04b7cec99c3da9a7cf723a62854411e712cff8829e94c7979341eb55f4515972
27729,27/07/2017 08:35,Projects,7e787cba2369fa58bc7d53623227fc1efde4dbfda166b0fbb39670d31eccd7be
27730,27/07/2017 08:35,Projects,7e787cba2369fa58bc7d53623227fc1efde4dbfda166b0fbb39670d31eccd7be
27731,27/07/2017 08:35,Projects,7e787cba2369fa58bc7d53623227fc1efde4dbfda166b0fbb39670d31eccd7be
27732,27/07/2017 08:35,Projects,1cd5ae642fde5efa0acd913e7233d30f1ae2b537a951d4fef28d037e15cf41bd
27733,27/07/2017 08:34,Lecture & Tutorial,8cd90b82a78437f04c9cd32f3b64fc5fc0392895d151c33539dbe17516a9a940
27734,27/07/2017 08:34,Lecture & Tutorial,8cd90b82a78437f04c9cd32f3b64fc5fc0392895d151c33539dbe17516a9a940
27735,27/07/2017 08:34,Lecture & Tutorial,8cd90b82a78437f04c9cd32f3b64fc5fc0392895d151c33539dbe17516a9a940
27736,27/07/2017 08:34,Lecture & Tutorial,8cd90b82a78437f04c9cd32f3b64fc5fc0392895d151c33539dbe17516a9a940
27737,27/07/2017 08:34,Lecture & Tutorial,8cd90b82a78437f04c9cd32f3b64fc5fc0392895d151c33539dbe17516a9a940
27738,27/07/2017 08:34,Lecture & Tutorial,8cd90b82a78437f04c9cd32f3b64fc5fc0392895d151c33539dbe17516a9a940
27739,27/07/2017 08:34,Projects,98135cfcf3b1532957f9fc741b84f3eba169e8964de14ccd9120d16774f98775
27740,27/07/2017 08:34,Lecture & Tutorial,98135cfcf3b1532957f9fc741b84f3eba169e8964de14ccd9120d16774f98775
27741,27/07/2017 08:34,Lecture & Tutorial,8cd90b82a78437f04c9cd32f3b64fc5fc0392895d151c33539dbe17516a9a940
27742,27/07/2017 08:34,Lecture & Tutorial,8cd90b82a78437f04c9cd32f3b64fc5fc0392895d151c33539dbe17516a9a940
27743,27/07/2017 08:34,Lecture & Tutorial,8cd90b82a78437f04c9cd32f3b64fc5fc0392895d151c33539dbe17516a9a940
27744,27/07/2017 08:34,Lecture & Tutorial,98135cfcf3b1532957f9fc741b84f3eba169e8964de14ccd9120d16774f98775
27745,27/07/2017 08:34,Lecture & Tutorial,98135cfcf3b1532957f9fc741b84f3eba169e8964de14ccd9120d16774f98775
27746,27/07/2017 08:33,Projects,350aaa5ffd76d0805ec258b130e15dcedcbf783a6ca8d5bfc6a2737cfa43e777
27747,27/07/2017 08:33,Projects,350aaa5ffd76d0805ec258b130e15dcedcbf783a6ca8d5bfc6a2737cfa43e777
27748,27/07/2017 08:33,Lecture & Tutorial,350aaa5ffd76d0805ec258b130e15dcedcbf783a6ca8d5bfc6a2737cfa43e777
27749,27/07/2017 08:33,View Announcements,350aaa5ffd76d0805ec258b130e15dcedcbf783a6ca8d5bfc6a2737cfa43e777
27750,27/07/2017 08:33,Materials,2c265cf741dde06fe65737b5bb56e5f984bf3c309e515ccce24bef11976268c2
27751,27/07/2017 08:33,Projects,bec334f0a96557a55943e54adfd202ff052ab4f589bf35de3e270c3789c192c0
27752,27/07/2017 08:33,Projects,bec334f0a96557a55943e54adfd202ff052ab4f589bf35de3e270c3789c192c0
27753,27/07/2017 08:33,Projects,6a70a82eba32ff1e6dc41ee2d986a2ac2e0c242d88e6523441ea801d7a5fd3b5
27754,27/07/2017 08:33,Projects,6a70a82eba32ff1e6dc41ee2d986a2ac2e0c242d88e6523441ea801d7a5fd3b5
27755,27/07/2017 08:33,Projects,bec334f0a96557a55943e54adfd202ff052ab4f589bf35de3e270c3789c192c0
27756,27/07/2017 08:33,Materials,2c265cf741dde06fe65737b5bb56e5f984bf3c309e515ccce24bef11976268c2
27757,27/07/2017 08:33,Lecture & Tutorial,bec334f0a96557a55943e54adfd202ff052ab4f589bf35de3e270c3789c192c0
27758,27/07/2017 08:33,Lecture & Tutorial,6a70a82eba32ff1e6dc41ee2d986a2ac2e0c242d88e6523441ea801d7a5fd3b5
27759,27/07/2017 08:33,Materials,2c265cf741dde06fe65737b5bb56e5f984bf3c309e515ccce24bef11976268c2
27760,27/07/2017 08:33,Lecture & Tutorial,2c265cf741dde06fe65737b5bb56e5f984bf3c309e515ccce24bef11976268c2
27761,27/07/2017 08:33,View Announcements,2c265cf741dde06fe65737b5bb56e5f984bf3c309e515ccce24bef11976268c2
27762,27/07/2017 08:33,Assessment,2c265cf741dde06fe65737b5bb56e5f984bf3c309e515ccce24bef11976268c2
27763,27/07/2017 08:33,Materials,2c265cf741dde06fe65737b5bb56e5f984bf3c309e515ccce24bef11976268c2
27764,27/07/2017 08:33,Materials,2c265cf741dde06fe65737b5bb56e5f984bf3c309e515ccce24bef11976268c2
27765,27/07/2017 08:32,Instruction file,6a70a82eba32ff1e6dc41ee2d986a2ac2e0c242d88e6523441ea801d7a5fd3b5
27766,27/07/2017 08:32,Projects,dac16ea4ca2d4945c54fa23b545df0721cbffd70eaef501ad189cf350fbdd813
27767,27/07/2017 08:32,Projects,ae4689ba9f8a42a1fdf7e9dace2f2a87a81ca71239b8175b46575dba7af188ec
27768,27/07/2017 08:32,Lecture & Tutorial,ae4689ba9f8a42a1fdf7e9dace2f2a87a81ca71239b8175b46575dba7af188ec
27769,27/07/2017 08:32,Projects,ae4689ba9f8a42a1fdf7e9dace2f2a87a81ca71239b8175b46575dba7af188ec
27770,27/07/2017 08:32,Lecture & Tutorial,dac16ea4ca2d4945c54fa23b545df0721cbffd70eaef501ad189cf350fbdd813
27771,27/07/2017 08:32,Instruction file,6a70a82eba32ff1e6dc41ee2d986a2ac2e0c242d88e6523441ea801d7a5fd3b5
27772,27/07/2017 08:32,Projects,dac16ea4ca2d4945c54fa23b545df0721cbffd70eaef501ad189cf350fbdd813
27773,27/07/2017 08:32,Lecture & Tutorial,6a70a82eba32ff1e6dc41ee2d986a2ac2e0c242d88e6523441ea801d7a5fd3b5
27774,27/07/2017 08:32,Lecture & Tutorial,3017c5600365a0e0557826ea5f6e17fa96b8c361507f79e065a89ba576184d1a
27775,27/07/2017 08:32,Projects,3017c5600365a0e0557826ea5f6e17fa96b8c361507f79e065a89ba576184d1a
27776,27/07/2017 08:32,Materials,2c265cf741dde06fe65737b5bb56e5f984bf3c309e515ccce24bef11976268c2
27777,27/07/2017 08:32,Projects,2e89e656cc69da3b00738ba51f4aff0f697bbd071c1205dc52b7c659622fd788
27778,27/07/2017 08:32,Projects,bd4f760cc29d656f5f56d8ca629c339c4e4f2846bbe3bdd84855700e0655207c
27779,27/07/2017 08:32,Projects,bd4f760cc29d656f5f56d8ca629c339c4e4f2846bbe3bdd84855700e0655207c
27780,27/07/2017 08:32,Lecture & Tutorial,bd4f760cc29d656f5f56d8ca629c339c4e4f2846bbe3bdd84855700e0655207c
27781,27/07/2017 08:31,View Announcements,dac16ea4ca2d4945c54fa23b545df0721cbffd70eaef501ad189cf350fbdd813
27782,27/07/2017 08:31,View Announcements,bd4f760cc29d656f5f56d8ca629c339c4e4f2846bbe3bdd84855700e0655207c
27783,27/07/2017 08:31,View Announcements,3e04a61a7f23681b1871c146f200ba43bf63b679a162a71b80c71b1ae90c4bc9
27784,27/07/2017 08:31,Instruction file,dac16ea4ca2d4945c54fa23b545df0721cbffd70eaef501ad189cf350fbdd813
27785,27/07/2017 08:31,Lecture & Tutorial,dac16ea4ca2d4945c54fa23b545df0721cbffd70eaef501ad189cf350fbdd813
27786,27/07/2017 08:31,Instruction file,dac16ea4ca2d4945c54fa23b545df0721cbffd70eaef501ad189cf350fbdd813
27787,27/07/2017 08:31,View Announcements,bd4f760cc29d656f5f56d8ca629c339c4e4f2846bbe3bdd84855700e0655207c
27788,27/07/2017 08:31,Projects,bec334f0a96557a55943e54adfd202ff052ab4f589bf35de3e270c3789c192c0
27789,27/07/2017 08:31,Problem Solving,bd4f760cc29d656f5f56d8ca629c339c4e4f2846bbe3bdd84855700e0655207c
27790,27/07/2017 08:31,Problem Solving,bd4f760cc29d656f5f56d8ca629c339c4e4f2846bbe3bdd84855700e0655207c
27791,27/07/2017 08:31,Problem Solving,bd4f760cc29d656f5f56d8ca629c339c4e4f2846bbe3bdd84855700e0655207c
27792,27/07/2017 08:31,Problem Solving,bd4f760cc29d656f5f56d8ca629c339c4e4f2846bbe3bdd84855700e0655207c
27793,27/07/2017 08:30,Problem Solving,bd4f760cc29d656f5f56d8ca629c339c4e4f2846bbe3bdd84855700e0655207c
27794,27/07/2017 08:30,Materials,2c265cf741dde06fe65737b5bb56e5f984bf3c309e515ccce24bef11976268c2
27795,27/07/2017 08:30,Problem Solving,bd4f760cc29d656f5f56d8ca629c339c4e4f2846bbe3bdd84855700e0655207c
27796,27/07/2017 08:30,Projects,dac16ea4ca2d4945c54fa23b545df0721cbffd70eaef501ad189cf350fbdd813
27797,27/07/2017 08:30,Lecture & Tutorial,bd4f760cc29d656f5f56d8ca629c339c4e4f2846bbe3bdd84855700e0655207c
27798,27/07/2017 08:30,Problem Solving,bd4f760cc29d656f5f56d8ca629c339c4e4f2846bbe3bdd84855700e0655207c
27799,27/07/2017 08:30,Problem Solving,bd4f760cc29d656f5f56d8ca629c339c4e4f2846bbe3bdd84855700e0655207c
27800,27/07/2017 08:30,Projects,dac16ea4ca2d4945c54fa23b545df0721cbffd70eaef501ad189cf350fbdd813
27801,27/07/2017 08:30,Lecture & Tutorial,dac16ea4ca2d4945c54fa23b545df0721cbffd70eaef501ad189cf350fbdd813
27802,27/07/2017 08:30,Projects,2e89e656cc69da3b00738ba51f4aff0f697bbd071c1205dc52b7c659622fd788
27803,27/07/2017 08:30,Projects,6a5dde7d0e490d90e354407f77108ce3ba0ed8dfda0760d576a7c3389b127f55
27804,27/07/2017 08:30,Lecture & Tutorial,2e89e656cc69da3b00738ba51f4aff0f697bbd071c1205dc52b7c659622fd788
27805,27/07/2017 08:30,Projects,2e89e656cc69da3b00738ba51f4aff0f697bbd071c1205dc52b7c659622fd788
27806,27/07/2017 08:30,Projects,26936ce39af9ef4cd160dda38747ac7df8c6d6893c50a1c051af1e065895d728
27807,27/07/2017 08:30,Projects,cbfa3198e1914f43d03d0c26e3a5aac2a545e2db0b81da99a4bc5e69e228219c
27808,27/07/2017 08:29,Projects,2df0b082d1fc0febd63605b16ea9eea79fb3cd574f00995676bce1ca254ed7ab
27809,27/07/2017 08:29,Projects,2df0b082d1fc0febd63605b16ea9eea79fb3cd574f00995676bce1ca254ed7ab
27810,27/07/2017 08:29,Lecture & Tutorial,2df0b082d1fc0febd63605b16ea9eea79fb3cd574f00995676bce1ca254ed7ab
27811,27/07/2017 08:29,Materials,2c265cf741dde06fe65737b5bb56e5f984bf3c309e515ccce24bef11976268c2
27812,27/07/2017 08:29,Projects,aeb7738716afea373b0e6c7bb8c95e109392e37cca88c46d59c551576a73030b
27813,27/07/2017 08:29,Projects,8f016c725063a616068e50b7e2e47838f6c5ae595d2d860f4f65bf8bb75bd899
27814,27/07/2017 08:29,Materials,2c265cf741dde06fe65737b5bb56e5f984bf3c309e515ccce24bef11976268c2
27815,27/07/2017 08:29,Projects,2df0b082d1fc0febd63605b16ea9eea79fb3cd574f00995676bce1ca254ed7ab
27816,27/07/2017 08:29,Materials,2c265cf741dde06fe65737b5bb56e5f984bf3c309e515ccce24bef11976268c2
27817,27/07/2017 08:29,Projects,aeb7738716afea373b0e6c7bb8c95e109392e37cca88c46d59c551576a73030b
27818,27/07/2017 08:29,Projects,2df0b082d1fc0febd63605b16ea9eea79fb3cd574f00995676bce1ca254ed7ab
27819,27/07/2017 08:29,Lecture & Tutorial,2df0b082d1fc0febd63605b16ea9eea79fb3cd574f00995676bce1ca254ed7ab
27820,27/07/2017 08:29,Projects,aeb7738716afea373b0e6c7bb8c95e109392e37cca88c46d59c551576a73030b
27821,27/07/2017 08:29,Instruction file,2e89e656cc69da3b00738ba51f4aff0f697bbd071c1205dc52b7c659622fd788
27822,27/07/2017 08:29,Projects,aeb7738716afea373b0e6c7bb8c95e109392e37cca88c46d59c551576a73030b
27823,27/07/2017 08:29,Lecture & Tutorial,2e89e656cc69da3b00738ba51f4aff0f697bbd071c1205dc52b7c659622fd788
27824,27/07/2017 08:29,Instruction file,2e89e656cc69da3b00738ba51f4aff0f697bbd071c1205dc52b7c659622fd788
27825,27/07/2017 08:29,Assessment,aeb7738716afea373b0e6c7bb8c95e109392e37cca88c46d59c551576a73030b
27826,27/07/2017 08:29,Materials,2c265cf741dde06fe65737b5bb56e5f984bf3c309e515ccce24bef11976268c2
27827,27/07/2017 08:29,Projects,8f016c725063a616068e50b7e2e47838f6c5ae595d2d860f4f65bf8bb75bd899
27828,27/07/2017 08:29,Projects,636c94f3d6839a43562873666d4cb677130b1cc8c2863f2449d19f55884a0e2b
27829,27/07/2017 08:29,Projects,26936ce39af9ef4cd160dda38747ac7df8c6d6893c50a1c051af1e065895d728
27830,27/07/2017 08:29,Lecture & Tutorial,26936ce39af9ef4cd160dda38747ac7df8c6d6893c50a1c051af1e065895d728
27831,27/07/2017 08:29,Projects,8f016c725063a616068e50b7e2e47838f6c5ae595d2d860f4f65bf8bb75bd899
27832,27/07/2017 08:29,View Announcements,aeb7738716afea373b0e6c7bb8c95e109392e37cca88c46d59c551576a73030b
27833,27/07/2017 08:29,Lecture & Tutorial,8f016c725063a616068e50b7e2e47838f6c5ae595d2d860f4f65bf8bb75bd899
27834,27/07/2017 08:29,Materials,2c265cf741dde06fe65737b5bb56e5f984bf3c309e515ccce24bef11976268c2
27835,27/07/2017 08:29,Projects,9f606640e5b92fb2ae869f6fa5a06af230fc38a41de8fb50e00ab6de5a8402b7
27836,27/07/2017 08:29,Projects,515cbeeb06f13b92f091a9eb80ff12d24d92863957a357eaf4f2200f8a8e983b
27837,27/07/2017 08:29,Materials,2c265cf741dde06fe65737b5bb56e5f984bf3c309e515ccce24bef11976268c2
27838,27/07/2017 08:29,Projects,9f606640e5b92fb2ae869f6fa5a06af230fc38a41de8fb50e00ab6de5a8402b7
27839,27/07/2017 08:29,Projects,e3c38788094fb5d511d9dee9a05afea67d38a2e283e98ac465c4a059ecae274b
27840,27/07/2017 08:29,Lecture & Tutorial,9f606640e5b92fb2ae869f6fa5a06af230fc38a41de8fb50e00ab6de5a8402b7
27841,27/07/2017 08:29,Projects,e3c38788094fb5d511d9dee9a05afea67d38a2e283e98ac465c4a059ecae274b
27842,27/07/2017 08:29,Projects,c0d50bd815954a4482302ac146d7b9a02ae3998a2e825a2e00ef331c8764a0b6
27843,27/07/2017 08:29,Lecture & Tutorial,aeb7738716afea373b0e6c7bb8c95e109392e37cca88c46d59c551576a73030b
27844,27/07/2017 08:29,Materials,aeb7738716afea373b0e6c7bb8c95e109392e37cca88c46d59c551576a73030b
27845,27/07/2017 08:29,Lecture & Tutorial,515cbeeb06f13b92f091a9eb80ff12d24d92863957a357eaf4f2200f8a8e983b
27846,27/07/2017 08:29,Projects,515cbeeb06f13b92f091a9eb80ff12d24d92863957a357eaf4f2200f8a8e983b
27847,27/07/2017 08:29,Projects,c0d50bd815954a4482302ac146d7b9a02ae3998a2e825a2e00ef331c8764a0b6
27848,27/07/2017 08:29,Lecture & Tutorial,c0d50bd815954a4482302ac146d7b9a02ae3998a2e825a2e00ef331c8764a0b6
27849,27/07/2017 08:29,Projects,bae863a43a335fc015e72f161046e8b0cbfe8c82a311e3f847bfece74c6e39e2
27850,27/07/2017 08:29,Projects,bae863a43a335fc015e72f161046e8b0cbfe8c82a311e3f847bfece74c6e39e2
27851,27/07/2017 08:29,Projects,bae863a43a335fc015e72f161046e8b0cbfe8c82a311e3f847bfece74c6e39e2
27852,27/07/2017 08:29,Projects,2e89e656cc69da3b00738ba51f4aff0f697bbd071c1205dc52b7c659622fd788
27853,27/07/2017 08:29,Lecture & Tutorial,2e89e656cc69da3b00738ba51f4aff0f697bbd071c1205dc52b7c659622fd788
27854,27/07/2017 08:29,Projects,e3c38788094fb5d511d9dee9a05afea67d38a2e283e98ac465c4a059ecae274b
27855,27/07/2017 08:29,Projects,2e89e656cc69da3b00738ba51f4aff0f697bbd071c1205dc52b7c659622fd788
27856,27/07/2017 08:29,Projects,bae863a43a335fc015e72f161046e8b0cbfe8c82a311e3f847bfece74c6e39e2
27857,27/07/2017 08:29,Lecture & Tutorial,bae863a43a335fc015e72f161046e8b0cbfe8c82a311e3f847bfece74c6e39e2
27858,27/07/2017 08:29,Projects,377f311e0c1285cce327cf30419dd3999fad887c22e462735323754d11de656e
27859,27/07/2017 08:28,Projects,e3c38788094fb5d511d9dee9a05afea67d38a2e283e98ac465c4a059ecae274b
27860,27/07/2017 08:28,Projects,515cbeeb06f13b92f091a9eb80ff12d24d92863957a357eaf4f2200f8a8e983b
27861,27/07/2017 08:28,Lecture & Tutorial,377f311e0c1285cce327cf30419dd3999fad887c22e462735323754d11de656e
27862,27/07/2017 08:28,Projects,377f311e0c1285cce327cf30419dd3999fad887c22e462735323754d11de656e
27863,27/07/2017 08:28,Projects,c0d50bd815954a4482302ac146d7b9a02ae3998a2e825a2e00ef331c8764a0b6
27864,27/07/2017 08:28,Projects,e3c38788094fb5d511d9dee9a05afea67d38a2e283e98ac465c4a059ecae274b
27865,27/07/2017 08:28,Projects,515cbeeb06f13b92f091a9eb80ff12d24d92863957a357eaf4f2200f8a8e983b
27866,27/07/2017 08:28,Lecture & Tutorial,515cbeeb06f13b92f091a9eb80ff12d24d92863957a357eaf4f2200f8a8e983b
27867,27/07/2017 08:28,Projects,cbfa3198e1914f43d03d0c26e3a5aac2a545e2db0b81da99a4bc5e69e228219c
27868,27/07/2017 08:28,Lecture & Tutorial,c0d50bd815954a4482302ac146d7b9a02ae3998a2e825a2e00ef331c8764a0b6
27869,27/07/2017 08:28,Projects,c0d50bd815954a4482302ac146d7b9a02ae3998a2e825a2e00ef331c8764a0b6
27870,27/07/2017 08:28,Projects,e3c38788094fb5d511d9dee9a05afea67d38a2e283e98ac465c4a059ecae274b
27871,27/07/2017 08:28,Projects,80ca64991e8a31ba25df4825ecd37a4c9bf07746b0f96d2517e726a37233c336
27872,27/07/2017 08:28,Assessment,e3c38788094fb5d511d9dee9a05afea67d38a2e283e98ac465c4a059ecae274b
27873,27/07/2017 08:28,Lecture & Tutorial,cbfa3198e1914f43d03d0c26e3a5aac2a545e2db0b81da99a4bc5e69e228219c
27874,27/07/2017 08:28,Projects,cbfa3198e1914f43d03d0c26e3a5aac2a545e2db0b81da99a4bc5e69e228219c
27875,27/07/2017 08:28,View Announcements,aeb7738716afea373b0e6c7bb8c95e109392e37cca88c46d59c551576a73030b
27876,27/07/2017 08:28,Projects,80ca64991e8a31ba25df4825ecd37a4c9bf07746b0f96d2517e726a37233c336
27877,27/07/2017 08:28,Lecture & Tutorial,80ca64991e8a31ba25df4825ecd37a4c9bf07746b0f96d2517e726a37233c336
27878,27/07/2017 08:28,View Announcements,e3c38788094fb5d511d9dee9a05afea67d38a2e283e98ac465c4a059ecae274b
27879,27/07/2017 08:28,Projects,636c94f3d6839a43562873666d4cb677130b1cc8c2863f2449d19f55884a0e2b
27880,27/07/2017 08:28,Projects,80ca64991e8a31ba25df4825ecd37a4c9bf07746b0f96d2517e726a37233c336
27881,27/07/2017 08:28,Projects,80ca64991e8a31ba25df4825ecd37a4c9bf07746b0f96d2517e726a37233c336
27882,27/07/2017 08:28,Materials,2c265cf741dde06fe65737b5bb56e5f984bf3c309e515ccce24bef11976268c2
27883,27/07/2017 08:28,Projects,dbff3edfd982c954f57901a95d324b3d57c6924493423fab3321bed6be6165fb
27884,27/07/2017 08:28,Lecture & Tutorial,80ca64991e8a31ba25df4825ecd37a4c9bf07746b0f96d2517e726a37233c336
27885,27/07/2017 08:28,Projects,80ca64991e8a31ba25df4825ecd37a4c9bf07746b0f96d2517e726a37233c336
27886,27/07/2017 08:28,Materials,2c265cf741dde06fe65737b5bb56e5f984bf3c309e515ccce24bef11976268c2
27887,27/07/2017 08:28,Assessment,636c94f3d6839a43562873666d4cb677130b1cc8c2863f2449d19f55884a0e2b
27888,27/07/2017 08:28,Lecture & Tutorial,dbff3edfd982c954f57901a95d324b3d57c6924493423fab3321bed6be6165fb
27889,27/07/2017 08:28,Projects,dbff3edfd982c954f57901a95d324b3d57c6924493423fab3321bed6be6165fb
27890,27/07/2017 08:28,Lecture & Tutorial,515cbeeb06f13b92f091a9eb80ff12d24d92863957a357eaf4f2200f8a8e983b
27891,27/07/2017 08:28,Lecture & Tutorial,515cbeeb06f13b92f091a9eb80ff12d24d92863957a357eaf4f2200f8a8e983b
27892,27/07/2017 08:28,Instruction file,c0d50bd815954a4482302ac146d7b9a02ae3998a2e825a2e00ef331c8764a0b6
27893,27/07/2017 08:28,Instruction file,c0d50bd815954a4482302ac146d7b9a02ae3998a2e825a2e00ef331c8764a0b6
27894,27/07/2017 08:28,Lecture & Tutorial,c0d50bd815954a4482302ac146d7b9a02ae3998a2e825a2e00ef331c8764a0b6
27895,27/07/2017 08:28,Projects,bec334f0a96557a55943e54adfd202ff052ab4f589bf35de3e270c3789c192c0
27896,27/07/2017 08:28,Problem Solving,377f311e0c1285cce327cf30419dd3999fad887c22e462735323754d11de656e
27897,27/07/2017 08:28,Projects,aae15ec05c8972538c0acd5736a571650849ef4e8f69f94bcb33beb73fd918ca
27898,27/07/2017 08:28,Projects,49c0f9d6fee4a9f180d69926097eb6a367249c3d012b4bd725db790a2f900d93
27899,27/07/2017 08:28,Lecture & Tutorial,377f311e0c1285cce327cf30419dd3999fad887c22e462735323754d11de656e
27900,27/07/2017 08:28,Problem Solving,377f311e0c1285cce327cf30419dd3999fad887c22e462735323754d11de656e
27901,27/07/2017 08:28,View Announcements,636c94f3d6839a43562873666d4cb677130b1cc8c2863f2449d19f55884a0e2b
27902,27/07/2017 08:28,Projects,aae15ec05c8972538c0acd5736a571650849ef4e8f69f94bcb33beb73fd918ca
27903,27/07/2017 08:28,Lecture & Tutorial,aae15ec05c8972538c0acd5736a571650849ef4e8f69f94bcb33beb73fd918ca
27904,27/07/2017 08:28,Problem Solving,515cbeeb06f13b92f091a9eb80ff12d24d92863957a357eaf4f2200f8a8e983b
27905,27/07/2017 08:28,Projects,bec334f0a96557a55943e54adfd202ff052ab4f589bf35de3e270c3789c192c0
27906,27/07/2017 08:28,Lecture & Tutorial,bd4f760cc29d656f5f56d8ca629c339c4e4f2846bbe3bdd84855700e0655207c
27907,27/07/2017 08:28,Lecture & Tutorial,515cbeeb06f13b92f091a9eb80ff12d24d92863957a357eaf4f2200f8a8e983b
27908,27/07/2017 08:28,Problem Solving,515cbeeb06f13b92f091a9eb80ff12d24d92863957a357eaf4f2200f8a8e983b
27909,27/07/2017 08:28,Lecture & Tutorial,bd4f760cc29d656f5f56d8ca629c339c4e4f2846bbe3bdd84855700e0655207c
27910,27/07/2017 08:28,Projects,4a00cb9716b48eca4fd984334247de25f2bd2378ea6d54710c009eb588d36a11
27911,27/07/2017 08:28,Instruction file,8f016c725063a616068e50b7e2e47838f6c5ae595d2d860f4f65bf8bb75bd899
27912,27/07/2017 08:28,Projects,bec334f0a96557a55943e54adfd202ff052ab4f589bf35de3e270c3789c192c0
27913,27/07/2017 08:28,Projects,aae15ec05c8972538c0acd5736a571650849ef4e8f69f94bcb33beb73fd918ca
27914,27/07/2017 08:28,Projects,51701d0670e884a8c231a48270d545fd6b6624aad7becfc113f586784fa13ca0
27915,27/07/2017 08:28,Projects,807d7bdd4ad551a53fe59138acfc0e78aed417b520f0287e7ced4ffdd0df8f79
27916,27/07/2017 08:28,Projects,51701d0670e884a8c231a48270d545fd6b6624aad7becfc113f586784fa13ca0
27917,27/07/2017 08:28,Projects,807d7bdd4ad551a53fe59138acfc0e78aed417b520f0287e7ced4ffdd0df8f79
27918,27/07/2017 08:28,Projects,4a00cb9716b48eca4fd984334247de25f2bd2378ea6d54710c009eb588d36a11
27919,27/07/2017 08:28,Projects,aae15ec05c8972538c0acd5736a571650849ef4e8f69f94bcb33beb73fd918ca
27920,27/07/2017 08:28,Projects,807d7bdd4ad551a53fe59138acfc0e78aed417b520f0287e7ced4ffdd0df8f79
27921,27/07/2017 08:28,Lecture & Tutorial,aae15ec05c8972538c0acd5736a571650849ef4e8f69f94bcb33beb73fd918ca
27922,27/07/2017 08:28,Projects,bec334f0a96557a55943e54adfd202ff052ab4f589bf35de3e270c3789c192c0
27923,27/07/2017 08:28,Instruction file,8f016c725063a616068e50b7e2e47838f6c5ae595d2d860f4f65bf8bb75bd899
27924,27/07/2017 08:28,Lecture & Tutorial,807d7bdd4ad551a53fe59138acfc0e78aed417b520f0287e7ced4ffdd0df8f79
27925,27/07/2017 08:28,Lecture & Tutorial,8f016c725063a616068e50b7e2e47838f6c5ae595d2d860f4f65bf8bb75bd899
27926,27/07/2017 08:28,Assessment,bec334f0a96557a55943e54adfd202ff052ab4f589bf35de3e270c3789c192c0
27927,27/07/2017 08:28,Lecture & Tutorial,51701d0670e884a8c231a48270d545fd6b6624aad7becfc113f586784fa13ca0
27928,27/07/2017 08:28,Projects,51701d0670e884a8c231a48270d545fd6b6624aad7becfc113f586784fa13ca0
27929,27/07/2017 08:28,View Announcements,bec334f0a96557a55943e54adfd202ff052ab4f589bf35de3e270c3789c192c0
27930,27/07/2017 08:27,Lecture & Tutorial,807d7bdd4ad551a53fe59138acfc0e78aed417b520f0287e7ced4ffdd0df8f79
27931,27/07/2017 08:27,Lecture & Tutorial,807d7bdd4ad551a53fe59138acfc0e78aed417b520f0287e7ced4ffdd0df8f79
27932,27/07/2017 08:27,Projects,b95da52c718b804d7d41871275e1787bdc4fb7dd094fab70f98c09ed702aa17d
27933,27/07/2017 08:27,Projects,4a00cb9716b48eca4fd984334247de25f2bd2378ea6d54710c009eb588d36a11
27934,27/07/2017 08:27,Projects,4a00cb9716b48eca4fd984334247de25f2bd2378ea6d54710c009eb588d36a11
27935,27/07/2017 08:27,View Announcements,377f311e0c1285cce327cf30419dd3999fad887c22e462735323754d11de656e
27936,27/07/2017 08:27,Projects,35e52143d3e96ffa418c9d54bb266b1a9f55fbc20b5ef102191831c9b0537791
27937,27/07/2017 08:27,Projects,b95da52c718b804d7d41871275e1787bdc4fb7dd094fab70f98c09ed702aa17d
27938,27/07/2017 08:27,Lecture & Tutorial,b95da52c718b804d7d41871275e1787bdc4fb7dd094fab70f98c09ed702aa17d
27939,27/07/2017 08:27,Projects,6efccd769e86d612adad7ef559ea350a90ab0787df58e215af2e40934254ebeb
27940,27/07/2017 08:27,Projects,49c0f9d6fee4a9f180d69926097eb6a367249c3d012b4bd725db790a2f900d93
27941,27/07/2017 08:27,Projects,4a00cb9716b48eca4fd984334247de25f2bd2378ea6d54710c009eb588d36a11
27942,27/07/2017 08:27,Lecture & Tutorial,4a00cb9716b48eca4fd984334247de25f2bd2378ea6d54710c009eb588d36a11
27943,27/07/2017 08:27,Projects,1cd5ae642fde5efa0acd913e7233d30f1ae2b537a951d4fef28d037e15cf41bd
27944,27/07/2017 08:27,Projects,04b7cec99c3da9a7cf723a62854411e712cff8829e94c7979341eb55f4515972
27945,27/07/2017 08:27,Projects,6efccd769e86d612adad7ef559ea350a90ab0787df58e215af2e40934254ebeb
27946,27/07/2017 08:27,Projects,6efccd769e86d612adad7ef559ea350a90ab0787df58e215af2e40934254ebeb
27947,27/07/2017 08:27,Lecture & Tutorial,04b7cec99c3da9a7cf723a62854411e712cff8829e94c7979341eb55f4515972
27948,27/07/2017 08:27,Lecture & Tutorial,1cd5ae642fde5efa0acd913e7233d30f1ae2b537a951d4fef28d037e15cf41bd
27949,27/07/2017 08:27,Projects,04b7cec99c3da9a7cf723a62854411e712cff8829e94c7979341eb55f4515972
27950,27/07/2017 08:27,Projects,1cd5ae642fde5efa0acd913e7233d30f1ae2b537a951d4fef28d037e15cf41bd
27951,27/07/2017 08:27,Projects,35e52143d3e96ffa418c9d54bb266b1a9f55fbc20b5ef102191831c9b0537791
27952,27/07/2017 08:27,Projects,b5b2d07bf0984d5657d709857feffcdb78423851f429ca5969efddcb7b3ccca0
27953,27/07/2017 08:27,Lecture & Tutorial,35e52143d3e96ffa418c9d54bb266b1a9f55fbc20b5ef102191831c9b0537791
27954,27/07/2017 08:27,Projects,6efccd769e86d612adad7ef559ea350a90ab0787df58e215af2e40934254ebeb
27955,27/07/2017 08:27,Projects,7e787cba2369fa58bc7d53623227fc1efde4dbfda166b0fbb39670d31eccd7be
27956,27/07/2017 08:27,Projects,49c0f9d6fee4a9f180d69926097eb6a367249c3d012b4bd725db790a2f900d93
27957,27/07/2017 08:27,Lecture & Tutorial,49c0f9d6fee4a9f180d69926097eb6a367249c3d012b4bd725db790a2f900d93
27958,27/07/2017 08:27,Projects,6efccd769e86d612adad7ef559ea350a90ab0787df58e215af2e40934254ebeb
27959,27/07/2017 08:27,Lecture & Tutorial,04b7cec99c3da9a7cf723a62854411e712cff8829e94c7979341eb55f4515972
27960,27/07/2017 08:27,Lecture & Tutorial,04b7cec99c3da9a7cf723a62854411e712cff8829e94c7979341eb55f4515972
27961,27/07/2017 08:27,Instruction file,e3c38788094fb5d511d9dee9a05afea67d38a2e283e98ac465c4a059ecae274b
27962,27/07/2017 08:27,Lecture & Tutorial,6efccd769e86d612adad7ef559ea350a90ab0787df58e215af2e40934254ebeb
27963,27/07/2017 08:27,Instruction file,e3c38788094fb5d511d9dee9a05afea67d38a2e283e98ac465c4a059ecae274b
27964,27/07/2017 08:27,Projects,f699948eb13854964eeeb88b7f268550b43bd3d8e9d10fdaf75ddb222c5087a6
27965,27/07/2017 08:27,Lecture & Tutorial,e3c38788094fb5d511d9dee9a05afea67d38a2e283e98ac465c4a059ecae274b
27966,27/07/2017 08:27,Lecture & Tutorial,7e787cba2369fa58bc7d53623227fc1efde4dbfda166b0fbb39670d31eccd7be
27967,27/07/2017 08:27,Projects,b5b2d07bf0984d5657d709857feffcdb78423851f429ca5969efddcb7b3ccca0
27968,27/07/2017 08:27,Lecture & Tutorial,b5b2d07bf0984d5657d709857feffcdb78423851f429ca5969efddcb7b3ccca0
27969,27/07/2017 08:27,Projects,f699948eb13854964eeeb88b7f268550b43bd3d8e9d10fdaf75ddb222c5087a6
27970,27/07/2017 08:27,Projects,7e787cba2369fa58bc7d53623227fc1efde4dbfda166b0fbb39670d31eccd7be
27971,27/07/2017 08:27,Lecture & Tutorial,f699948eb13854964eeeb88b7f268550b43bd3d8e9d10fdaf75ddb222c5087a6
27972,27/07/2017 08:27,Projects,f699948eb13854964eeeb88b7f268550b43bd3d8e9d10fdaf75ddb222c5087a6
27973,27/07/2017 08:27,View Announcements,b95da52c718b804d7d41871275e1787bdc4fb7dd094fab70f98c09ed702aa17d
27974,27/07/2017 08:27,View Announcements,b95da52c718b804d7d41871275e1787bdc4fb7dd094fab70f98c09ed702aa17d
27975,27/07/2017 08:27,View Announcements,b95da52c718b804d7d41871275e1787bdc4fb7dd094fab70f98c09ed702aa17d
27976,27/07/2017 08:27,Projects,bf8d090eef21d7f21a7968fda37caeaad9b09f6eb45c5f18469c3736a83035d7
27977,27/07/2017 08:27,Projects,4a00cb9716b48eca4fd984334247de25f2bd2378ea6d54710c009eb588d36a11
27978,27/07/2017 08:27,Materials,2c265cf741dde06fe65737b5bb56e5f984bf3c309e515ccce24bef11976268c2
27979,27/07/2017 08:27,Projects,f699948eb13854964eeeb88b7f268550b43bd3d8e9d10fdaf75ddb222c5087a6
27980,27/07/2017 08:27,Problem Solving,6efccd769e86d612adad7ef559ea350a90ab0787df58e215af2e40934254ebeb
27981,27/07/2017 08:27,Lecture & Tutorial,6efccd769e86d612adad7ef559ea350a90ab0787df58e215af2e40934254ebeb
27982,27/07/2017 08:27,Problem Solving,6efccd769e86d612adad7ef559ea350a90ab0787df58e215af2e40934254ebeb
27983,27/07/2017 08:27,View Announcements,b5b2d07bf0984d5657d709857feffcdb78423851f429ca5969efddcb7b3ccca0
27984,27/07/2017 08:27,Lecture & Tutorial,4a00cb9716b48eca4fd984334247de25f2bd2378ea6d54710c009eb588d36a11
27985,27/07/2017 08:27,Projects,4a00cb9716b48eca4fd984334247de25f2bd2378ea6d54710c009eb588d36a11
27986,27/07/2017 08:27,Lecture & Tutorial,f699948eb13854964eeeb88b7f268550b43bd3d8e9d10fdaf75ddb222c5087a6
27987,27/07/2017 08:27,Projects,3017c5600365a0e0557826ea5f6e17fa96b8c361507f79e065a89ba576184d1a
27988,27/07/2017 08:27,Projects,bf8d090eef21d7f21a7968fda37caeaad9b09f6eb45c5f18469c3736a83035d7
27989,27/07/2017 08:27,Projects,f699948eb13854964eeeb88b7f268550b43bd3d8e9d10fdaf75ddb222c5087a6
27990,27/07/2017 08:27,Lecture & Tutorial,bf8d090eef21d7f21a7968fda37caeaad9b09f6eb45c5f18469c3736a83035d7
27991,27/07/2017 08:27,Group Pages,04b7cec99c3da9a7cf723a62854411e712cff8829e94c7979341eb55f4515972
27992,27/07/2017 08:27,Group Pages,04b7cec99c3da9a7cf723a62854411e712cff8829e94c7979341eb55f4515972
27993,27/07/2017 08:27,Group Pages,04b7cec99c3da9a7cf723a62854411e712cff8829e94c7979341eb55f4515972
27994,27/07/2017 08:27,Lecture & Tutorial,3017c5600365a0e0557826ea5f6e17fa96b8c361507f79e065a89ba576184d1a
27995,27/07/2017 08:27,Projects,3017c5600365a0e0557826ea5f6e17fa96b8c361507f79e065a89ba576184d1a
27996,27/07/2017 08:27,Projects,04b7cec99c3da9a7cf723a62854411e712cff8829e94c7979341eb55f4515972
27997,27/07/2017 08:27,Projects,04b7cec99c3da9a7cf723a62854411e712cff8829e94c7979341eb55f4515972
27998,27/07/2017 08:27,Projects,98135cfcf3b1532957f9fc741b84f3eba169e8964de14ccd9120d16774f98775
27999,27/07/2017 08:27,Projects,04b7cec99c3da9a7cf723a62854411e712cff8829e94c7979341eb55f4515972
28000,27/07/2017 08:27,Projects,1c8e444947118f7c57d2597b66e82888233cdf7f6e85e3d4d0c1791727664569
28001,27/07/2017 08:27,Projects,98135cfcf3b1532957f9fc741b84f3eba169e8964de14ccd9120d16774f98775
28002,27/07/2017 08:27,Projects,5118c010686e973890d5180d820bcc79f77eb5a7fb1cb79dbdb97d7101f99691
28003,27/07/2017 08:27,Lecture & Tutorial,04b7cec99c3da9a7cf723a62854411e712cff8829e94c7979341eb55f4515972
28004,27/07/2017 08:27,View Announcements,6efccd769e86d612adad7ef559ea350a90ab0787df58e215af2e40934254ebeb
28005,27/07/2017 08:27,Materials,2c265cf741dde06fe65737b5bb56e5f984bf3c309e515ccce24bef11976268c2
28006,27/07/2017 08:27,View Announcements,04b7cec99c3da9a7cf723a62854411e712cff8829e94c7979341eb55f4515972
28007,27/07/2017 08:27,Projects,8cd90b82a78437f04c9cd32f3b64fc5fc0392895d151c33539dbe17516a9a940
28008,27/07/2017 08:27,Projects,acd1fdfa5fa48b81543897bf891bb7655c2a22328edcc5616c4b5b00e3d126e0
28009,27/07/2017 08:27,Projects,5201c0ae3e9cbcfe3e312e9ca0a836863fb7a1a161e4a6cc1d803dc93ae08847
28010,27/07/2017 08:27,Projects,6a5dde7d0e490d90e354407f77108ce3ba0ed8dfda0760d576a7c3389b127f55
28011,27/07/2017 08:27,Projects,5118c010686e973890d5180d820bcc79f77eb5a7fb1cb79dbdb97d7101f99691
28012,27/07/2017 08:27,Projects,ee2fc1c93b2ffcf616f3ab7ad71175ecd0119f5fd736efa615721e4dca9fa590
28013,27/07/2017 08:27,Materials,2c265cf741dde06fe65737b5bb56e5f984bf3c309e515ccce24bef11976268c2
28014,27/07/2017 08:27,Projects,acd1fdfa5fa48b81543897bf891bb7655c2a22328edcc5616c4b5b00e3d126e0
28015,27/07/2017 08:27,Projects,8cd90b82a78437f04c9cd32f3b64fc5fc0392895d151c33539dbe17516a9a940
28016,27/07/2017 08:27,Lecture & Tutorial,8cd90b82a78437f04c9cd32f3b64fc5fc0392895d151c33539dbe17516a9a940
28017,27/07/2017 08:27,Lecture & Tutorial,2c265cf741dde06fe65737b5bb56e5f984bf3c309e515ccce24bef11976268c2
28018,27/07/2017 08:27,Projects,c231590f7844593c994a2fc4b91c90c6ab8ec68567b53a1c27794e3ee1321ad2
28019,27/07/2017 08:27,Lecture & Tutorial,1c8e444947118f7c57d2597b66e82888233cdf7f6e85e3d4d0c1791727664569
28020,27/07/2017 08:27,Projects,201184d073407a1a4d5e875747dc59ba7f9dc04f1ddf993f60c77bcc7db8545b
28021,27/07/2017 08:27,Projects,1c8e444947118f7c57d2597b66e82888233cdf7f6e85e3d4d0c1791727664569
28022,27/07/2017 08:27,Projects,201184d073407a1a4d5e875747dc59ba7f9dc04f1ddf993f60c77bcc7db8545b
28023,27/07/2017 08:27,View Announcements,2c265cf741dde06fe65737b5bb56e5f984bf3c309e515ccce24bef11976268c2
28024,27/07/2017 08:27,Lecture & Tutorial,2c265cf741dde06fe65737b5bb56e5f984bf3c309e515ccce24bef11976268c2
28025,27/07/2017 08:27,Lecture & Tutorial,6a5dde7d0e490d90e354407f77108ce3ba0ed8dfda0760d576a7c3389b127f55
28026,27/07/2017 08:27,Lecture & Tutorial,2c265cf741dde06fe65737b5bb56e5f984bf3c309e515ccce24bef11976268c2
28027,27/07/2017 08:27,Lecture & Tutorial,2c265cf741dde06fe65737b5bb56e5f984bf3c309e515ccce24bef11976268c2
28028,27/07/2017 08:27,Lecture & Tutorial,2c265cf741dde06fe65737b5bb56e5f984bf3c309e515ccce24bef11976268c2
28029,27/07/2017 08:27,Lecture & Tutorial,2c265cf741dde06fe65737b5bb56e5f984bf3c309e515ccce24bef11976268c2
28030,27/07/2017 08:27,Projects,5118c010686e973890d5180d820bcc79f77eb5a7fb1cb79dbdb97d7101f99691
28031,27/07/2017 08:27,Lecture & Tutorial,2c265cf741dde06fe65737b5bb56e5f984bf3c309e515ccce24bef11976268c2
28032,27/07/2017 08:27,Lecture & Tutorial,5118c010686e973890d5180d820bcc79f77eb5a7fb1cb79dbdb97d7101f99691
28033,27/07/2017 08:27,Lecture & Tutorial,2c265cf741dde06fe65737b5bb56e5f984bf3c309e515ccce24bef11976268c2
28034,27/07/2017 08:27,Lecture & Tutorial,2c265cf741dde06fe65737b5bb56e5f984bf3c309e515ccce24bef11976268c2
28035,27/07/2017 08:27,Projects,6a5dde7d0e490d90e354407f77108ce3ba0ed8dfda0760d576a7c3389b127f55
28036,27/07/2017 08:27,Lecture & Tutorial,2c265cf741dde06fe65737b5bb56e5f984bf3c309e515ccce24bef11976268c2
28037,27/07/2017 08:26,Lecture & Tutorial,2c265cf741dde06fe65737b5bb56e5f984bf3c309e515ccce24bef11976268c2
28038,27/07/2017 08:26,Projects,201184d073407a1a4d5e875747dc59ba7f9dc04f1ddf993f60c77bcc7db8545b
28039,27/07/2017 08:26,Lecture & Tutorial,2c265cf741dde06fe65737b5bb56e5f984bf3c309e515ccce24bef11976268c2
28040,27/07/2017 08:26,Lecture & Tutorial,2c265cf741dde06fe65737b5bb56e5f984bf3c309e515ccce24bef11976268c2
28041,27/07/2017 08:26,Lecture & Tutorial,2c265cf741dde06fe65737b5bb56e5f984bf3c309e515ccce24bef11976268c2
28042,27/07/2017 08:26,Lecture & Tutorial,2c265cf741dde06fe65737b5bb56e5f984bf3c309e515ccce24bef11976268c2
28043,27/07/2017 08:26,Projects,c231590f7844593c994a2fc4b91c90c6ab8ec68567b53a1c27794e3ee1321ad2
28044,27/07/2017 08:26,Lecture & Tutorial,2c265cf741dde06fe65737b5bb56e5f984bf3c309e515ccce24bef11976268c2
28045,27/07/2017 08:26,Lecture & Tutorial,2c265cf741dde06fe65737b5bb56e5f984bf3c309e515ccce24bef11976268c2
28046,27/07/2017 08:26,Lecture & Tutorial,c231590f7844593c994a2fc4b91c90c6ab8ec68567b53a1c27794e3ee1321ad2
28047,27/07/2017 08:26,Lecture & Tutorial,201184d073407a1a4d5e875747dc59ba7f9dc04f1ddf993f60c77bcc7db8545b
28048,27/07/2017 08:26,Lecture & Tutorial,5201c0ae3e9cbcfe3e312e9ca0a836863fb7a1a161e4a6cc1d803dc93ae08847
28049,27/07/2017 08:26,Projects,98135cfcf3b1532957f9fc741b84f3eba169e8964de14ccd9120d16774f98775
28050,27/07/2017 08:26,Projects,5201c0ae3e9cbcfe3e312e9ca0a836863fb7a1a161e4a6cc1d803dc93ae08847
28051,27/07/2017 08:26,Lecture & Tutorial,ee2fc1c93b2ffcf616f3ab7ad71175ecd0119f5fd736efa615721e4dca9fa590
28052,27/07/2017 08:26,Projects,ee2fc1c93b2ffcf616f3ab7ad71175ecd0119f5fd736efa615721e4dca9fa590
28053,27/07/2017 08:26,Lecture & Tutorial,98135cfcf3b1532957f9fc741b84f3eba169e8964de14ccd9120d16774f98775
28054,27/07/2017 08:26,Projects,acd1fdfa5fa48b81543897bf891bb7655c2a22328edcc5616c4b5b00e3d126e0
28055,27/07/2017 08:26,Projects,70de97cbcd227808cf5e8ad6ea901b1734819e46e735a16ac20883bd065bebf4
28056,27/07/2017 08:26,Projects,70de97cbcd227808cf5e8ad6ea901b1734819e46e735a16ac20883bd065bebf4
28057,27/07/2017 08:26,Lecture & Tutorial,70de97cbcd227808cf5e8ad6ea901b1734819e46e735a16ac20883bd065bebf4
28058,27/07/2017 08:26,Projects,acd1fdfa5fa48b81543897bf891bb7655c2a22328edcc5616c4b5b00e3d126e0
28059,27/07/2017 08:26,Lecture & Tutorial,acd1fdfa5fa48b81543897bf891bb7655c2a22328edcc5616c4b5b00e3d126e0
28060,27/07/2017 08:26,Lecture & Tutorial,98135cfcf3b1532957f9fc741b84f3eba169e8964de14ccd9120d16774f98775
28061,27/07/2017 08:26,Lecture & Tutorial,98135cfcf3b1532957f9fc741b84f3eba169e8964de14ccd9120d16774f98775
28062,27/07/2017 08:26,Lecture & Tutorial,98135cfcf3b1532957f9fc741b84f3eba169e8964de14ccd9120d16774f98775
28063,27/07/2017 08:26,Lecture & Tutorial,98135cfcf3b1532957f9fc741b84f3eba169e8964de14ccd9120d16774f98775
28064,27/07/2017 08:26,Lecture & Tutorial,98135cfcf3b1532957f9fc741b84f3eba169e8964de14ccd9120d16774f98775
28065,27/07/2017 08:26,Lecture & Tutorial,98135cfcf3b1532957f9fc741b84f3eba169e8964de14ccd9120d16774f98775
28066,27/07/2017 08:26,Lecture & Tutorial,98135cfcf3b1532957f9fc741b84f3eba169e8964de14ccd9120d16774f98775
28067,27/07/2017 08:26,Lecture & Tutorial,98135cfcf3b1532957f9fc741b84f3eba169e8964de14ccd9120d16774f98775
28068,27/07/2017 08:26,Lecture & Tutorial,98135cfcf3b1532957f9fc741b84f3eba169e8964de14ccd9120d16774f98775
28069,27/07/2017 08:26,Lecture & Tutorial,98135cfcf3b1532957f9fc741b84f3eba169e8964de14ccd9120d16774f98775
28070,27/07/2017 08:26,Lecture & Tutorial,98135cfcf3b1532957f9fc741b84f3eba169e8964de14ccd9120d16774f98775
28071,27/07/2017 08:26,Lecture & Tutorial,98135cfcf3b1532957f9fc741b84f3eba169e8964de14ccd9120d16774f98775
28072,27/07/2017 08:26,Lecture & Tutorial,5118c010686e973890d5180d820bcc79f77eb5a7fb1cb79dbdb97d7101f99691
28073,27/07/2017 08:26,Lecture & Tutorial,98135cfcf3b1532957f9fc741b84f3eba169e8964de14ccd9120d16774f98775
28074,27/07/2017 08:26,Problem Solving,5118c010686e973890d5180d820bcc79f77eb5a7fb1cb79dbdb97d7101f99691
28075,27/07/2017 08:26,Problem Solving,5118c010686e973890d5180d820bcc79f77eb5a7fb1cb79dbdb97d7101f99691
28076,27/07/2017 08:26,Lecture & Tutorial,98135cfcf3b1532957f9fc741b84f3eba169e8964de14ccd9120d16774f98775
28077,27/07/2017 08:26,Lecture & Tutorial,98135cfcf3b1532957f9fc741b84f3eba169e8964de14ccd9120d16774f98775
28078,27/07/2017 08:26,Lecture & Tutorial,98135cfcf3b1532957f9fc741b84f3eba169e8964de14ccd9120d16774f98775
28079,27/07/2017 08:26,Problem Solving,c231590f7844593c994a2fc4b91c90c6ab8ec68567b53a1c27794e3ee1321ad2
28080,27/07/2017 08:26,Problem Solving,c231590f7844593c994a2fc4b91c90c6ab8ec68567b53a1c27794e3ee1321ad2
28081,27/07/2017 08:26,Lecture & Tutorial,c231590f7844593c994a2fc4b91c90c6ab8ec68567b53a1c27794e3ee1321ad2
28082,27/07/2017 08:26,Problem Solving,70de97cbcd227808cf5e8ad6ea901b1734819e46e735a16ac20883bd065bebf4
28083,27/07/2017 08:26,View Announcements,ee2fc1c93b2ffcf616f3ab7ad71175ecd0119f5fd736efa615721e4dca9fa590
28084,27/07/2017 08:26,Problem Solving,70de97cbcd227808cf5e8ad6ea901b1734819e46e735a16ac20883bd065bebf4
28085,27/07/2017 08:26,Problem Solving,70de97cbcd227808cf5e8ad6ea901b1734819e46e735a16ac20883bd065bebf4
28086,27/07/2017 08:26,Problem Solving,70de97cbcd227808cf5e8ad6ea901b1734819e46e735a16ac20883bd065bebf4
28087,27/07/2017 08:26,Problem Solving,70de97cbcd227808cf5e8ad6ea901b1734819e46e735a16ac20883bd065bebf4
28088,27/07/2017 08:26,Problem Solving,70de97cbcd227808cf5e8ad6ea901b1734819e46e735a16ac20883bd065bebf4
28089,27/07/2017 08:26,Problem Solving,70de97cbcd227808cf5e8ad6ea901b1734819e46e735a16ac20883bd065bebf4
28090,27/07/2017 08:26,Problem Solving,70de97cbcd227808cf5e8ad6ea901b1734819e46e735a16ac20883bd065bebf4
28091,27/07/2017 08:26,Problem Solving,70de97cbcd227808cf5e8ad6ea901b1734819e46e735a16ac20883bd065bebf4
28092,27/07/2017 08:26,Problem Solving,70de97cbcd227808cf5e8ad6ea901b1734819e46e735a16ac20883bd065bebf4
28093,27/07/2017 08:26,Lecture & Tutorial,70de97cbcd227808cf5e8ad6ea901b1734819e46e735a16ac20883bd065bebf4
28094,27/07/2017 08:25,Projects,9f606640e5b92fb2ae869f6fa5a06af230fc38a41de8fb50e00ab6de5a8402b7
28095,27/07/2017 08:25,Projects,9f606640e5b92fb2ae869f6fa5a06af230fc38a41de8fb50e00ab6de5a8402b7
28096,27/07/2017 08:25,Projects,9f606640e5b92fb2ae869f6fa5a06af230fc38a41de8fb50e00ab6de5a8402b7
28097,27/07/2017 08:23,Projects,9f606640e5b92fb2ae869f6fa5a06af230fc38a41de8fb50e00ab6de5a8402b7
28098,27/07/2017 08:22,View Announcements,f7e562dd4b0223ef44a3d988427feaf14b4c7d9db9044b16b1cc143c2b2dab4d
28099,27/07/2017 08:22,Projects,9f606640e5b92fb2ae869f6fa5a06af230fc38a41de8fb50e00ab6de5a8402b7
28100,27/07/2017 08:22,Projects,9f606640e5b92fb2ae869f6fa5a06af230fc38a41de8fb50e00ab6de5a8402b7
28101,27/07/2017 08:22,Projects,9f606640e5b92fb2ae869f6fa5a06af230fc38a41de8fb50e00ab6de5a8402b7
28102,27/07/2017 08:22,Lecture & Tutorial,9f606640e5b92fb2ae869f6fa5a06af230fc38a41de8fb50e00ab6de5a8402b7
28103,27/07/2017 08:22,Problem Solving,9f606640e5b92fb2ae869f6fa5a06af230fc38a41de8fb50e00ab6de5a8402b7
28104,27/07/2017 08:21,Problem Solving,9f606640e5b92fb2ae869f6fa5a06af230fc38a41de8fb50e00ab6de5a8402b7
28105,27/07/2017 08:21,Problem Solving,9f606640e5b92fb2ae869f6fa5a06af230fc38a41de8fb50e00ab6de5a8402b7
28106,27/07/2017 08:21,Lecture & Tutorial,9f606640e5b92fb2ae869f6fa5a06af230fc38a41de8fb50e00ab6de5a8402b7
28107,27/07/2017 08:16,Lecture & Tutorial,ee2fc1c93b2ffcf616f3ab7ad71175ecd0119f5fd736efa615721e4dca9fa590
28108,27/07/2017 08:16,Lecture & Tutorial,ee2fc1c93b2ffcf616f3ab7ad71175ecd0119f5fd736efa615721e4dca9fa590
28109,27/07/2017 08:14,Lecture & Tutorial,b7d42966a00d1afe0482871bdb6398d50d73ef8609b77f79baf8e84b8beea8e9
28110,27/07/2017 08:14,Materials,b7d42966a00d1afe0482871bdb6398d50d73ef8609b77f79baf8e84b8beea8e9
28111,27/07/2017 08:13,Instruction file,b7d42966a00d1afe0482871bdb6398d50d73ef8609b77f79baf8e84b8beea8e9
28112,27/07/2017 08:13,Instruction file,b7d42966a00d1afe0482871bdb6398d50d73ef8609b77f79baf8e84b8beea8e9
28113,27/07/2017 08:13,Instruction file,b7d42966a00d1afe0482871bdb6398d50d73ef8609b77f79baf8e84b8beea8e9
28114,27/07/2017 08:12,Instruction file,b7d42966a00d1afe0482871bdb6398d50d73ef8609b77f79baf8e84b8beea8e9
28115,27/07/2017 08:12,Instruction file,b7d42966a00d1afe0482871bdb6398d50d73ef8609b77f79baf8e84b8beea8e9
28116,27/07/2017 08:12,Lecture & Tutorial,b7d42966a00d1afe0482871bdb6398d50d73ef8609b77f79baf8e84b8beea8e9
28117,27/07/2017 08:10,Materials,f75897248b0fac8423fca4044d9bf92e156aee14ca42e2319f1082306c3e989b
28118,27/07/2017 08:10,Materials,f75897248b0fac8423fca4044d9bf92e156aee14ca42e2319f1082306c3e989b
28119,27/07/2017 08:10,Lecture & Tutorial,f75897248b0fac8423fca4044d9bf92e156aee14ca42e2319f1082306c3e989b
28120,27/07/2017 08:10,Materials,850854bd80c24566bd3cf392ac6faad1f06457771ab8a2adb92aa47352fe4679
28121,27/07/2017 08:10,Materials,850854bd80c24566bd3cf392ac6faad1f06457771ab8a2adb92aa47352fe4679
28122,27/07/2017 08:08,Materials,850854bd80c24566bd3cf392ac6faad1f06457771ab8a2adb92aa47352fe4679
28123,27/07/2017 08:08,Lecture & Tutorial,850854bd80c24566bd3cf392ac6faad1f06457771ab8a2adb92aa47352fe4679
28124,27/07/2017 08:08,Materials,850854bd80c24566bd3cf392ac6faad1f06457771ab8a2adb92aa47352fe4679
28125,27/07/2017 08:08,Lecture & Tutorial,850854bd80c24566bd3cf392ac6faad1f06457771ab8a2adb92aa47352fe4679
28126,27/07/2017 08:08,Lecture & Tutorial,850854bd80c24566bd3cf392ac6faad1f06457771ab8a2adb92aa47352fe4679
28127,27/07/2017 08:08,Lecture & Tutorial,850854bd80c24566bd3cf392ac6faad1f06457771ab8a2adb92aa47352fe4679
28128,27/07/2017 08:08,Lecture & Tutorial,850854bd80c24566bd3cf392ac6faad1f06457771ab8a2adb92aa47352fe4679
28129,27/07/2017 08:08,Lecture & Tutorial,850854bd80c24566bd3cf392ac6faad1f06457771ab8a2adb92aa47352fe4679
28130,27/07/2017 08:08,Lecture & Tutorial,850854bd80c24566bd3cf392ac6faad1f06457771ab8a2adb92aa47352fe4679
28131,27/07/2017 08:08,Lecture & Tutorial,850854bd80c24566bd3cf392ac6faad1f06457771ab8a2adb92aa47352fe4679
28132,27/07/2017 08:08,Lecture & Tutorial,850854bd80c24566bd3cf392ac6faad1f06457771ab8a2adb92aa47352fe4679
28133,27/07/2017 08:08,Lecture & Tutorial,850854bd80c24566bd3cf392ac6faad1f06457771ab8a2adb92aa47352fe4679
28134,27/07/2017 08:08,Lecture & Tutorial,850854bd80c24566bd3cf392ac6faad1f06457771ab8a2adb92aa47352fe4679
28135,27/07/2017 08:08,Lecture & Tutorial,850854bd80c24566bd3cf392ac6faad1f06457771ab8a2adb92aa47352fe4679
28136,27/07/2017 08:08,Lecture & Tutorial,850854bd80c24566bd3cf392ac6faad1f06457771ab8a2adb92aa47352fe4679
28137,27/07/2017 08:08,Lecture & Tutorial,850854bd80c24566bd3cf392ac6faad1f06457771ab8a2adb92aa47352fe4679
28138,27/07/2017 08:08,Lecture & Tutorial,850854bd80c24566bd3cf392ac6faad1f06457771ab8a2adb92aa47352fe4679
28139,27/07/2017 08:08,Lecture & Tutorial,850854bd80c24566bd3cf392ac6faad1f06457771ab8a2adb92aa47352fe4679
28140,27/07/2017 08:08,Lecture & Tutorial,850854bd80c24566bd3cf392ac6faad1f06457771ab8a2adb92aa47352fe4679
28141,27/07/2017 08:00,Lecture & Tutorial,dbff3edfd982c954f57901a95d324b3d57c6924493423fab3321bed6be6165fb
28142,27/07/2017 08:00,Lecture & Tutorial,dbff3edfd982c954f57901a95d324b3d57c6924493423fab3321bed6be6165fb
28143,27/07/2017 07:59,Lecture & Tutorial,caf83e8bcb8d37fede028549286e4cc14c8dea524c1b1dd63d0997c8dbb5d2b3
28144,27/07/2017 07:59,Lecture & Tutorial,caf83e8bcb8d37fede028549286e4cc14c8dea524c1b1dd63d0997c8dbb5d2b3
28145,27/07/2017 07:59,Lecture & Tutorial,caf83e8bcb8d37fede028549286e4cc14c8dea524c1b1dd63d0997c8dbb5d2b3
28146,27/07/2017 07:58,Group Pages,98135cfcf3b1532957f9fc741b84f3eba169e8964de14ccd9120d16774f98775
28147,27/07/2017 07:57,Group Pages,98135cfcf3b1532957f9fc741b84f3eba169e8964de14ccd9120d16774f98775
28148,27/07/2017 07:57,Group Pages,98135cfcf3b1532957f9fc741b84f3eba169e8964de14ccd9120d16774f98775
28149,27/07/2017 07:57,Group Pages,98135cfcf3b1532957f9fc741b84f3eba169e8964de14ccd9120d16774f98775
28150,27/07/2017 07:57,Projects,98135cfcf3b1532957f9fc741b84f3eba169e8964de14ccd9120d16774f98775
28151,27/07/2017 07:57,Projects,98135cfcf3b1532957f9fc741b84f3eba169e8964de14ccd9120d16774f98775
28152,27/07/2017 07:57,View Announcements,98135cfcf3b1532957f9fc741b84f3eba169e8964de14ccd9120d16774f98775
28153,27/07/2017 07:57,Lecture & Tutorial,98135cfcf3b1532957f9fc741b84f3eba169e8964de14ccd9120d16774f98775
28154,27/07/2017 07:57,Projects,98135cfcf3b1532957f9fc741b84f3eba169e8964de14ccd9120d16774f98775
28155,27/07/2017 07:57,Lecture & Tutorial,98135cfcf3b1532957f9fc741b84f3eba169e8964de14ccd9120d16774f98775
28156,27/07/2017 07:57,Lecture & Tutorial,98135cfcf3b1532957f9fc741b84f3eba169e8964de14ccd9120d16774f98775
28157,27/07/2017 07:57,Lecture & Tutorial,98135cfcf3b1532957f9fc741b84f3eba169e8964de14ccd9120d16774f98775
28158,27/07/2017 07:57,Lecture & Tutorial,98135cfcf3b1532957f9fc741b84f3eba169e8964de14ccd9120d16774f98775
28159,27/07/2017 07:57,Lecture & Tutorial,98135cfcf3b1532957f9fc741b84f3eba169e8964de14ccd9120d16774f98775
28160,27/07/2017 07:57,Lecture & Tutorial,98135cfcf3b1532957f9fc741b84f3eba169e8964de14ccd9120d16774f98775
28161,27/07/2017 07:57,Lecture & Tutorial,98135cfcf3b1532957f9fc741b84f3eba169e8964de14ccd9120d16774f98775
28162,27/07/2017 07:57,Lecture & Tutorial,98135cfcf3b1532957f9fc741b84f3eba169e8964de14ccd9120d16774f98775
28163,27/07/2017 07:57,Lecture & Tutorial,98135cfcf3b1532957f9fc741b84f3eba169e8964de14ccd9120d16774f98775
28164,27/07/2017 07:57,Lecture & Tutorial,98135cfcf3b1532957f9fc741b84f3eba169e8964de14ccd9120d16774f98775
28165,27/07/2017 07:57,Lecture & Tutorial,98135cfcf3b1532957f9fc741b84f3eba169e8964de14ccd9120d16774f98775
28166,27/07/2017 07:57,Lecture & Tutorial,98135cfcf3b1532957f9fc741b84f3eba169e8964de14ccd9120d16774f98775
28167,27/07/2017 07:57,Lecture & Tutorial,98135cfcf3b1532957f9fc741b84f3eba169e8964de14ccd9120d16774f98775
28168,27/07/2017 07:57,Lecture & Tutorial,98135cfcf3b1532957f9fc741b84f3eba169e8964de14ccd9120d16774f98775
28169,27/07/2017 07:57,Lecture & Tutorial,98135cfcf3b1532957f9fc741b84f3eba169e8964de14ccd9120d16774f98775
28170,27/07/2017 07:53,Question & Help,e069f95d2ee1205269526184a0312896e46932008748992e31a439a4d1ae2d99
28171,27/07/2017 07:53,Lecture & Tutorial,e069f95d2ee1205269526184a0312896e46932008748992e31a439a4d1ae2d99
28172,27/07/2017 07:53,Lecture & Tutorial,e069f95d2ee1205269526184a0312896e46932008748992e31a439a4d1ae2d99
28173,27/07/2017 07:53,Lecture & Tutorial,e069f95d2ee1205269526184a0312896e46932008748992e31a439a4d1ae2d99
28174,27/07/2017 07:53,Lecture & Tutorial,e069f95d2ee1205269526184a0312896e46932008748992e31a439a4d1ae2d99
28175,27/07/2017 07:53,Lecture & Tutorial,e069f95d2ee1205269526184a0312896e46932008748992e31a439a4d1ae2d99
28176,27/07/2017 07:53,Lecture & Tutorial,e069f95d2ee1205269526184a0312896e46932008748992e31a439a4d1ae2d99
28177,27/07/2017 07:53,Lecture & Tutorial,e069f95d2ee1205269526184a0312896e46932008748992e31a439a4d1ae2d99
28178,27/07/2017 07:53,Lecture & Tutorial,e069f95d2ee1205269526184a0312896e46932008748992e31a439a4d1ae2d99
28179,27/07/2017 07:53,Lecture & Tutorial,e069f95d2ee1205269526184a0312896e46932008748992e31a439a4d1ae2d99
28180,27/07/2017 07:53,Lecture & Tutorial,e069f95d2ee1205269526184a0312896e46932008748992e31a439a4d1ae2d99
28181,27/07/2017 07:53,Lecture & Tutorial,e069f95d2ee1205269526184a0312896e46932008748992e31a439a4d1ae2d99
28182,27/07/2017 07:53,Lecture & Tutorial,e069f95d2ee1205269526184a0312896e46932008748992e31a439a4d1ae2d99
28183,27/07/2017 07:53,Lecture & Tutorial,e069f95d2ee1205269526184a0312896e46932008748992e31a439a4d1ae2d99
28184,27/07/2017 07:53,Lecture & Tutorial,e069f95d2ee1205269526184a0312896e46932008748992e31a439a4d1ae2d99
28185,27/07/2017 07:53,Lecture & Tutorial,e069f95d2ee1205269526184a0312896e46932008748992e31a439a4d1ae2d99
28186,27/07/2017 07:53,Lecture & Tutorial,e069f95d2ee1205269526184a0312896e46932008748992e31a439a4d1ae2d99
28187,27/07/2017 07:43,Lecture & Tutorial,caf83e8bcb8d37fede028549286e4cc14c8dea524c1b1dd63d0997c8dbb5d2b3
28188,27/07/2017 07:43,Lecture & Tutorial,caf83e8bcb8d37fede028549286e4cc14c8dea524c1b1dd63d0997c8dbb5d2b3
28189,27/07/2017 07:43,Lecture & Tutorial,caf83e8bcb8d37fede028549286e4cc14c8dea524c1b1dd63d0997c8dbb5d2b3
28190,27/07/2017 07:43,Lecture & Tutorial,caf83e8bcb8d37fede028549286e4cc14c8dea524c1b1dd63d0997c8dbb5d2b3
28191,27/07/2017 07:43,Lecture & Tutorial,caf83e8bcb8d37fede028549286e4cc14c8dea524c1b1dd63d0997c8dbb5d2b3
28192,27/07/2017 07:40,Problem Solving,5201c0ae3e9cbcfe3e312e9ca0a836863fb7a1a161e4a6cc1d803dc93ae08847
28193,27/07/2017 07:40,Problem Solving,5201c0ae3e9cbcfe3e312e9ca0a836863fb7a1a161e4a6cc1d803dc93ae08847
28194,27/07/2017 07:40,Lecture & Tutorial,5201c0ae3e9cbcfe3e312e9ca0a836863fb7a1a161e4a6cc1d803dc93ae08847
28195,27/07/2017 07:40,Lecture & Tutorial,c49783171622312d60e9df14f27074d2bdebd74228d93f099610c11edd4700cd
28196,27/07/2017 07:40,Lecture & Tutorial,c49783171622312d60e9df14f27074d2bdebd74228d93f099610c11edd4700cd
28197,27/07/2017 07:39,Lecture & Tutorial,c49783171622312d60e9df14f27074d2bdebd74228d93f099610c11edd4700cd
28198,27/07/2017 07:39,Lecture & Tutorial,c49783171622312d60e9df14f27074d2bdebd74228d93f099610c11edd4700cd
28199,27/07/2017 07:39,Lecture & Tutorial,c49783171622312d60e9df14f27074d2bdebd74228d93f099610c11edd4700cd
28200,27/07/2017 07:39,Lecture & Tutorial,c49783171622312d60e9df14f27074d2bdebd74228d93f099610c11edd4700cd
28201,27/07/2017 07:39,Lecture & Tutorial,c49783171622312d60e9df14f27074d2bdebd74228d93f099610c11edd4700cd
28202,27/07/2017 07:39,Lecture & Tutorial,c49783171622312d60e9df14f27074d2bdebd74228d93f099610c11edd4700cd
28203,27/07/2017 07:39,Lecture & Tutorial,c49783171622312d60e9df14f27074d2bdebd74228d93f099610c11edd4700cd
28204,27/07/2017 07:39,Lecture & Tutorial,c49783171622312d60e9df14f27074d2bdebd74228d93f099610c11edd4700cd
28205,27/07/2017 07:39,Lecture & Tutorial,c49783171622312d60e9df14f27074d2bdebd74228d93f099610c11edd4700cd
28206,27/07/2017 07:39,Lecture & Tutorial,c49783171622312d60e9df14f27074d2bdebd74228d93f099610c11edd4700cd
28207,27/07/2017 07:39,Lecture & Tutorial,c49783171622312d60e9df14f27074d2bdebd74228d93f099610c11edd4700cd
28208,27/07/2017 07:39,Lecture & Tutorial,c49783171622312d60e9df14f27074d2bdebd74228d93f099610c11edd4700cd
28209,27/07/2017 07:39,Lecture & Tutorial,c49783171622312d60e9df14f27074d2bdebd74228d93f099610c11edd4700cd
28210,27/07/2017 07:39,Lecture & Tutorial,c49783171622312d60e9df14f27074d2bdebd74228d93f099610c11edd4700cd
28211,27/07/2017 07:39,Lecture & Tutorial,c49783171622312d60e9df14f27074d2bdebd74228d93f099610c11edd4700cd
28212,27/07/2017 07:39,Lecture & Tutorial,c49783171622312d60e9df14f27074d2bdebd74228d93f099610c11edd4700cd
28213,27/07/2017 07:25,Lecture & Tutorial,ee2fc1c93b2ffcf616f3ab7ad71175ecd0119f5fd736efa615721e4dca9fa590
28214,27/07/2017 07:25,Lecture & Tutorial,ee2fc1c93b2ffcf616f3ab7ad71175ecd0119f5fd736efa615721e4dca9fa590
28215,27/07/2017 07:24,Lecture & Tutorial,ee2fc1c93b2ffcf616f3ab7ad71175ecd0119f5fd736efa615721e4dca9fa590
28216,27/07/2017 07:23,Lecture & Tutorial,04b7cec99c3da9a7cf723a62854411e712cff8829e94c7979341eb55f4515972
28217,27/07/2017 07:23,Lecture & Tutorial,04b7cec99c3da9a7cf723a62854411e712cff8829e94c7979341eb55f4515972
28218,27/07/2017 07:23,Lecture & Tutorial,04b7cec99c3da9a7cf723a62854411e712cff8829e94c7979341eb55f4515972
28219,27/07/2017 07:23,Lecture & Tutorial,2bb758770bed737d5eb64591d7e5ae196d52c03bfce7f688f0d5f2df54247396
28220,27/07/2017 07:23,Lecture & Tutorial,2bb758770bed737d5eb64591d7e5ae196d52c03bfce7f688f0d5f2df54247396
28221,27/07/2017 07:23,Lecture & Tutorial,2bb758770bed737d5eb64591d7e5ae196d52c03bfce7f688f0d5f2df54247396
28222,27/07/2017 07:23,Lecture & Tutorial,2bb758770bed737d5eb64591d7e5ae196d52c03bfce7f688f0d5f2df54247396
28223,27/07/2017 07:23,Lecture & Tutorial,2bb758770bed737d5eb64591d7e5ae196d52c03bfce7f688f0d5f2df54247396
28224,27/07/2017 07:23,Lecture & Tutorial,2bb758770bed737d5eb64591d7e5ae196d52c03bfce7f688f0d5f2df54247396
28225,27/07/2017 07:20,Lecture & Tutorial,04b7cec99c3da9a7cf723a62854411e712cff8829e94c7979341eb55f4515972
28226,27/07/2017 07:20,Lecture & Tutorial,04b7cec99c3da9a7cf723a62854411e712cff8829e94c7979341eb55f4515972
28227,27/07/2017 07:14,Assessment,c49783171622312d60e9df14f27074d2bdebd74228d93f099610c11edd4700cd
28228,27/07/2017 07:14,Assessment,c49783171622312d60e9df14f27074d2bdebd74228d93f099610c11edd4700cd
28229,27/07/2017 07:14,View Announcements,c49783171622312d60e9df14f27074d2bdebd74228d93f099610c11edd4700cd
28230,27/07/2017 07:14,Lecture & Tutorial,c49783171622312d60e9df14f27074d2bdebd74228d93f099610c11edd4700cd
28231,27/07/2017 07:14,Lecture & Tutorial,c49783171622312d60e9df14f27074d2bdebd74228d93f099610c11edd4700cd
28232,27/07/2017 07:14,Lecture & Tutorial,c49783171622312d60e9df14f27074d2bdebd74228d93f099610c11edd4700cd
28233,27/07/2017 07:14,Lecture & Tutorial,c49783171622312d60e9df14f27074d2bdebd74228d93f099610c11edd4700cd
28234,27/07/2017 07:14,Lecture & Tutorial,c49783171622312d60e9df14f27074d2bdebd74228d93f099610c11edd4700cd
28235,27/07/2017 07:14,Lecture & Tutorial,c49783171622312d60e9df14f27074d2bdebd74228d93f099610c11edd4700cd
28236,27/07/2017 07:14,Lecture & Tutorial,c49783171622312d60e9df14f27074d2bdebd74228d93f099610c11edd4700cd
28237,27/07/2017 07:14,Lecture & Tutorial,c49783171622312d60e9df14f27074d2bdebd74228d93f099610c11edd4700cd
28238,27/07/2017 07:14,Lecture & Tutorial,c49783171622312d60e9df14f27074d2bdebd74228d93f099610c11edd4700cd
28239,27/07/2017 07:14,Lecture & Tutorial,c49783171622312d60e9df14f27074d2bdebd74228d93f099610c11edd4700cd
28240,27/07/2017 07:14,Lecture & Tutorial,c49783171622312d60e9df14f27074d2bdebd74228d93f099610c11edd4700cd
28241,27/07/2017 07:14,Lecture & Tutorial,c49783171622312d60e9df14f27074d2bdebd74228d93f099610c11edd4700cd
28242,27/07/2017 07:14,Lecture & Tutorial,c49783171622312d60e9df14f27074d2bdebd74228d93f099610c11edd4700cd
28243,27/07/2017 07:14,Lecture & Tutorial,c49783171622312d60e9df14f27074d2bdebd74228d93f099610c11edd4700cd
28244,27/07/2017 07:14,Lecture & Tutorial,c49783171622312d60e9df14f27074d2bdebd74228d93f099610c11edd4700cd
28245,27/07/2017 07:14,Lecture & Tutorial,c49783171622312d60e9df14f27074d2bdebd74228d93f099610c11edd4700cd
28246,27/07/2017 07:10,Lecture & Tutorial,904eff4332086bdf29128732b27940e069aca774edf1d3e38e56ff631d571968
28247,27/07/2017 07:10,Lecture & Tutorial,904eff4332086bdf29128732b27940e069aca774edf1d3e38e56ff631d571968
28248,27/07/2017 07:10,Lecture & Tutorial,904eff4332086bdf29128732b27940e069aca774edf1d3e38e56ff631d571968
28249,27/07/2017 07:10,Lecture & Tutorial,904eff4332086bdf29128732b27940e069aca774edf1d3e38e56ff631d571968
28250,27/07/2017 07:10,Lecture & Tutorial,904eff4332086bdf29128732b27940e069aca774edf1d3e38e56ff631d571968
28251,27/07/2017 07:10,Lecture & Tutorial,904eff4332086bdf29128732b27940e069aca774edf1d3e38e56ff631d571968
28252,27/07/2017 07:10,Lecture & Tutorial,904eff4332086bdf29128732b27940e069aca774edf1d3e38e56ff631d571968
28253,27/07/2017 07:10,Lecture & Tutorial,904eff4332086bdf29128732b27940e069aca774edf1d3e38e56ff631d571968
28254,27/07/2017 07:10,Lecture & Tutorial,904eff4332086bdf29128732b27940e069aca774edf1d3e38e56ff631d571968
28255,27/07/2017 07:10,Lecture & Tutorial,904eff4332086bdf29128732b27940e069aca774edf1d3e38e56ff631d571968
28256,27/07/2017 07:10,Lecture & Tutorial,904eff4332086bdf29128732b27940e069aca774edf1d3e38e56ff631d571968
28257,27/07/2017 07:10,Lecture & Tutorial,904eff4332086bdf29128732b27940e069aca774edf1d3e38e56ff631d571968
28258,27/07/2017 07:10,Lecture & Tutorial,904eff4332086bdf29128732b27940e069aca774edf1d3e38e56ff631d571968
28259,27/07/2017 07:10,Lecture & Tutorial,904eff4332086bdf29128732b27940e069aca774edf1d3e38e56ff631d571968
28260,27/07/2017 07:10,Lecture & Tutorial,904eff4332086bdf29128732b27940e069aca774edf1d3e38e56ff631d571968
28261,27/07/2017 07:10,Lecture & Tutorial,904eff4332086bdf29128732b27940e069aca774edf1d3e38e56ff631d571968
28262,27/07/2017 07:08,Lecture & Tutorial,904eff4332086bdf29128732b27940e069aca774edf1d3e38e56ff631d571968
28263,27/07/2017 07:08,Lecture & Tutorial,904eff4332086bdf29128732b27940e069aca774edf1d3e38e56ff631d571968
28264,27/07/2017 07:08,Lecture & Tutorial,904eff4332086bdf29128732b27940e069aca774edf1d3e38e56ff631d571968
28265,27/07/2017 07:08,Lecture & Tutorial,904eff4332086bdf29128732b27940e069aca774edf1d3e38e56ff631d571968
28266,27/07/2017 07:08,Lecture & Tutorial,904eff4332086bdf29128732b27940e069aca774edf1d3e38e56ff631d571968
28267,27/07/2017 07:08,Lecture & Tutorial,904eff4332086bdf29128732b27940e069aca774edf1d3e38e56ff631d571968
28268,27/07/2017 07:08,Lecture & Tutorial,904eff4332086bdf29128732b27940e069aca774edf1d3e38e56ff631d571968
28269,27/07/2017 07:08,Lecture & Tutorial,904eff4332086bdf29128732b27940e069aca774edf1d3e38e56ff631d571968
28270,27/07/2017 07:08,Lecture & Tutorial,904eff4332086bdf29128732b27940e069aca774edf1d3e38e56ff631d571968
28271,27/07/2017 07:08,Lecture & Tutorial,904eff4332086bdf29128732b27940e069aca774edf1d3e38e56ff631d571968
28272,27/07/2017 07:08,Lecture & Tutorial,904eff4332086bdf29128732b27940e069aca774edf1d3e38e56ff631d571968
28273,27/07/2017 07:08,Lecture & Tutorial,904eff4332086bdf29128732b27940e069aca774edf1d3e38e56ff631d571968
28274,27/07/2017 07:08,Lecture & Tutorial,904eff4332086bdf29128732b27940e069aca774edf1d3e38e56ff631d571968
28275,27/07/2017 07:08,Lecture & Tutorial,904eff4332086bdf29128732b27940e069aca774edf1d3e38e56ff631d571968
28276,27/07/2017 07:08,Lecture & Tutorial,904eff4332086bdf29128732b27940e069aca774edf1d3e38e56ff631d571968
28277,27/07/2017 07:08,Lecture & Tutorial,904eff4332086bdf29128732b27940e069aca774edf1d3e38e56ff631d571968
28278,27/07/2017 06:19,Materials,7c74d09e81a00f968f18bf3bfeab557afd65dddd7798baac3fcdd360f660fd75
28279,27/07/2017 06:19,Materials,7c74d09e81a00f968f18bf3bfeab557afd65dddd7798baac3fcdd360f660fd75
28280,27/07/2017 06:19,Lecture & Tutorial,7c74d09e81a00f968f18bf3bfeab557afd65dddd7798baac3fcdd360f660fd75
28281,27/07/2017 06:19,Materials,7c74d09e81a00f968f18bf3bfeab557afd65dddd7798baac3fcdd360f660fd75
28282,27/07/2017 06:19,Materials,7c74d09e81a00f968f18bf3bfeab557afd65dddd7798baac3fcdd360f660fd75
28283,27/07/2017 06:19,Materials,7c74d09e81a00f968f18bf3bfeab557afd65dddd7798baac3fcdd360f660fd75
28284,27/07/2017 06:18,Materials,7c74d09e81a00f968f18bf3bfeab557afd65dddd7798baac3fcdd360f660fd75
28285,27/07/2017 06:18,Materials,7c74d09e81a00f968f18bf3bfeab557afd65dddd7798baac3fcdd360f660fd75
28286,27/07/2017 06:18,Materials,7c74d09e81a00f968f18bf3bfeab557afd65dddd7798baac3fcdd360f660fd75
28287,27/07/2017 06:18,Materials,7c74d09e81a00f968f18bf3bfeab557afd65dddd7798baac3fcdd360f660fd75
28288,27/07/2017 06:18,Materials,7c74d09e81a00f968f18bf3bfeab557afd65dddd7798baac3fcdd360f660fd75
28289,27/07/2017 06:18,Materials,7c74d09e81a00f968f18bf3bfeab557afd65dddd7798baac3fcdd360f660fd75
28290,27/07/2017 06:18,Materials,7c74d09e81a00f968f18bf3bfeab557afd65dddd7798baac3fcdd360f660fd75
28291,27/07/2017 06:17,Materials,7c74d09e81a00f968f18bf3bfeab557afd65dddd7798baac3fcdd360f660fd75
28292,27/07/2017 06:17,Materials,7c74d09e81a00f968f18bf3bfeab557afd65dddd7798baac3fcdd360f660fd75
28293,27/07/2017 06:16,Materials,7c74d09e81a00f968f18bf3bfeab557afd65dddd7798baac3fcdd360f660fd75
28294,27/07/2017 06:16,Materials,7c74d09e81a00f968f18bf3bfeab557afd65dddd7798baac3fcdd360f660fd75
28295,27/07/2017 06:15,Materials,7c74d09e81a00f968f18bf3bfeab557afd65dddd7798baac3fcdd360f660fd75
28296,27/07/2017 06:15,Materials,7c74d09e81a00f968f18bf3bfeab557afd65dddd7798baac3fcdd360f660fd75
28297,27/07/2017 06:15,Materials,7c74d09e81a00f968f18bf3bfeab557afd65dddd7798baac3fcdd360f660fd75
28298,27/07/2017 06:11,View Announcements,7c74d09e81a00f968f18bf3bfeab557afd65dddd7798baac3fcdd360f660fd75
28299,27/07/2017 06:07,View Announcements,7c74d09e81a00f968f18bf3bfeab557afd65dddd7798baac3fcdd360f660fd75
28300,27/07/2017 06:07,View Announcements,7c74d09e81a00f968f18bf3bfeab557afd65dddd7798baac3fcdd360f660fd75
28301,27/07/2017 06:01,Materials,7c74d09e81a00f968f18bf3bfeab557afd65dddd7798baac3fcdd360f660fd75
28302,27/07/2017 06:01,Materials,7c74d09e81a00f968f18bf3bfeab557afd65dddd7798baac3fcdd360f660fd75
28303,27/07/2017 06:00,Materials,7c74d09e81a00f968f18bf3bfeab557afd65dddd7798baac3fcdd360f660fd75
28304,27/07/2017 06:00,Lecture & Tutorial,7c74d09e81a00f968f18bf3bfeab557afd65dddd7798baac3fcdd360f660fd75
28305,27/07/2017 06:00,Materials,7c74d09e81a00f968f18bf3bfeab557afd65dddd7798baac3fcdd360f660fd75
28306,27/07/2017 06:00,Materials,7c74d09e81a00f968f18bf3bfeab557afd65dddd7798baac3fcdd360f660fd75
28307,27/07/2017 06:00,Materials,7c74d09e81a00f968f18bf3bfeab557afd65dddd7798baac3fcdd360f660fd75
28308,27/07/2017 06:00,Materials,7c74d09e81a00f968f18bf3bfeab557afd65dddd7798baac3fcdd360f660fd75
28309,27/07/2017 06:00,Materials,7c74d09e81a00f968f18bf3bfeab557afd65dddd7798baac3fcdd360f660fd75
28310,27/07/2017 05:58,Materials,7c74d09e81a00f968f18bf3bfeab557afd65dddd7798baac3fcdd360f660fd75
28311,27/07/2017 05:58,Materials,7c74d09e81a00f968f18bf3bfeab557afd65dddd7798baac3fcdd360f660fd75
28312,27/07/2017 05:58,Materials,7c74d09e81a00f968f18bf3bfeab557afd65dddd7798baac3fcdd360f660fd75
28313,27/07/2017 05:58,Materials,7c74d09e81a00f968f18bf3bfeab557afd65dddd7798baac3fcdd360f660fd75
28314,27/07/2017 05:58,Materials,7c74d09e81a00f968f18bf3bfeab557afd65dddd7798baac3fcdd360f660fd75
28315,27/07/2017 05:58,Materials,7c74d09e81a00f968f18bf3bfeab557afd65dddd7798baac3fcdd360f660fd75
28316,27/07/2017 05:58,Materials,7c74d09e81a00f968f18bf3bfeab557afd65dddd7798baac3fcdd360f660fd75
28317,27/07/2017 05:58,Materials,7c74d09e81a00f968f18bf3bfeab557afd65dddd7798baac3fcdd360f660fd75
28318,27/07/2017 05:57,View Announcements,7c74d09e81a00f968f18bf3bfeab557afd65dddd7798baac3fcdd360f660fd75
28319,27/07/2017 05:57,View Announcements,7c74d09e81a00f968f18bf3bfeab557afd65dddd7798baac3fcdd360f660fd75
28320,27/07/2017 05:57,Materials,7c74d09e81a00f968f18bf3bfeab557afd65dddd7798baac3fcdd360f660fd75
28321,27/07/2017 05:57,Materials,7c74d09e81a00f968f18bf3bfeab557afd65dddd7798baac3fcdd360f660fd75
28322,27/07/2017 05:57,Materials,7c74d09e81a00f968f18bf3bfeab557afd65dddd7798baac3fcdd360f660fd75
28323,27/07/2017 05:56,Materials,7c74d09e81a00f968f18bf3bfeab557afd65dddd7798baac3fcdd360f660fd75
28324,27/07/2017 05:56,Materials,7c74d09e81a00f968f18bf3bfeab557afd65dddd7798baac3fcdd360f660fd75
28325,27/07/2017 05:56,Materials,7c74d09e81a00f968f18bf3bfeab557afd65dddd7798baac3fcdd360f660fd75
28326,27/07/2017 05:56,Materials,7c74d09e81a00f968f18bf3bfeab557afd65dddd7798baac3fcdd360f660fd75
28327,27/07/2017 05:56,Materials,7c74d09e81a00f968f18bf3bfeab557afd65dddd7798baac3fcdd360f660fd75
28328,27/07/2017 05:56,Materials,7c74d09e81a00f968f18bf3bfeab557afd65dddd7798baac3fcdd360f660fd75
28329,27/07/2017 05:56,Materials,7c74d09e81a00f968f18bf3bfeab557afd65dddd7798baac3fcdd360f660fd75
28330,27/07/2017 05:55,Materials,7c74d09e81a00f968f18bf3bfeab557afd65dddd7798baac3fcdd360f660fd75
28331,27/07/2017 05:55,Materials,7c74d09e81a00f968f18bf3bfeab557afd65dddd7798baac3fcdd360f660fd75
28332,27/07/2017 05:55,Materials,7c74d09e81a00f968f18bf3bfeab557afd65dddd7798baac3fcdd360f660fd75
28333,27/07/2017 05:54,Materials,7c74d09e81a00f968f18bf3bfeab557afd65dddd7798baac3fcdd360f660fd75
28334,27/07/2017 05:54,Materials,7c74d09e81a00f968f18bf3bfeab557afd65dddd7798baac3fcdd360f660fd75
28335,27/07/2017 05:50,View Announcements,7c74d09e81a00f968f18bf3bfeab557afd65dddd7798baac3fcdd360f660fd75
28336,27/07/2017 05:46,Materials,7c74d09e81a00f968f18bf3bfeab557afd65dddd7798baac3fcdd360f660fd75
28337,27/07/2017 05:46,Materials,7c74d09e81a00f968f18bf3bfeab557afd65dddd7798baac3fcdd360f660fd75
28338,27/07/2017 05:42,Materials,7c74d09e81a00f968f18bf3bfeab557afd65dddd7798baac3fcdd360f660fd75
28339,27/07/2017 05:42,Materials,7c74d09e81a00f968f18bf3bfeab557afd65dddd7798baac3fcdd360f660fd75
28340,27/07/2017 05:42,Materials,7c74d09e81a00f968f18bf3bfeab557afd65dddd7798baac3fcdd360f660fd75
28341,27/07/2017 05:42,Lecture & Tutorial,7c74d09e81a00f968f18bf3bfeab557afd65dddd7798baac3fcdd360f660fd75
28342,27/07/2017 05:42,Materials,7c74d09e81a00f968f18bf3bfeab557afd65dddd7798baac3fcdd360f660fd75
28343,27/07/2017 05:42,Lecture & Tutorial,7c74d09e81a00f968f18bf3bfeab557afd65dddd7798baac3fcdd360f660fd75
28344,27/07/2017 05:42,Materials,7c74d09e81a00f968f18bf3bfeab557afd65dddd7798baac3fcdd360f660fd75
28345,27/07/2017 05:42,Materials,7c74d09e81a00f968f18bf3bfeab557afd65dddd7798baac3fcdd360f660fd75
28346,27/07/2017 05:42,Materials,7c74d09e81a00f968f18bf3bfeab557afd65dddd7798baac3fcdd360f660fd75
28347,27/07/2017 05:42,Materials,7c74d09e81a00f968f18bf3bfeab557afd65dddd7798baac3fcdd360f660fd75
28348,27/07/2017 05:41,Materials,7c74d09e81a00f968f18bf3bfeab557afd65dddd7798baac3fcdd360f660fd75
28349,27/07/2017 05:41,Materials,7c74d09e81a00f968f18bf3bfeab557afd65dddd7798baac3fcdd360f660fd75
28350,27/07/2017 05:41,Materials,7c74d09e81a00f968f18bf3bfeab557afd65dddd7798baac3fcdd360f660fd75
28351,27/07/2017 05:41,Materials,7c74d09e81a00f968f18bf3bfeab557afd65dddd7798baac3fcdd360f660fd75
28352,27/07/2017 05:41,Materials,7c74d09e81a00f968f18bf3bfeab557afd65dddd7798baac3fcdd360f660fd75
28353,27/07/2017 05:41,Materials,7c74d09e81a00f968f18bf3bfeab557afd65dddd7798baac3fcdd360f660fd75
28354,27/07/2017 05:41,Materials,7c74d09e81a00f968f18bf3bfeab557afd65dddd7798baac3fcdd360f660fd75
28355,27/07/2017 05:41,Materials,7c74d09e81a00f968f18bf3bfeab557afd65dddd7798baac3fcdd360f660fd75
28356,27/07/2017 05:40,Materials,7c74d09e81a00f968f18bf3bfeab557afd65dddd7798baac3fcdd360f660fd75
28357,27/07/2017 05:40,Materials,7c74d09e81a00f968f18bf3bfeab557afd65dddd7798baac3fcdd360f660fd75
28358,27/07/2017 05:39,Materials,7c74d09e81a00f968f18bf3bfeab557afd65dddd7798baac3fcdd360f660fd75
28359,27/07/2017 05:39,Materials,7c74d09e81a00f968f18bf3bfeab557afd65dddd7798baac3fcdd360f660fd75
28360,27/07/2017 05:29,Materials,7c74d09e81a00f968f18bf3bfeab557afd65dddd7798baac3fcdd360f660fd75
28361,27/07/2017 05:29,Materials,7c74d09e81a00f968f18bf3bfeab557afd65dddd7798baac3fcdd360f660fd75
28362,27/07/2017 05:29,View Announcements,7c74d09e81a00f968f18bf3bfeab557afd65dddd7798baac3fcdd360f660fd75
28363,27/07/2017 05:28,Materials,7c74d09e81a00f968f18bf3bfeab557afd65dddd7798baac3fcdd360f660fd75
28364,27/07/2017 05:28,Materials,7c74d09e81a00f968f18bf3bfeab557afd65dddd7798baac3fcdd360f660fd75
28365,27/07/2017 05:28,Lecture & Tutorial,7c74d09e81a00f968f18bf3bfeab557afd65dddd7798baac3fcdd360f660fd75
28366,27/07/2017 05:28,Materials,7c74d09e81a00f968f18bf3bfeab557afd65dddd7798baac3fcdd360f660fd75
28367,27/07/2017 05:28,Materials,7c74d09e81a00f968f18bf3bfeab557afd65dddd7798baac3fcdd360f660fd75
28368,27/07/2017 05:28,Materials,7c74d09e81a00f968f18bf3bfeab557afd65dddd7798baac3fcdd360f660fd75
28369,27/07/2017 05:27,Materials,7c74d09e81a00f968f18bf3bfeab557afd65dddd7798baac3fcdd360f660fd75
28370,27/07/2017 05:27,Materials,7c74d09e81a00f968f18bf3bfeab557afd65dddd7798baac3fcdd360f660fd75
28371,27/07/2017 05:27,Materials,7c74d09e81a00f968f18bf3bfeab557afd65dddd7798baac3fcdd360f660fd75
28372,27/07/2017 05:27,Materials,7c74d09e81a00f968f18bf3bfeab557afd65dddd7798baac3fcdd360f660fd75
28373,27/07/2017 05:27,Materials,7c74d09e81a00f968f18bf3bfeab557afd65dddd7798baac3fcdd360f660fd75
28374,27/07/2017 05:27,Materials,7c74d09e81a00f968f18bf3bfeab557afd65dddd7798baac3fcdd360f660fd75
28375,27/07/2017 05:27,Materials,7c74d09e81a00f968f18bf3bfeab557afd65dddd7798baac3fcdd360f660fd75
28376,27/07/2017 05:27,Materials,7c74d09e81a00f968f18bf3bfeab557afd65dddd7798baac3fcdd360f660fd75
28377,27/07/2017 05:26,Materials,7c74d09e81a00f968f18bf3bfeab557afd65dddd7798baac3fcdd360f660fd75
28378,27/07/2017 05:26,Materials,7c74d09e81a00f968f18bf3bfeab557afd65dddd7798baac3fcdd360f660fd75
28379,27/07/2017 05:25,Materials,7c74d09e81a00f968f18bf3bfeab557afd65dddd7798baac3fcdd360f660fd75
28380,27/07/2017 05:25,Materials,7c74d09e81a00f968f18bf3bfeab557afd65dddd7798baac3fcdd360f660fd75
28381,27/07/2017 05:24,Materials,7c74d09e81a00f968f18bf3bfeab557afd65dddd7798baac3fcdd360f660fd75
28382,27/07/2017 05:24,Materials,7c74d09e81a00f968f18bf3bfeab557afd65dddd7798baac3fcdd360f660fd75
28383,27/07/2017 05:24,Materials,7c74d09e81a00f968f18bf3bfeab557afd65dddd7798baac3fcdd360f660fd75
28384,27/07/2017 05:24,Materials,7c74d09e81a00f968f18bf3bfeab557afd65dddd7798baac3fcdd360f660fd75
28385,27/07/2017 05:24,Materials,7c74d09e81a00f968f18bf3bfeab557afd65dddd7798baac3fcdd360f660fd75
28386,27/07/2017 05:24,Materials,7c74d09e81a00f968f18bf3bfeab557afd65dddd7798baac3fcdd360f660fd75
28387,27/07/2017 05:24,Materials,7c74d09e81a00f968f18bf3bfeab557afd65dddd7798baac3fcdd360f660fd75
28388,27/07/2017 05:24,Materials,7c74d09e81a00f968f18bf3bfeab557afd65dddd7798baac3fcdd360f660fd75
28389,27/07/2017 05:23,Materials,7c74d09e81a00f968f18bf3bfeab557afd65dddd7798baac3fcdd360f660fd75
28390,27/07/2017 05:22,Materials,7c74d09e81a00f968f18bf3bfeab557afd65dddd7798baac3fcdd360f660fd75
28391,27/07/2017 05:21,Materials,7c74d09e81a00f968f18bf3bfeab557afd65dddd7798baac3fcdd360f660fd75
28392,27/07/2017 05:21,Materials,7c74d09e81a00f968f18bf3bfeab557afd65dddd7798baac3fcdd360f660fd75
28393,27/07/2017 05:21,Materials,7c74d09e81a00f968f18bf3bfeab557afd65dddd7798baac3fcdd360f660fd75
28394,27/07/2017 05:19,View Announcements,7c74d09e81a00f968f18bf3bfeab557afd65dddd7798baac3fcdd360f660fd75
28395,27/07/2017 05:19,View Announcements,7c74d09e81a00f968f18bf3bfeab557afd65dddd7798baac3fcdd360f660fd75
28396,27/07/2017 05:16,Materials,7c74d09e81a00f968f18bf3bfeab557afd65dddd7798baac3fcdd360f660fd75
28397,27/07/2017 05:16,Materials,7c74d09e81a00f968f18bf3bfeab557afd65dddd7798baac3fcdd360f660fd75
28398,27/07/2017 05:06,Materials,7c74d09e81a00f968f18bf3bfeab557afd65dddd7798baac3fcdd360f660fd75
28399,27/07/2017 05:05,Materials,7c74d09e81a00f968f18bf3bfeab557afd65dddd7798baac3fcdd360f660fd75
28400,27/07/2017 05:04,Materials,7c74d09e81a00f968f18bf3bfeab557afd65dddd7798baac3fcdd360f660fd75
28401,27/07/2017 05:04,Lecture & Tutorial,7c74d09e81a00f968f18bf3bfeab557afd65dddd7798baac3fcdd360f660fd75
28402,27/07/2017 03:20,Assessment,8ff348258ff76ab9fac5b103cfe4370b24f7dcca3d13d2fdce05bade2955d623
28403,27/07/2017 03:20,Assessment,8ff348258ff76ab9fac5b103cfe4370b24f7dcca3d13d2fdce05bade2955d623
28404,27/07/2017 03:20,View Announcements,8ff348258ff76ab9fac5b103cfe4370b24f7dcca3d13d2fdce05bade2955d623
28405,27/07/2017 03:20,View Announcements,8ff348258ff76ab9fac5b103cfe4370b24f7dcca3d13d2fdce05bade2955d623
28406,27/07/2017 03:20,View Announcements,8ff348258ff76ab9fac5b103cfe4370b24f7dcca3d13d2fdce05bade2955d623
28407,27/07/2017 03:20,View Announcements,8ff348258ff76ab9fac5b103cfe4370b24f7dcca3d13d2fdce05bade2955d623
28408,27/07/2017 03:20,Problem Solving,8ff348258ff76ab9fac5b103cfe4370b24f7dcca3d13d2fdce05bade2955d623
28409,27/07/2017 03:20,Problem Solving,8ff348258ff76ab9fac5b103cfe4370b24f7dcca3d13d2fdce05bade2955d623
28410,27/07/2017 03:20,Lecture & Tutorial,8ff348258ff76ab9fac5b103cfe4370b24f7dcca3d13d2fdce05bade2955d623
28411,27/07/2017 02:25,View Announcements,c7dfc1ff14d5ff0d5265d0d70725f056399167f3974633e9929ad70aa9774c66
28412,27/07/2017 02:25,View Announcements,c7dfc1ff14d5ff0d5265d0d70725f056399167f3974633e9929ad70aa9774c66
28413,27/07/2017 00:39,Projects,224bcd459fc10251ce0a9661e3c627175852c7c1fed97750241a5fe9a6f30585
28414,27/07/2017 00:39,Projects,224bcd459fc10251ce0a9661e3c627175852c7c1fed97750241a5fe9a6f30585
28415,27/07/2017 00:38,Projects,224bcd459fc10251ce0a9661e3c627175852c7c1fed97750241a5fe9a6f30585
28416,27/07/2017 00:21,View Announcements,2e89e656cc69da3b00738ba51f4aff0f697bbd071c1205dc52b7c659622fd788
28417,27/07/2017 00:17,View Announcements,2e89e656cc69da3b00738ba51f4aff0f697bbd071c1205dc52b7c659622fd788
28418,27/07/2017 00:17,View Announcements,2e89e656cc69da3b00738ba51f4aff0f697bbd071c1205dc52b7c659622fd788
28419,27/07/2017 00:15,Projects,2e89e656cc69da3b00738ba51f4aff0f697bbd071c1205dc52b7c659622fd788
28420,27/07/2017 00:15,Projects,2e89e656cc69da3b00738ba51f4aff0f697bbd071c1205dc52b7c659622fd788
28421,27/07/2017 00:15,Lecture & Tutorial,2e89e656cc69da3b00738ba51f4aff0f697bbd071c1205dc52b7c659622fd788
28422,27/07/2017 00:14,View Announcements,2e89e656cc69da3b00738ba51f4aff0f697bbd071c1205dc52b7c659622fd788
28423,27/07/2017 00:14,View Announcements,2e89e656cc69da3b00738ba51f4aff0f697bbd071c1205dc52b7c659622fd788
28424,27/07/2017 00:13,View Announcements,2e89e656cc69da3b00738ba51f4aff0f697bbd071c1205dc52b7c659622fd788
28425,27/07/2017 00:11,Assessment,2e89e656cc69da3b00738ba51f4aff0f697bbd071c1205dc52b7c659622fd788
28426,27/07/2017 00:11,View Announcements,2e89e656cc69da3b00738ba51f4aff0f697bbd071c1205dc52b7c659622fd788
28427,27/07/2017 00:09,Projects,224bcd459fc10251ce0a9661e3c627175852c7c1fed97750241a5fe9a6f30585
28428,27/07/2017 00:09,Projects,224bcd459fc10251ce0a9661e3c627175852c7c1fed97750241a5fe9a6f30585
28429,27/07/2017 00:09,Projects,224bcd459fc10251ce0a9661e3c627175852c7c1fed97750241a5fe9a6f30585
28430,27/07/2017 00:09,Projects,224bcd459fc10251ce0a9661e3c627175852c7c1fed97750241a5fe9a6f30585
28431,27/07/2017 00:09,Projects,224bcd459fc10251ce0a9661e3c627175852c7c1fed97750241a5fe9a6f30585
28432,27/07/2017 00:08,Assessment,224bcd459fc10251ce0a9661e3c627175852c7c1fed97750241a5fe9a6f30585
28433,27/07/2017 00:08,View Announcements,224bcd459fc10251ce0a9661e3c627175852c7c1fed97750241a5fe9a6f30585
28434,27/07/2017 00:08,Projects,2e89e656cc69da3b00738ba51f4aff0f697bbd071c1205dc52b7c659622fd788
28435,27/07/2017 00:08,Lecture & Tutorial,2e89e656cc69da3b00738ba51f4aff0f697bbd071c1205dc52b7c659622fd788
28436,27/07/2017 00:08,Lecture & Tutorial,2e89e656cc69da3b00738ba51f4aff0f697bbd071c1205dc52b7c659622fd788
28437,27/07/2017 00:08,Lecture & Tutorial,2e89e656cc69da3b00738ba51f4aff0f697bbd071c1205dc52b7c659622fd788
28438,27/07/2017 00:08,Projects,224bcd459fc10251ce0a9661e3c627175852c7c1fed97750241a5fe9a6f30585
28439,27/07/2017 00:08,Projects,224bcd459fc10251ce0a9661e3c627175852c7c1fed97750241a5fe9a6f30585
28440,27/07/2017 00:08,Lecture & Tutorial,224bcd459fc10251ce0a9661e3c627175852c7c1fed97750241a5fe9a6f30585
28441,27/07/2017 00:08,View Announcements,224bcd459fc10251ce0a9661e3c627175852c7c1fed97750241a5fe9a6f30585
28442,27/07/2017 00:08,Lecture & Tutorial,224bcd459fc10251ce0a9661e3c627175852c7c1fed97750241a5fe9a6f30585
28443,27/07/2017 00:07,View Announcements,224bcd459fc10251ce0a9661e3c627175852c7c1fed97750241a5fe9a6f30585
28444,27/07/2017 00:07,Problem Solving,224bcd459fc10251ce0a9661e3c627175852c7c1fed97750241a5fe9a6f30585
28445,27/07/2017 00:07,Lecture & Tutorial,224bcd459fc10251ce0a9661e3c627175852c7c1fed97750241a5fe9a6f30585
28446,27/07/2017 00:07,View Announcements,224bcd459fc10251ce0a9661e3c627175852c7c1fed97750241a5fe9a6f30585
28447,27/07/2017 00:07,View Announcements,224bcd459fc10251ce0a9661e3c627175852c7c1fed97750241a5fe9a6f30585
28448,27/07/2017 00:07,View Announcements,224bcd459fc10251ce0a9661e3c627175852c7c1fed97750241a5fe9a6f30585
28449,27/07/2017 00:07,View Announcements,224bcd459fc10251ce0a9661e3c627175852c7c1fed97750241a5fe9a6f30585
28450,27/07/2017 00:07,Projects,224bcd459fc10251ce0a9661e3c627175852c7c1fed97750241a5fe9a6f30585
28451,27/07/2017 00:07,Projects,224bcd459fc10251ce0a9661e3c627175852c7c1fed97750241a5fe9a6f30585
28452,27/07/2017 00:07,Lecture & Tutorial,224bcd459fc10251ce0a9661e3c627175852c7c1fed97750241a5fe9a6f30585
28453,27/07/2017 00:07,View Announcements,224bcd459fc10251ce0a9661e3c627175852c7c1fed97750241a5fe9a6f30585
28454,27/07/2017 00:05,Projects,224bcd459fc10251ce0a9661e3c627175852c7c1fed97750241a5fe9a6f30585
28455,27/07/2017 00:05,Projects,224bcd459fc10251ce0a9661e3c627175852c7c1fed97750241a5fe9a6f30585
28456,27/07/2017 00:04,Projects,224bcd459fc10251ce0a9661e3c627175852c7c1fed97750241a5fe9a6f30585
28457,27/07/2017 00:04,Lecture & Tutorial,224bcd459fc10251ce0a9661e3c627175852c7c1fed97750241a5fe9a6f30585
28458,27/07/2017 00:04,Projects,224bcd459fc10251ce0a9661e3c627175852c7c1fed97750241a5fe9a6f30585
28459,27/07/2017 00:04,Lecture & Tutorial,224bcd459fc10251ce0a9661e3c627175852c7c1fed97750241a5fe9a6f30585
28460,27/07/2017 00:04,Projects,224bcd459fc10251ce0a9661e3c627175852c7c1fed97750241a5fe9a6f30585
28461,27/07/2017 00:04,Projects,224bcd459fc10251ce0a9661e3c627175852c7c1fed97750241a5fe9a6f30585
28462,27/07/2017 00:03,Projects,224bcd459fc10251ce0a9661e3c627175852c7c1fed97750241a5fe9a6f30585
28463,27/07/2017 00:03,Lecture & Tutorial,224bcd459fc10251ce0a9661e3c627175852c7c1fed97750241a5fe9a6f30585
28464,27/07/2017 00:03,View Announcements,224bcd459fc10251ce0a9661e3c627175852c7c1fed97750241a5fe9a6f30585
28465,27/07/2017 00:03,Assessment,9f606640e5b92fb2ae869f6fa5a06af230fc38a41de8fb50e00ab6de5a8402b7
28466,27/07/2017 00:03,Lecture & Tutorial,224bcd459fc10251ce0a9661e3c627175852c7c1fed97750241a5fe9a6f30585
28467,27/07/2017 00:03,View Announcements,224bcd459fc10251ce0a9661e3c627175852c7c1fed97750241a5fe9a6f30585
28468,27/07/2017 00:03,View Announcements,224bcd459fc10251ce0a9661e3c627175852c7c1fed97750241a5fe9a6f30585
28469,27/07/2017 00:03,View Announcements,9f606640e5b92fb2ae869f6fa5a06af230fc38a41de8fb50e00ab6de5a8402b7
28470,27/07/2017 00:02,Lecture & Tutorial,224bcd459fc10251ce0a9661e3c627175852c7c1fed97750241a5fe9a6f30585
28471,27/07/2017 00:02,Lecture & Tutorial,224bcd459fc10251ce0a9661e3c627175852c7c1fed97750241a5fe9a6f30585
28472,27/07/2017 00:02,Lecture & Tutorial,224bcd459fc10251ce0a9661e3c627175852c7c1fed97750241a5fe9a6f30585
39115,27/07/2017 23:56,Projects,e385d1db718e3a36cf6b2a5bd29e7e93a027487095c15523fd3aed59b12492f1
39116,27/07/2017 23:53,Projects,9f9697382230ec7e4b8c6c1a340ea27af127f6ed8e154817f623b88bc9dfb380
39117,27/07/2017 23:53,Assessment,9f9697382230ec7e4b8c6c1a340ea27af127f6ed8e154817f623b88bc9dfb380
39118,27/07/2017 23:53,Projects,e385d1db718e3a36cf6b2a5bd29e7e93a027487095c15523fd3aed59b12492f1
39119,27/07/2017 23:53,Projects,e385d1db718e3a36cf6b2a5bd29e7e93a027487095c15523fd3aed59b12492f1
39120,27/07/2017 23:53,Projects,e385d1db718e3a36cf6b2a5bd29e7e93a027487095c15523fd3aed59b12492f1
39121,27/07/2017 23:53,Projects,e385d1db718e3a36cf6b2a5bd29e7e93a027487095c15523fd3aed59b12492f1
39122,27/07/2017 23:53,Assessment,e385d1db718e3a36cf6b2a5bd29e7e93a027487095c15523fd3aed59b12492f1
39123,27/07/2017 23:53,View Announcements,e385d1db718e3a36cf6b2a5bd29e7e93a027487095c15523fd3aed59b12492f1
39124,27/07/2017 23:53,Projects,e385d1db718e3a36cf6b2a5bd29e7e93a027487095c15523fd3aed59b12492f1
39125,27/07/2017 23:53,Projects,e385d1db718e3a36cf6b2a5bd29e7e93a027487095c15523fd3aed59b12492f1
39126,27/07/2017 23:53,Projects,e385d1db718e3a36cf6b2a5bd29e7e93a027487095c15523fd3aed59b12492f1
39127,27/07/2017 23:53,Lecture & Tutorial,e385d1db718e3a36cf6b2a5bd29e7e93a027487095c15523fd3aed59b12492f1
39128,27/07/2017 23:53,View Announcements,e385d1db718e3a36cf6b2a5bd29e7e93a027487095c15523fd3aed59b12492f1
39129,27/07/2017 23:49,View Announcements,0ce9133d599f455828d4e1ac7f2114d13fd6ff52f20cba3c72078cde1c4b2def
39130,27/07/2017 23:49,Problem Solving,0ce9133d599f455828d4e1ac7f2114d13fd6ff52f20cba3c72078cde1c4b2def
39131,27/07/2017 23:49,Assessment,9f9697382230ec7e4b8c6c1a340ea27af127f6ed8e154817f623b88bc9dfb380
39132,27/07/2017 23:49,Assessment,9f9697382230ec7e4b8c6c1a340ea27af127f6ed8e154817f623b88bc9dfb380
39133,27/07/2017 23:49,Assessment,9f9697382230ec7e4b8c6c1a340ea27af127f6ed8e154817f623b88bc9dfb380
39134,27/07/2017 23:49,Lecture & Tutorial,0ce9133d599f455828d4e1ac7f2114d13fd6ff52f20cba3c72078cde1c4b2def
39135,27/07/2017 23:49,Problem Solving,0ce9133d599f455828d4e1ac7f2114d13fd6ff52f20cba3c72078cde1c4b2def
39136,27/07/2017 23:49,Problem Solving,0ce9133d599f455828d4e1ac7f2114d13fd6ff52f20cba3c72078cde1c4b2def
39137,27/07/2017 23:48,Lecture & Tutorial,0ce9133d599f455828d4e1ac7f2114d13fd6ff52f20cba3c72078cde1c4b2def
39138,27/07/2017 23:48,Projects,0ce9133d599f455828d4e1ac7f2114d13fd6ff52f20cba3c72078cde1c4b2def
39139,27/07/2017 23:48,Question & Help,9f9697382230ec7e4b8c6c1a340ea27af127f6ed8e154817f623b88bc9dfb380
39140,27/07/2017 23:48,View Announcements,9f9697382230ec7e4b8c6c1a340ea27af127f6ed8e154817f623b88bc9dfb380
39141,27/07/2017 23:48,View Announcements,9f9697382230ec7e4b8c6c1a340ea27af127f6ed8e154817f623b88bc9dfb380
39142,27/07/2017 23:48,Lecture & Tutorial,9f9697382230ec7e4b8c6c1a340ea27af127f6ed8e154817f623b88bc9dfb380
39143,27/07/2017 23:48,Lecture & Tutorial,9f9697382230ec7e4b8c6c1a340ea27af127f6ed8e154817f623b88bc9dfb380
39144,27/07/2017 23:48,Instruction file,0ce9133d599f455828d4e1ac7f2114d13fd6ff52f20cba3c72078cde1c4b2def
39145,27/07/2017 23:48,Instruction file,0ce9133d599f455828d4e1ac7f2114d13fd6ff52f20cba3c72078cde1c4b2def
39146,27/07/2017 23:48,Instruction file,0ce9133d599f455828d4e1ac7f2114d13fd6ff52f20cba3c72078cde1c4b2def
39147,27/07/2017 23:48,Instruction file,0ce9133d599f455828d4e1ac7f2114d13fd6ff52f20cba3c72078cde1c4b2def
39148,27/07/2017 23:48,Lecture & Tutorial,0ce9133d599f455828d4e1ac7f2114d13fd6ff52f20cba3c72078cde1c4b2def
39149,27/07/2017 23:47,Problem Solving,e4892eefa077b7ac994cf9a3eaba81fdaae9a0fd9cd25a83861a7fd6208b65b6
39150,27/07/2017 23:47,Problem Solving,e4892eefa077b7ac994cf9a3eaba81fdaae9a0fd9cd25a83861a7fd6208b65b6
39151,27/07/2017 23:47,Problem Solving,e4892eefa077b7ac994cf9a3eaba81fdaae9a0fd9cd25a83861a7fd6208b65b6
39152,27/07/2017 23:47,Problem Solving,e4892eefa077b7ac994cf9a3eaba81fdaae9a0fd9cd25a83861a7fd6208b65b6
39153,27/07/2017 23:46,Problem Solving,e4892eefa077b7ac994cf9a3eaba81fdaae9a0fd9cd25a83861a7fd6208b65b6
39154,27/07/2017 23:46,Problem Solving,e4892eefa077b7ac994cf9a3eaba81fdaae9a0fd9cd25a83861a7fd6208b65b6
39155,27/07/2017 23:46,Problem Solving,e4892eefa077b7ac994cf9a3eaba81fdaae9a0fd9cd25a83861a7fd6208b65b6
39156,27/07/2017 23:46,Problem Solving,e4892eefa077b7ac994cf9a3eaba81fdaae9a0fd9cd25a83861a7fd6208b65b6
39157,27/07/2017 23:46,Problem Solving,e4892eefa077b7ac994cf9a3eaba81fdaae9a0fd9cd25a83861a7fd6208b65b6
39158,27/07/2017 23:46,Problem Solving,e4892eefa077b7ac994cf9a3eaba81fdaae9a0fd9cd25a83861a7fd6208b65b6
39159,27/07/2017 23:46,Problem Solving,e4892eefa077b7ac994cf9a3eaba81fdaae9a0fd9cd25a83861a7fd6208b65b6
39160,27/07/2017 23:46,Problem Solving,e4892eefa077b7ac994cf9a3eaba81fdaae9a0fd9cd25a83861a7fd6208b65b6
39161,27/07/2017 23:46,Problem Solving,e4892eefa077b7ac994cf9a3eaba81fdaae9a0fd9cd25a83861a7fd6208b65b6
39162,27/07/2017 23:46,Problem Solving,e4892eefa077b7ac994cf9a3eaba81fdaae9a0fd9cd25a83861a7fd6208b65b6
39163,27/07/2017 23:46,Problem Solving,e4892eefa077b7ac994cf9a3eaba81fdaae9a0fd9cd25a83861a7fd6208b65b6
39164,27/07/2017 23:46,Problem Solving,e4892eefa077b7ac994cf9a3eaba81fdaae9a0fd9cd25a83861a7fd6208b65b6
39165,27/07/2017 23:45,Problem Solving,e4892eefa077b7ac994cf9a3eaba81fdaae9a0fd9cd25a83861a7fd6208b65b6
39166,27/07/2017 23:45,Problem Solving,e4892eefa077b7ac994cf9a3eaba81fdaae9a0fd9cd25a83861a7fd6208b65b6
39167,27/07/2017 23:45,View Announcements,f75897248b0fac8423fca4044d9bf92e156aee14ca42e2319f1082306c3e989b
39168,27/07/2017 23:45,Problem Solving,e4892eefa077b7ac994cf9a3eaba81fdaae9a0fd9cd25a83861a7fd6208b65b6
39169,27/07/2017 23:45,Problem Solving,e4892eefa077b7ac994cf9a3eaba81fdaae9a0fd9cd25a83861a7fd6208b65b6
39170,27/07/2017 23:44,Problem Solving,e4892eefa077b7ac994cf9a3eaba81fdaae9a0fd9cd25a83861a7fd6208b65b6
39171,27/07/2017 23:44,Problem Solving,e4892eefa077b7ac994cf9a3eaba81fdaae9a0fd9cd25a83861a7fd6208b65b6
39172,27/07/2017 23:44,Problem Solving,e4892eefa077b7ac994cf9a3eaba81fdaae9a0fd9cd25a83861a7fd6208b65b6
39173,27/07/2017 23:44,Problem Solving,e4892eefa077b7ac994cf9a3eaba81fdaae9a0fd9cd25a83861a7fd6208b65b6
39174,27/07/2017 23:44,Problem Solving,e4892eefa077b7ac994cf9a3eaba81fdaae9a0fd9cd25a83861a7fd6208b65b6
39175,27/07/2017 23:44,Problem Solving,e4892eefa077b7ac994cf9a3eaba81fdaae9a0fd9cd25a83861a7fd6208b65b6
39176,27/07/2017 23:44,Problem Solving,e4892eefa077b7ac994cf9a3eaba81fdaae9a0fd9cd25a83861a7fd6208b65b6
39177,27/07/2017 23:44,Problem Solving,e4892eefa077b7ac994cf9a3eaba81fdaae9a0fd9cd25a83861a7fd6208b65b6
39178,27/07/2017 23:44,Problem Solving,e4892eefa077b7ac994cf9a3eaba81fdaae9a0fd9cd25a83861a7fd6208b65b6
39179,27/07/2017 23:44,Problem Solving,e4892eefa077b7ac994cf9a3eaba81fdaae9a0fd9cd25a83861a7fd6208b65b6
39180,27/07/2017 23:44,Problem Solving,e4892eefa077b7ac994cf9a3eaba81fdaae9a0fd9cd25a83861a7fd6208b65b6
39181,27/07/2017 23:44,Problem Solving,e4892eefa077b7ac994cf9a3eaba81fdaae9a0fd9cd25a83861a7fd6208b65b6
39182,27/07/2017 23:43,Problem Solving,e4892eefa077b7ac994cf9a3eaba81fdaae9a0fd9cd25a83861a7fd6208b65b6
39183,27/07/2017 23:43,Problem Solving,e4892eefa077b7ac994cf9a3eaba81fdaae9a0fd9cd25a83861a7fd6208b65b6
39184,27/07/2017 23:43,Problem Solving,e4892eefa077b7ac994cf9a3eaba81fdaae9a0fd9cd25a83861a7fd6208b65b6
39185,27/07/2017 23:43,Problem Solving,e4892eefa077b7ac994cf9a3eaba81fdaae9a0fd9cd25a83861a7fd6208b65b6
39186,27/07/2017 23:43,Problem Solving,e4892eefa077b7ac994cf9a3eaba81fdaae9a0fd9cd25a83861a7fd6208b65b6
39187,27/07/2017 23:43,Problem Solving,e4892eefa077b7ac994cf9a3eaba81fdaae9a0fd9cd25a83861a7fd6208b65b6
39188,27/07/2017 23:43,Problem Solving,e4892eefa077b7ac994cf9a3eaba81fdaae9a0fd9cd25a83861a7fd6208b65b6
39189,27/07/2017 23:43,Instruction file,9f9697382230ec7e4b8c6c1a340ea27af127f6ed8e154817f623b88bc9dfb380
39190,27/07/2017 23:43,Problem Solving,e4892eefa077b7ac994cf9a3eaba81fdaae9a0fd9cd25a83861a7fd6208b65b6
39191,27/07/2017 23:43,Instruction file,9f9697382230ec7e4b8c6c1a340ea27af127f6ed8e154817f623b88bc9dfb380
39192,27/07/2017 23:43,Instruction file,9f9697382230ec7e4b8c6c1a340ea27af127f6ed8e154817f623b88bc9dfb380
39193,27/07/2017 23:43,Problem Solving,e4892eefa077b7ac994cf9a3eaba81fdaae9a0fd9cd25a83861a7fd6208b65b6
39194,27/07/2017 23:43,Instruction file,9f9697382230ec7e4b8c6c1a340ea27af127f6ed8e154817f623b88bc9dfb380
39195,27/07/2017 23:43,Problem Solving,e4892eefa077b7ac994cf9a3eaba81fdaae9a0fd9cd25a83861a7fd6208b65b6
39196,27/07/2017 23:43,Instruction file,9f9697382230ec7e4b8c6c1a340ea27af127f6ed8e154817f623b88bc9dfb380
39197,27/07/2017 23:43,Instruction file,9f9697382230ec7e4b8c6c1a340ea27af127f6ed8e154817f623b88bc9dfb380
39198,27/07/2017 23:43,Instruction file,9f9697382230ec7e4b8c6c1a340ea27af127f6ed8e154817f623b88bc9dfb380
39199,27/07/2017 23:42,Instruction file,9f9697382230ec7e4b8c6c1a340ea27af127f6ed8e154817f623b88bc9dfb380
39200,27/07/2017 23:42,Instruction file,9f9697382230ec7e4b8c6c1a340ea27af127f6ed8e154817f623b88bc9dfb380
39201,27/07/2017 23:42,Lecture & Tutorial,9f9697382230ec7e4b8c6c1a340ea27af127f6ed8e154817f623b88bc9dfb380
39202,27/07/2017 23:42,View Announcements,9f9697382230ec7e4b8c6c1a340ea27af127f6ed8e154817f623b88bc9dfb380
39203,27/07/2017 23:42,View Announcements,9f9697382230ec7e4b8c6c1a340ea27af127f6ed8e154817f623b88bc9dfb380
39204,27/07/2017 23:42,View Announcements,9f9697382230ec7e4b8c6c1a340ea27af127f6ed8e154817f623b88bc9dfb380
39205,27/07/2017 23:42,View Announcements,9f9697382230ec7e4b8c6c1a340ea27af127f6ed8e154817f623b88bc9dfb380
39206,27/07/2017 23:42,View Announcements,9f9697382230ec7e4b8c6c1a340ea27af127f6ed8e154817f623b88bc9dfb380
39207,27/07/2017 23:42,Problem Solving,e4892eefa077b7ac994cf9a3eaba81fdaae9a0fd9cd25a83861a7fd6208b65b6
39208,27/07/2017 23:42,Problem Solving,e4892eefa077b7ac994cf9a3eaba81fdaae9a0fd9cd25a83861a7fd6208b65b6
39209,27/07/2017 23:41,Problem Solving,e4892eefa077b7ac994cf9a3eaba81fdaae9a0fd9cd25a83861a7fd6208b65b6
39210,27/07/2017 23:41,Problem Solving,e4892eefa077b7ac994cf9a3eaba81fdaae9a0fd9cd25a83861a7fd6208b65b6
39211,27/07/2017 23:41,Problem Solving,e4892eefa077b7ac994cf9a3eaba81fdaae9a0fd9cd25a83861a7fd6208b65b6
39212,27/07/2017 23:41,Problem Solving,e4892eefa077b7ac994cf9a3eaba81fdaae9a0fd9cd25a83861a7fd6208b65b6
39213,27/07/2017 23:40,Problem Solving,e4892eefa077b7ac994cf9a3eaba81fdaae9a0fd9cd25a83861a7fd6208b65b6
39214,27/07/2017 23:40,Problem Solving,e4892eefa077b7ac994cf9a3eaba81fdaae9a0fd9cd25a83861a7fd6208b65b6
39215,27/07/2017 23:40,Problem Solving,e4892eefa077b7ac994cf9a3eaba81fdaae9a0fd9cd25a83861a7fd6208b65b6
39216,27/07/2017 23:40,Problem Solving,e4892eefa077b7ac994cf9a3eaba81fdaae9a0fd9cd25a83861a7fd6208b65b6
39217,27/07/2017 23:40,Problem Solving,e4892eefa077b7ac994cf9a3eaba81fdaae9a0fd9cd25a83861a7fd6208b65b6
39218,27/07/2017 23:40,Problem Solving,e4892eefa077b7ac994cf9a3eaba81fdaae9a0fd9cd25a83861a7fd6208b65b6
39219,27/07/2017 23:40,Problem Solving,e4892eefa077b7ac994cf9a3eaba81fdaae9a0fd9cd25a83861a7fd6208b65b6
39220,27/07/2017 23:40,Problem Solving,e4892eefa077b7ac994cf9a3eaba81fdaae9a0fd9cd25a83861a7fd6208b65b6
39221,27/07/2017 23:39,Problem Solving,e4892eefa077b7ac994cf9a3eaba81fdaae9a0fd9cd25a83861a7fd6208b65b6
39222,27/07/2017 23:39,Problem Solving,e4892eefa077b7ac994cf9a3eaba81fdaae9a0fd9cd25a83861a7fd6208b65b6
39223,27/07/2017 23:39,Problem Solving,e4892eefa077b7ac994cf9a3eaba81fdaae9a0fd9cd25a83861a7fd6208b65b6
39224,27/07/2017 23:39,Problem Solving,e4892eefa077b7ac994cf9a3eaba81fdaae9a0fd9cd25a83861a7fd6208b65b6
39225,27/07/2017 23:39,Problem Solving,e4892eefa077b7ac994cf9a3eaba81fdaae9a0fd9cd25a83861a7fd6208b65b6
39226,27/07/2017 23:39,Problem Solving,e4892eefa077b7ac994cf9a3eaba81fdaae9a0fd9cd25a83861a7fd6208b65b6
39227,27/07/2017 23:39,Problem Solving,e4892eefa077b7ac994cf9a3eaba81fdaae9a0fd9cd25a83861a7fd6208b65b6
39228,27/07/2017 23:39,Problem Solving,e4892eefa077b7ac994cf9a3eaba81fdaae9a0fd9cd25a83861a7fd6208b65b6
39229,27/07/2017 23:39,Problem Solving,e4892eefa077b7ac994cf9a3eaba81fdaae9a0fd9cd25a83861a7fd6208b65b6
39230,27/07/2017 23:39,Problem Solving,e4892eefa077b7ac994cf9a3eaba81fdaae9a0fd9cd25a83861a7fd6208b65b6
39231,27/07/2017 23:39,Problem Solving,e4892eefa077b7ac994cf9a3eaba81fdaae9a0fd9cd25a83861a7fd6208b65b6
39232,27/07/2017 23:39,Problem Solving,e4892eefa077b7ac994cf9a3eaba81fdaae9a0fd9cd25a83861a7fd6208b65b6
39233,27/07/2017 23:38,Problem Solving,e4892eefa077b7ac994cf9a3eaba81fdaae9a0fd9cd25a83861a7fd6208b65b6
39234,27/07/2017 23:38,Problem Solving,e4892eefa077b7ac994cf9a3eaba81fdaae9a0fd9cd25a83861a7fd6208b65b6
39235,27/07/2017 23:38,Problem Solving,e4892eefa077b7ac994cf9a3eaba81fdaae9a0fd9cd25a83861a7fd6208b65b6
39236,27/07/2017 23:38,Problem Solving,e4892eefa077b7ac994cf9a3eaba81fdaae9a0fd9cd25a83861a7fd6208b65b6
39237,27/07/2017 23:38,Problem Solving,e4892eefa077b7ac994cf9a3eaba81fdaae9a0fd9cd25a83861a7fd6208b65b6
39238,27/07/2017 23:38,Problem Solving,e4892eefa077b7ac994cf9a3eaba81fdaae9a0fd9cd25a83861a7fd6208b65b6
39239,27/07/2017 23:38,Problem Solving,e4892eefa077b7ac994cf9a3eaba81fdaae9a0fd9cd25a83861a7fd6208b65b6
39240,27/07/2017 23:38,Problem Solving,e4892eefa077b7ac994cf9a3eaba81fdaae9a0fd9cd25a83861a7fd6208b65b6
39241,27/07/2017 23:38,Problem Solving,e4892eefa077b7ac994cf9a3eaba81fdaae9a0fd9cd25a83861a7fd6208b65b6
39242,27/07/2017 23:38,Problem Solving,e4892eefa077b7ac994cf9a3eaba81fdaae9a0fd9cd25a83861a7fd6208b65b6
39243,27/07/2017 23:37,Problem Solving,e4892eefa077b7ac994cf9a3eaba81fdaae9a0fd9cd25a83861a7fd6208b65b6
39244,27/07/2017 23:37,Problem Solving,e4892eefa077b7ac994cf9a3eaba81fdaae9a0fd9cd25a83861a7fd6208b65b6
39245,27/07/2017 23:37,Problem Solving,e4892eefa077b7ac994cf9a3eaba81fdaae9a0fd9cd25a83861a7fd6208b65b6
39246,27/07/2017 23:37,Problem Solving,e4892eefa077b7ac994cf9a3eaba81fdaae9a0fd9cd25a83861a7fd6208b65b6
39247,27/07/2017 23:37,Problem Solving,e4892eefa077b7ac994cf9a3eaba81fdaae9a0fd9cd25a83861a7fd6208b65b6
39248,27/07/2017 23:37,Problem Solving,e4892eefa077b7ac994cf9a3eaba81fdaae9a0fd9cd25a83861a7fd6208b65b6
39249,27/07/2017 23:37,Problem Solving,e4892eefa077b7ac994cf9a3eaba81fdaae9a0fd9cd25a83861a7fd6208b65b6
39250,27/07/2017 23:37,Problem Solving,e4892eefa077b7ac994cf9a3eaba81fdaae9a0fd9cd25a83861a7fd6208b65b6
39251,27/07/2017 23:37,Problem Solving,e4892eefa077b7ac994cf9a3eaba81fdaae9a0fd9cd25a83861a7fd6208b65b6
39252,27/07/2017 23:37,Problem Solving,e4892eefa077b7ac994cf9a3eaba81fdaae9a0fd9cd25a83861a7fd6208b65b6
39253,27/07/2017 23:36,Problem Solving,e4892eefa077b7ac994cf9a3eaba81fdaae9a0fd9cd25a83861a7fd6208b65b6
39254,27/07/2017 23:36,Problem Solving,e4892eefa077b7ac994cf9a3eaba81fdaae9a0fd9cd25a83861a7fd6208b65b6
39255,27/07/2017 23:36,Problem Solving,e4892eefa077b7ac994cf9a3eaba81fdaae9a0fd9cd25a83861a7fd6208b65b6
39256,27/07/2017 23:36,Problem Solving,e4892eefa077b7ac994cf9a3eaba81fdaae9a0fd9cd25a83861a7fd6208b65b6
39257,27/07/2017 23:36,Problem Solving,e4892eefa077b7ac994cf9a3eaba81fdaae9a0fd9cd25a83861a7fd6208b65b6
39258,27/07/2017 23:36,Problem Solving,e4892eefa077b7ac994cf9a3eaba81fdaae9a0fd9cd25a83861a7fd6208b65b6
39259,27/07/2017 23:36,Problem Solving,e4892eefa077b7ac994cf9a3eaba81fdaae9a0fd9cd25a83861a7fd6208b65b6
39260,27/07/2017 23:36,Problem Solving,e4892eefa077b7ac994cf9a3eaba81fdaae9a0fd9cd25a83861a7fd6208b65b6
39261,27/07/2017 23:35,Problem Solving,e4892eefa077b7ac994cf9a3eaba81fdaae9a0fd9cd25a83861a7fd6208b65b6
39262,27/07/2017 23:35,Problem Solving,e4892eefa077b7ac994cf9a3eaba81fdaae9a0fd9cd25a83861a7fd6208b65b6
39263,27/07/2017 23:34,Problem Solving,e4892eefa077b7ac994cf9a3eaba81fdaae9a0fd9cd25a83861a7fd6208b65b6
39264,27/07/2017 23:34,Problem Solving,e4892eefa077b7ac994cf9a3eaba81fdaae9a0fd9cd25a83861a7fd6208b65b6
39265,27/07/2017 23:29,View Announcements,9f9697382230ec7e4b8c6c1a340ea27af127f6ed8e154817f623b88bc9dfb380
39266,27/07/2017 23:29,View Announcements,9f9697382230ec7e4b8c6c1a340ea27af127f6ed8e154817f623b88bc9dfb380
39267,27/07/2017 23:28,Lecture & Tutorial,f2d2f970a68d27a1dacfffcbefb5a53b1abc5a2888e142e9f7bb0d8c7ae7f524
39268,27/07/2017 23:28,Lecture & Tutorial,f2d2f970a68d27a1dacfffcbefb5a53b1abc5a2888e142e9f7bb0d8c7ae7f524
39269,27/07/2017 23:28,View Announcements,f2d2f970a68d27a1dacfffcbefb5a53b1abc5a2888e142e9f7bb0d8c7ae7f524
39270,27/07/2017 23:28,View Announcements,f2d2f970a68d27a1dacfffcbefb5a53b1abc5a2888e142e9f7bb0d8c7ae7f524
39271,27/07/2017 23:28,Assessment,f2d2f970a68d27a1dacfffcbefb5a53b1abc5a2888e142e9f7bb0d8c7ae7f524
39272,27/07/2017 23:28,Assessment,f2d2f970a68d27a1dacfffcbefb5a53b1abc5a2888e142e9f7bb0d8c7ae7f524
39273,27/07/2017 23:27,Materials,f2d2f970a68d27a1dacfffcbefb5a53b1abc5a2888e142e9f7bb0d8c7ae7f524
39274,27/07/2017 23:27,Materials,451de19c6c8a1f6fdea3ea5c03c400c6edfe3e1ded2c48b9a598a51de4a95fa5
39275,27/07/2017 23:27,Assessment,451de19c6c8a1f6fdea3ea5c03c400c6edfe3e1ded2c48b9a598a51de4a95fa5
39276,27/07/2017 23:27,View Announcements,451de19c6c8a1f6fdea3ea5c03c400c6edfe3e1ded2c48b9a598a51de4a95fa5
39277,27/07/2017 23:27,Assessment,451de19c6c8a1f6fdea3ea5c03c400c6edfe3e1ded2c48b9a598a51de4a95fa5
39278,27/07/2017 23:27,View Announcements,451de19c6c8a1f6fdea3ea5c03c400c6edfe3e1ded2c48b9a598a51de4a95fa5
39279,27/07/2017 23:27,Assessment,451de19c6c8a1f6fdea3ea5c03c400c6edfe3e1ded2c48b9a598a51de4a95fa5
39280,27/07/2017 23:26,Problem Solving,451de19c6c8a1f6fdea3ea5c03c400c6edfe3e1ded2c48b9a598a51de4a95fa5
39281,27/07/2017 23:26,Problem Solving,451de19c6c8a1f6fdea3ea5c03c400c6edfe3e1ded2c48b9a598a51de4a95fa5
39282,27/07/2017 23:26,Assessment,451de19c6c8a1f6fdea3ea5c03c400c6edfe3e1ded2c48b9a598a51de4a95fa5
39283,27/07/2017 23:26,View Announcements,451de19c6c8a1f6fdea3ea5c03c400c6edfe3e1ded2c48b9a598a51de4a95fa5
39284,27/07/2017 23:26,Assessment,f2d2f970a68d27a1dacfffcbefb5a53b1abc5a2888e142e9f7bb0d8c7ae7f524
39285,27/07/2017 23:26,Projects,451de19c6c8a1f6fdea3ea5c03c400c6edfe3e1ded2c48b9a598a51de4a95fa5
39286,27/07/2017 23:26,View Announcements,f2d2f970a68d27a1dacfffcbefb5a53b1abc5a2888e142e9f7bb0d8c7ae7f524
39287,27/07/2017 23:26,Lecture & Tutorial,451de19c6c8a1f6fdea3ea5c03c400c6edfe3e1ded2c48b9a598a51de4a95fa5
39288,27/07/2017 23:26,Projects,451de19c6c8a1f6fdea3ea5c03c400c6edfe3e1ded2c48b9a598a51de4a95fa5
39289,27/07/2017 23:26,Problem Solving,451de19c6c8a1f6fdea3ea5c03c400c6edfe3e1ded2c48b9a598a51de4a95fa5
39290,27/07/2017 23:26,Lecture & Tutorial,451de19c6c8a1f6fdea3ea5c03c400c6edfe3e1ded2c48b9a598a51de4a95fa5
39291,27/07/2017 23:26,Problem Solving,451de19c6c8a1f6fdea3ea5c03c400c6edfe3e1ded2c48b9a598a51de4a95fa5
39292,27/07/2017 23:25,Projects,451de19c6c8a1f6fdea3ea5c03c400c6edfe3e1ded2c48b9a598a51de4a95fa5
39293,27/07/2017 23:25,Projects,451de19c6c8a1f6fdea3ea5c03c400c6edfe3e1ded2c48b9a598a51de4a95fa5
39294,27/07/2017 23:25,Lecture & Tutorial,451de19c6c8a1f6fdea3ea5c03c400c6edfe3e1ded2c48b9a598a51de4a95fa5
39295,27/07/2017 23:23,Instruction file,9f9697382230ec7e4b8c6c1a340ea27af127f6ed8e154817f623b88bc9dfb380
39296,27/07/2017 23:22,Instruction file,9f9697382230ec7e4b8c6c1a340ea27af127f6ed8e154817f623b88bc9dfb380
39297,27/07/2017 23:21,Instruction file,9f9697382230ec7e4b8c6c1a340ea27af127f6ed8e154817f623b88bc9dfb380
39298,27/07/2017 23:21,Lecture & Tutorial,9f9697382230ec7e4b8c6c1a340ea27af127f6ed8e154817f623b88bc9dfb380
39299,27/07/2017 23:21,Projects,9f9697382230ec7e4b8c6c1a340ea27af127f6ed8e154817f623b88bc9dfb380
39300,27/07/2017 23:21,Projects,9f9697382230ec7e4b8c6c1a340ea27af127f6ed8e154817f623b88bc9dfb380
39301,27/07/2017 23:21,Assessment,9f9697382230ec7e4b8c6c1a340ea27af127f6ed8e154817f623b88bc9dfb380
39302,27/07/2017 23:21,Projects,9f9697382230ec7e4b8c6c1a340ea27af127f6ed8e154817f623b88bc9dfb380
39303,27/07/2017 23:21,Projects,9f9697382230ec7e4b8c6c1a340ea27af127f6ed8e154817f623b88bc9dfb380
39304,27/07/2017 23:21,Assessment,9f9697382230ec7e4b8c6c1a340ea27af127f6ed8e154817f623b88bc9dfb380
39305,27/07/2017 23:21,Assessment,9f9697382230ec7e4b8c6c1a340ea27af127f6ed8e154817f623b88bc9dfb380
39306,27/07/2017 23:21,Assessment,9f9697382230ec7e4b8c6c1a340ea27af127f6ed8e154817f623b88bc9dfb380
39307,27/07/2017 23:21,Assessment,9f9697382230ec7e4b8c6c1a340ea27af127f6ed8e154817f623b88bc9dfb380
39308,27/07/2017 23:20,Question & Help,9f9697382230ec7e4b8c6c1a340ea27af127f6ed8e154817f623b88bc9dfb380
39309,27/07/2017 23:20,View Announcements,9f9697382230ec7e4b8c6c1a340ea27af127f6ed8e154817f623b88bc9dfb380
39310,27/07/2017 23:09,Problem Solving,f5e8de34e566bc42cdef535ff81d497781c5705a6694832f4a032b32917249c9
39311,27/07/2017 23:09,Problem Solving,f5e8de34e566bc42cdef535ff81d497781c5705a6694832f4a032b32917249c9
39312,27/07/2017 23:09,Problem Solving,f5e8de34e566bc42cdef535ff81d497781c5705a6694832f4a032b32917249c9
39313,27/07/2017 23:09,Problem Solving,f5e8de34e566bc42cdef535ff81d497781c5705a6694832f4a032b32917249c9
39314,27/07/2017 23:09,Problem Solving,f5e8de34e566bc42cdef535ff81d497781c5705a6694832f4a032b32917249c9
39315,27/07/2017 23:08,Problem Solving,f5e8de34e566bc42cdef535ff81d497781c5705a6694832f4a032b32917249c9
39316,27/07/2017 23:07,Problem Solving,f5e8de34e566bc42cdef535ff81d497781c5705a6694832f4a032b32917249c9
39317,27/07/2017 23:07,Problem Solving,f5e8de34e566bc42cdef535ff81d497781c5705a6694832f4a032b32917249c9
39318,27/07/2017 23:07,Problem Solving,f5e8de34e566bc42cdef535ff81d497781c5705a6694832f4a032b32917249c9
39319,27/07/2017 23:05,Problem Solving,e4892eefa077b7ac994cf9a3eaba81fdaae9a0fd9cd25a83861a7fd6208b65b6
39320,27/07/2017 23:05,Problem Solving,e4892eefa077b7ac994cf9a3eaba81fdaae9a0fd9cd25a83861a7fd6208b65b6
39321,27/07/2017 23:05,Problem Solving,e4892eefa077b7ac994cf9a3eaba81fdaae9a0fd9cd25a83861a7fd6208b65b6
39322,27/07/2017 23:04,Problem Solving,e4892eefa077b7ac994cf9a3eaba81fdaae9a0fd9cd25a83861a7fd6208b65b6
39323,27/07/2017 23:04,Lecture & Tutorial,e4892eefa077b7ac994cf9a3eaba81fdaae9a0fd9cd25a83861a7fd6208b65b6
39324,27/07/2017 23:04,Problem Solving,e4892eefa077b7ac994cf9a3eaba81fdaae9a0fd9cd25a83861a7fd6208b65b6
39325,27/07/2017 23:04,Projects,e4892eefa077b7ac994cf9a3eaba81fdaae9a0fd9cd25a83861a7fd6208b65b6
39326,27/07/2017 23:04,Lecture & Tutorial,e4892eefa077b7ac994cf9a3eaba81fdaae9a0fd9cd25a83861a7fd6208b65b6
39327,27/07/2017 23:04,Projects,e4892eefa077b7ac994cf9a3eaba81fdaae9a0fd9cd25a83861a7fd6208b65b6
39328,27/07/2017 23:03,Instruction file,e4892eefa077b7ac994cf9a3eaba81fdaae9a0fd9cd25a83861a7fd6208b65b6
39329,27/07/2017 23:03,Lecture & Tutorial,e4892eefa077b7ac994cf9a3eaba81fdaae9a0fd9cd25a83861a7fd6208b65b6
39330,27/07/2017 23:03,Instruction file,e4892eefa077b7ac994cf9a3eaba81fdaae9a0fd9cd25a83861a7fd6208b65b6
39331,27/07/2017 23:03,Lecture & Tutorial,e4892eefa077b7ac994cf9a3eaba81fdaae9a0fd9cd25a83861a7fd6208b65b6
39332,27/07/2017 23:03,Problem Solving,f5e8de34e566bc42cdef535ff81d497781c5705a6694832f4a032b32917249c9
39333,27/07/2017 23:03,Materials,e4892eefa077b7ac994cf9a3eaba81fdaae9a0fd9cd25a83861a7fd6208b65b6
39334,27/07/2017 23:02,Lecture & Tutorial,e4892eefa077b7ac994cf9a3eaba81fdaae9a0fd9cd25a83861a7fd6208b65b6
39335,27/07/2017 23:02,Materials,e4892eefa077b7ac994cf9a3eaba81fdaae9a0fd9cd25a83861a7fd6208b65b6
39336,27/07/2017 23:02,Problem Solving,e4892eefa077b7ac994cf9a3eaba81fdaae9a0fd9cd25a83861a7fd6208b65b6
39337,27/07/2017 23:02,Problem Solving,e4892eefa077b7ac994cf9a3eaba81fdaae9a0fd9cd25a83861a7fd6208b65b6
39338,27/07/2017 23:02,Problem Solving,e4892eefa077b7ac994cf9a3eaba81fdaae9a0fd9cd25a83861a7fd6208b65b6
39339,27/07/2017 23:02,Problem Solving,e4892eefa077b7ac994cf9a3eaba81fdaae9a0fd9cd25a83861a7fd6208b65b6
39340,27/07/2017 23:02,Problem Solving,e4892eefa077b7ac994cf9a3eaba81fdaae9a0fd9cd25a83861a7fd6208b65b6
39341,27/07/2017 23:02,Problem Solving,e4892eefa077b7ac994cf9a3eaba81fdaae9a0fd9cd25a83861a7fd6208b65b6
39342,27/07/2017 23:02,Lecture & Tutorial,e4892eefa077b7ac994cf9a3eaba81fdaae9a0fd9cd25a83861a7fd6208b65b6
39343,27/07/2017 23:01,View Announcements,e4892eefa077b7ac994cf9a3eaba81fdaae9a0fd9cd25a83861a7fd6208b65b6
39344,27/07/2017 23:01,View Announcements,e4892eefa077b7ac994cf9a3eaba81fdaae9a0fd9cd25a83861a7fd6208b65b6
39345,27/07/2017 23:01,Projects,b04987704a54224d83e8e62ea59720b8ec597ae6ee9f79040d891c3f32868df8
39346,27/07/2017 22:59,View Announcements,b04987704a54224d83e8e62ea59720b8ec597ae6ee9f79040d891c3f32868df8
39347,27/07/2017 22:59,View Announcements,b04987704a54224d83e8e62ea59720b8ec597ae6ee9f79040d891c3f32868df8
39348,27/07/2017 22:59,View Announcements,b04987704a54224d83e8e62ea59720b8ec597ae6ee9f79040d891c3f32868df8
39349,27/07/2017 22:59,View Announcements,b04987704a54224d83e8e62ea59720b8ec597ae6ee9f79040d891c3f32868df8
39350,27/07/2017 22:59,Assessment,b04987704a54224d83e8e62ea59720b8ec597ae6ee9f79040d891c3f32868df8
39351,27/07/2017 22:59,Problem Solving,f5e8de34e566bc42cdef535ff81d497781c5705a6694832f4a032b32917249c9
39352,27/07/2017 22:59,Projects,b04987704a54224d83e8e62ea59720b8ec597ae6ee9f79040d891c3f32868df8
39353,27/07/2017 22:59,Assessment,b04987704a54224d83e8e62ea59720b8ec597ae6ee9f79040d891c3f32868df8
39354,27/07/2017 22:59,Problem Solving,f5e8de34e566bc42cdef535ff81d497781c5705a6694832f4a032b32917249c9
39355,27/07/2017 22:59,Problem Solving,f5e8de34e566bc42cdef535ff81d497781c5705a6694832f4a032b32917249c9
39356,27/07/2017 22:58,Problem Solving,f5e8de34e566bc42cdef535ff81d497781c5705a6694832f4a032b32917249c9
39357,27/07/2017 22:58,Problem Solving,f5e8de34e566bc42cdef535ff81d497781c5705a6694832f4a032b32917249c9
39358,27/07/2017 22:58,Problem Solving,f5e8de34e566bc42cdef535ff81d497781c5705a6694832f4a032b32917249c9
39359,27/07/2017 22:58,Problem Solving,f5e8de34e566bc42cdef535ff81d497781c5705a6694832f4a032b32917249c9
39360,27/07/2017 22:58,Problem Solving,f5e8de34e566bc42cdef535ff81d497781c5705a6694832f4a032b32917249c9
39361,27/07/2017 22:58,Problem Solving,f5e8de34e566bc42cdef535ff81d497781c5705a6694832f4a032b32917249c9
39362,27/07/2017 22:58,Problem Solving,f5e8de34e566bc42cdef535ff81d497781c5705a6694832f4a032b32917249c9
39363,27/07/2017 22:58,Problem Solving,f5e8de34e566bc42cdef535ff81d497781c5705a6694832f4a032b32917249c9
39364,27/07/2017 22:58,Lecture & Tutorial,f5e8de34e566bc42cdef535ff81d497781c5705a6694832f4a032b32917249c9
39365,27/07/2017 22:58,View Announcements,f5e8de34e566bc42cdef535ff81d497781c5705a6694832f4a032b32917249c9
39366,27/07/2017 22:58,View Announcements,e069f95d2ee1205269526184a0312896e46932008748992e31a439a4d1ae2d99
39367,27/07/2017 22:58,Problem Solving,e069f95d2ee1205269526184a0312896e46932008748992e31a439a4d1ae2d99
39368,27/07/2017 22:57,Problem Solving,e069f95d2ee1205269526184a0312896e46932008748992e31a439a4d1ae2d99
39369,27/07/2017 22:57,Problem Solving,e069f95d2ee1205269526184a0312896e46932008748992e31a439a4d1ae2d99
39370,27/07/2017 22:57,Lecture & Tutorial,e069f95d2ee1205269526184a0312896e46932008748992e31a439a4d1ae2d99
39371,27/07/2017 22:57,View Announcements,e069f95d2ee1205269526184a0312896e46932008748992e31a439a4d1ae2d99
39372,27/07/2017 22:57,Lecture & Tutorial,e069f95d2ee1205269526184a0312896e46932008748992e31a439a4d1ae2d99
39373,27/07/2017 22:57,Lecture & Tutorial,e069f95d2ee1205269526184a0312896e46932008748992e31a439a4d1ae2d99
39374,27/07/2017 22:57,Lecture & Tutorial,e069f95d2ee1205269526184a0312896e46932008748992e31a439a4d1ae2d99
39375,27/07/2017 22:57,Lecture & Tutorial,e069f95d2ee1205269526184a0312896e46932008748992e31a439a4d1ae2d99
39376,27/07/2017 22:57,Lecture & Tutorial,e069f95d2ee1205269526184a0312896e46932008748992e31a439a4d1ae2d99
39377,27/07/2017 22:57,Lecture & Tutorial,e069f95d2ee1205269526184a0312896e46932008748992e31a439a4d1ae2d99
39378,27/07/2017 22:57,Lecture & Tutorial,e069f95d2ee1205269526184a0312896e46932008748992e31a439a4d1ae2d99
39379,27/07/2017 22:57,Lecture & Tutorial,e069f95d2ee1205269526184a0312896e46932008748992e31a439a4d1ae2d99
39380,27/07/2017 22:57,Lecture & Tutorial,e069f95d2ee1205269526184a0312896e46932008748992e31a439a4d1ae2d99
39381,27/07/2017 22:57,Lecture & Tutorial,e069f95d2ee1205269526184a0312896e46932008748992e31a439a4d1ae2d99
39382,27/07/2017 22:57,Lecture & Tutorial,e069f95d2ee1205269526184a0312896e46932008748992e31a439a4d1ae2d99
39383,27/07/2017 22:57,Lecture & Tutorial,e069f95d2ee1205269526184a0312896e46932008748992e31a439a4d1ae2d99
39384,27/07/2017 22:57,Lecture & Tutorial,e069f95d2ee1205269526184a0312896e46932008748992e31a439a4d1ae2d99
39385,27/07/2017 22:57,Lecture & Tutorial,e069f95d2ee1205269526184a0312896e46932008748992e31a439a4d1ae2d99
39386,27/07/2017 22:57,Lecture & Tutorial,e069f95d2ee1205269526184a0312896e46932008748992e31a439a4d1ae2d99
39387,27/07/2017 22:57,Lecture & Tutorial,e069f95d2ee1205269526184a0312896e46932008748992e31a439a4d1ae2d99
39388,27/07/2017 22:57,View Announcements,e069f95d2ee1205269526184a0312896e46932008748992e31a439a4d1ae2d99
39389,27/07/2017 22:57,Problem Solving,f5e8de34e566bc42cdef535ff81d497781c5705a6694832f4a032b32917249c9
39390,27/07/2017 22:57,Problem Solving,f5e8de34e566bc42cdef535ff81d497781c5705a6694832f4a032b32917249c9
39391,27/07/2017 22:57,Problem Solving,f5e8de34e566bc42cdef535ff81d497781c5705a6694832f4a032b32917249c9
39392,27/07/2017 22:57,Problem Solving,f5e8de34e566bc42cdef535ff81d497781c5705a6694832f4a032b32917249c9
39393,27/07/2017 22:57,Problem Solving,f5e8de34e566bc42cdef535ff81d497781c5705a6694832f4a032b32917249c9
39394,27/07/2017 22:57,Problem Solving,f5e8de34e566bc42cdef535ff81d497781c5705a6694832f4a032b32917249c9
39395,27/07/2017 22:56,Problem Solving,f5e8de34e566bc42cdef535ff81d497781c5705a6694832f4a032b32917249c9
39396,27/07/2017 22:56,Problem Solving,f5e8de34e566bc42cdef535ff81d497781c5705a6694832f4a032b32917249c9
39397,27/07/2017 22:56,Problem Solving,f5e8de34e566bc42cdef535ff81d497781c5705a6694832f4a032b32917249c9
39398,27/07/2017 22:56,Problem Solving,f5e8de34e566bc42cdef535ff81d497781c5705a6694832f4a032b32917249c9
39399,27/07/2017 22:56,Problem Solving,f5e8de34e566bc42cdef535ff81d497781c5705a6694832f4a032b32917249c9
39400,27/07/2017 22:56,Problem Solving,f5e8de34e566bc42cdef535ff81d497781c5705a6694832f4a032b32917249c9
39401,27/07/2017 22:56,Problem Solving,f5e8de34e566bc42cdef535ff81d497781c5705a6694832f4a032b32917249c9
39402,27/07/2017 22:56,Problem Solving,f5e8de34e566bc42cdef535ff81d497781c5705a6694832f4a032b32917249c9
39403,27/07/2017 22:56,Problem Solving,f5e8de34e566bc42cdef535ff81d497781c5705a6694832f4a032b32917249c9
39404,27/07/2017 22:56,Problem Solving,f5e8de34e566bc42cdef535ff81d497781c5705a6694832f4a032b32917249c9
39405,27/07/2017 22:56,Problem Solving,f5e8de34e566bc42cdef535ff81d497781c5705a6694832f4a032b32917249c9
39406,27/07/2017 22:56,Problem Solving,f5e8de34e566bc42cdef535ff81d497781c5705a6694832f4a032b32917249c9
39407,27/07/2017 22:56,Problem Solving,f5e8de34e566bc42cdef535ff81d497781c5705a6694832f4a032b32917249c9
39408,27/07/2017 22:56,Problem Solving,f5e8de34e566bc42cdef535ff81d497781c5705a6694832f4a032b32917249c9
39409,27/07/2017 22:56,Problem Solving,f5e8de34e566bc42cdef535ff81d497781c5705a6694832f4a032b32917249c9
39410,27/07/2017 22:56,Problem Solving,f5e8de34e566bc42cdef535ff81d497781c5705a6694832f4a032b32917249c9
39411,27/07/2017 22:56,Problem Solving,f5e8de34e566bc42cdef535ff81d497781c5705a6694832f4a032b32917249c9
39412,27/07/2017 22:56,Problem Solving,f5e8de34e566bc42cdef535ff81d497781c5705a6694832f4a032b32917249c9
39413,27/07/2017 22:56,Lecture & Tutorial,f5e8de34e566bc42cdef535ff81d497781c5705a6694832f4a032b32917249c9
39414,27/07/2017 22:56,View Announcements,f5e8de34e566bc42cdef535ff81d497781c5705a6694832f4a032b32917249c9
39415,27/07/2017 22:56,View Announcements,e069f95d2ee1205269526184a0312896e46932008748992e31a439a4d1ae2d99
39416,27/07/2017 22:55,View Announcements,e069f95d2ee1205269526184a0312896e46932008748992e31a439a4d1ae2d99
39417,27/07/2017 22:55,Problem Solving,e069f95d2ee1205269526184a0312896e46932008748992e31a439a4d1ae2d99
39418,27/07/2017 22:55,Problem Solving,e069f95d2ee1205269526184a0312896e46932008748992e31a439a4d1ae2d99
39419,27/07/2017 22:55,Problem Solving,e069f95d2ee1205269526184a0312896e46932008748992e31a439a4d1ae2d99
39420,27/07/2017 22:55,Problem Solving,e069f95d2ee1205269526184a0312896e46932008748992e31a439a4d1ae2d99
39421,27/07/2017 22:55,Problem Solving,e069f95d2ee1205269526184a0312896e46932008748992e31a439a4d1ae2d99
39422,27/07/2017 22:55,Problem Solving,e069f95d2ee1205269526184a0312896e46932008748992e31a439a4d1ae2d99
39423,27/07/2017 22:55,Problem Solving,e069f95d2ee1205269526184a0312896e46932008748992e31a439a4d1ae2d99
39424,27/07/2017 22:55,Problem Solving,e069f95d2ee1205269526184a0312896e46932008748992e31a439a4d1ae2d99
39425,27/07/2017 22:55,Problem Solving,e069f95d2ee1205269526184a0312896e46932008748992e31a439a4d1ae2d99
39426,27/07/2017 22:55,Problem Solving,e069f95d2ee1205269526184a0312896e46932008748992e31a439a4d1ae2d99
39427,27/07/2017 22:55,Problem Solving,e069f95d2ee1205269526184a0312896e46932008748992e31a439a4d1ae2d99
39428,27/07/2017 22:55,Problem Solving,e069f95d2ee1205269526184a0312896e46932008748992e31a439a4d1ae2d99
39429,27/07/2017 22:55,Problem Solving,e069f95d2ee1205269526184a0312896e46932008748992e31a439a4d1ae2d99
39430,27/07/2017 22:55,Lecture & Tutorial,e069f95d2ee1205269526184a0312896e46932008748992e31a439a4d1ae2d99
39431,27/07/2017 22:55,Lecture & Tutorial,e069f95d2ee1205269526184a0312896e46932008748992e31a439a4d1ae2d99
39432,27/07/2017 22:55,Lecture & Tutorial,e069f95d2ee1205269526184a0312896e46932008748992e31a439a4d1ae2d99
39433,27/07/2017 22:55,Lecture & Tutorial,e069f95d2ee1205269526184a0312896e46932008748992e31a439a4d1ae2d99
39434,27/07/2017 22:55,Lecture & Tutorial,e069f95d2ee1205269526184a0312896e46932008748992e31a439a4d1ae2d99
39435,27/07/2017 22:55,Lecture & Tutorial,e069f95d2ee1205269526184a0312896e46932008748992e31a439a4d1ae2d99
39436,27/07/2017 22:55,Lecture & Tutorial,e069f95d2ee1205269526184a0312896e46932008748992e31a439a4d1ae2d99
39437,27/07/2017 22:55,Lecture & Tutorial,e069f95d2ee1205269526184a0312896e46932008748992e31a439a4d1ae2d99
39438,27/07/2017 22:55,Lecture & Tutorial,e069f95d2ee1205269526184a0312896e46932008748992e31a439a4d1ae2d99
39439,27/07/2017 22:55,Lecture & Tutorial,e069f95d2ee1205269526184a0312896e46932008748992e31a439a4d1ae2d99
39440,27/07/2017 22:55,Lecture & Tutorial,e069f95d2ee1205269526184a0312896e46932008748992e31a439a4d1ae2d99
39441,27/07/2017 22:55,Lecture & Tutorial,e069f95d2ee1205269526184a0312896e46932008748992e31a439a4d1ae2d99
39442,27/07/2017 22:55,Lecture & Tutorial,e069f95d2ee1205269526184a0312896e46932008748992e31a439a4d1ae2d99
39443,27/07/2017 22:55,Lecture & Tutorial,e069f95d2ee1205269526184a0312896e46932008748992e31a439a4d1ae2d99
39444,27/07/2017 22:55,Lecture & Tutorial,e069f95d2ee1205269526184a0312896e46932008748992e31a439a4d1ae2d99
39445,27/07/2017 22:55,Lecture & Tutorial,e069f95d2ee1205269526184a0312896e46932008748992e31a439a4d1ae2d99
39446,27/07/2017 22:55,View Announcements,e069f95d2ee1205269526184a0312896e46932008748992e31a439a4d1ae2d99
39447,27/07/2017 22:55,Problem Solving,f5e8de34e566bc42cdef535ff81d497781c5705a6694832f4a032b32917249c9
39448,27/07/2017 22:55,Problem Solving,f5e8de34e566bc42cdef535ff81d497781c5705a6694832f4a032b32917249c9
39449,27/07/2017 22:55,Problem Solving,f5e8de34e566bc42cdef535ff81d497781c5705a6694832f4a032b32917249c9
39450,27/07/2017 22:55,Problem Solving,f5e8de34e566bc42cdef535ff81d497781c5705a6694832f4a032b32917249c9
39451,27/07/2017 22:55,Problem Solving,f5e8de34e566bc42cdef535ff81d497781c5705a6694832f4a032b32917249c9
39452,27/07/2017 22:55,Problem Solving,f5e8de34e566bc42cdef535ff81d497781c5705a6694832f4a032b32917249c9
39453,27/07/2017 22:55,Problem Solving,f5e8de34e566bc42cdef535ff81d497781c5705a6694832f4a032b32917249c9
39454,27/07/2017 22:54,Problem Solving,f5e8de34e566bc42cdef535ff81d497781c5705a6694832f4a032b32917249c9
39455,27/07/2017 22:54,Problem Solving,f5e8de34e566bc42cdef535ff81d497781c5705a6694832f4a032b32917249c9
39456,27/07/2017 22:54,Problem Solving,f5e8de34e566bc42cdef535ff81d497781c5705a6694832f4a032b32917249c9
39457,27/07/2017 22:54,Problem Solving,f5e8de34e566bc42cdef535ff81d497781c5705a6694832f4a032b32917249c9
39458,27/07/2017 22:54,Problem Solving,f5e8de34e566bc42cdef535ff81d497781c5705a6694832f4a032b32917249c9
39459,27/07/2017 22:54,Problem Solving,f5e8de34e566bc42cdef535ff81d497781c5705a6694832f4a032b32917249c9
39460,27/07/2017 22:54,Lecture & Tutorial,f5e8de34e566bc42cdef535ff81d497781c5705a6694832f4a032b32917249c9
39461,27/07/2017 22:54,Problem Solving,c1d4e7bcbcc6d0f23e5ae06ffc29e1693a12bb4e9c86f42603ae762d5d639d46
39462,27/07/2017 22:54,Lecture & Tutorial,c1d4e7bcbcc6d0f23e5ae06ffc29e1693a12bb4e9c86f42603ae762d5d639d46
39463,27/07/2017 22:54,View Announcements,f5e8de34e566bc42cdef535ff81d497781c5705a6694832f4a032b32917249c9
39464,27/07/2017 22:54,View Announcements,e069f95d2ee1205269526184a0312896e46932008748992e31a439a4d1ae2d99
39465,27/07/2017 22:54,Lecture & Tutorial,c1d4e7bcbcc6d0f23e5ae06ffc29e1693a12bb4e9c86f42603ae762d5d639d46
39466,27/07/2017 22:53,Problem Solving,e069f95d2ee1205269526184a0312896e46932008748992e31a439a4d1ae2d99
39467,27/07/2017 22:52,Problem Solving,ad3f9dc298721e22e02f2846b17d599ab833e61363d42b6eabbf30c8ba2abcad
39468,27/07/2017 22:52,Problem Solving,ad3f9dc298721e22e02f2846b17d599ab833e61363d42b6eabbf30c8ba2abcad
39469,27/07/2017 22:52,Problem Solving,c1d4e7bcbcc6d0f23e5ae06ffc29e1693a12bb4e9c86f42603ae762d5d639d46
39470,27/07/2017 22:52,Lecture & Tutorial,c1d4e7bcbcc6d0f23e5ae06ffc29e1693a12bb4e9c86f42603ae762d5d639d46
39471,27/07/2017 22:52,Problem Solving,ad3f9dc298721e22e02f2846b17d599ab833e61363d42b6eabbf30c8ba2abcad
39472,27/07/2017 22:52,Problem Solving,ad3f9dc298721e22e02f2846b17d599ab833e61363d42b6eabbf30c8ba2abcad
39473,27/07/2017 22:52,Problem Solving,ad3f9dc298721e22e02f2846b17d599ab833e61363d42b6eabbf30c8ba2abcad
39474,27/07/2017 22:52,Problem Solving,ad3f9dc298721e22e02f2846b17d599ab833e61363d42b6eabbf30c8ba2abcad
39475,27/07/2017 22:52,Problem Solving,ad3f9dc298721e22e02f2846b17d599ab833e61363d42b6eabbf30c8ba2abcad
39476,27/07/2017 22:52,Problem Solving,ad3f9dc298721e22e02f2846b17d599ab833e61363d42b6eabbf30c8ba2abcad
39477,27/07/2017 22:51,Problem Solving,ad3f9dc298721e22e02f2846b17d599ab833e61363d42b6eabbf30c8ba2abcad
39478,27/07/2017 22:51,Problem Solving,ad3f9dc298721e22e02f2846b17d599ab833e61363d42b6eabbf30c8ba2abcad
39479,27/07/2017 22:51,Problem Solving,ad3f9dc298721e22e02f2846b17d599ab833e61363d42b6eabbf30c8ba2abcad
39480,27/07/2017 22:51,Problem Solving,ad3f9dc298721e22e02f2846b17d599ab833e61363d42b6eabbf30c8ba2abcad
39481,27/07/2017 22:51,Problem Solving,e069f95d2ee1205269526184a0312896e46932008748992e31a439a4d1ae2d99
39482,27/07/2017 22:51,Problem Solving,e069f95d2ee1205269526184a0312896e46932008748992e31a439a4d1ae2d99
39483,27/07/2017 22:51,Problem Solving,e069f95d2ee1205269526184a0312896e46932008748992e31a439a4d1ae2d99
39484,27/07/2017 22:51,Problem Solving,e069f95d2ee1205269526184a0312896e46932008748992e31a439a4d1ae2d99
39485,27/07/2017 22:51,Problem Solving,ad3f9dc298721e22e02f2846b17d599ab833e61363d42b6eabbf30c8ba2abcad
39486,27/07/2017 22:51,Problem Solving,ad3f9dc298721e22e02f2846b17d599ab833e61363d42b6eabbf30c8ba2abcad
39487,27/07/2017 22:51,Lecture & Tutorial,e069f95d2ee1205269526184a0312896e46932008748992e31a439a4d1ae2d99
39488,27/07/2017 22:50,View Announcements,e069f95d2ee1205269526184a0312896e46932008748992e31a439a4d1ae2d99
39489,27/07/2017 22:50,Problem Solving,ad3f9dc298721e22e02f2846b17d599ab833e61363d42b6eabbf30c8ba2abcad
39490,27/07/2017 22:50,Problem Solving,ad3f9dc298721e22e02f2846b17d599ab833e61363d42b6eabbf30c8ba2abcad
39491,27/07/2017 22:50,Lecture & Tutorial,e069f95d2ee1205269526184a0312896e46932008748992e31a439a4d1ae2d99
39492,27/07/2017 22:50,Lecture & Tutorial,e069f95d2ee1205269526184a0312896e46932008748992e31a439a4d1ae2d99
39493,27/07/2017 22:50,Lecture & Tutorial,e069f95d2ee1205269526184a0312896e46932008748992e31a439a4d1ae2d99
39494,27/07/2017 22:50,Lecture & Tutorial,e069f95d2ee1205269526184a0312896e46932008748992e31a439a4d1ae2d99
39495,27/07/2017 22:50,Lecture & Tutorial,e069f95d2ee1205269526184a0312896e46932008748992e31a439a4d1ae2d99
39496,27/07/2017 22:50,Lecture & Tutorial,e069f95d2ee1205269526184a0312896e46932008748992e31a439a4d1ae2d99
39497,27/07/2017 22:50,Lecture & Tutorial,e069f95d2ee1205269526184a0312896e46932008748992e31a439a4d1ae2d99
39498,27/07/2017 22:50,Lecture & Tutorial,e069f95d2ee1205269526184a0312896e46932008748992e31a439a4d1ae2d99
39499,27/07/2017 22:50,Lecture & Tutorial,e069f95d2ee1205269526184a0312896e46932008748992e31a439a4d1ae2d99
39500,27/07/2017 22:50,Lecture & Tutorial,e069f95d2ee1205269526184a0312896e46932008748992e31a439a4d1ae2d99
39501,27/07/2017 22:50,Lecture & Tutorial,e069f95d2ee1205269526184a0312896e46932008748992e31a439a4d1ae2d99
39502,27/07/2017 22:50,Lecture & Tutorial,e069f95d2ee1205269526184a0312896e46932008748992e31a439a4d1ae2d99
39503,27/07/2017 22:50,Lecture & Tutorial,e069f95d2ee1205269526184a0312896e46932008748992e31a439a4d1ae2d99
39504,27/07/2017 22:50,Lecture & Tutorial,e069f95d2ee1205269526184a0312896e46932008748992e31a439a4d1ae2d99
39505,27/07/2017 22:50,Lecture & Tutorial,e069f95d2ee1205269526184a0312896e46932008748992e31a439a4d1ae2d99
39506,27/07/2017 22:50,Lecture & Tutorial,e069f95d2ee1205269526184a0312896e46932008748992e31a439a4d1ae2d99
39507,27/07/2017 22:50,Problem Solving,ad3f9dc298721e22e02f2846b17d599ab833e61363d42b6eabbf30c8ba2abcad
39508,27/07/2017 22:50,Problem Solving,ad3f9dc298721e22e02f2846b17d599ab833e61363d42b6eabbf30c8ba2abcad
39509,27/07/2017 22:50,Problem Solving,ad3f9dc298721e22e02f2846b17d599ab833e61363d42b6eabbf30c8ba2abcad
39510,27/07/2017 22:50,Problem Solving,ad3f9dc298721e22e02f2846b17d599ab833e61363d42b6eabbf30c8ba2abcad
39511,27/07/2017 22:50,Problem Solving,ad3f9dc298721e22e02f2846b17d599ab833e61363d42b6eabbf30c8ba2abcad
39512,27/07/2017 22:50,Problem Solving,ad3f9dc298721e22e02f2846b17d599ab833e61363d42b6eabbf30c8ba2abcad
39513,27/07/2017 22:50,Problem Solving,ad3f9dc298721e22e02f2846b17d599ab833e61363d42b6eabbf30c8ba2abcad
39514,27/07/2017 22:50,Problem Solving,ad3f9dc298721e22e02f2846b17d599ab833e61363d42b6eabbf30c8ba2abcad
39515,27/07/2017 22:49,Problem Solving,ad3f9dc298721e22e02f2846b17d599ab833e61363d42b6eabbf30c8ba2abcad
39516,27/07/2017 22:49,Problem Solving,ad3f9dc298721e22e02f2846b17d599ab833e61363d42b6eabbf30c8ba2abcad
39517,27/07/2017 22:49,Problem Solving,ad3f9dc298721e22e02f2846b17d599ab833e61363d42b6eabbf30c8ba2abcad
39518,27/07/2017 22:49,Problem Solving,ad3f9dc298721e22e02f2846b17d599ab833e61363d42b6eabbf30c8ba2abcad
39519,27/07/2017 22:49,Problem Solving,ad3f9dc298721e22e02f2846b17d599ab833e61363d42b6eabbf30c8ba2abcad
39520,27/07/2017 22:49,Problem Solving,ad3f9dc298721e22e02f2846b17d599ab833e61363d42b6eabbf30c8ba2abcad
39521,27/07/2017 22:49,Problem Solving,ad3f9dc298721e22e02f2846b17d599ab833e61363d42b6eabbf30c8ba2abcad
39522,27/07/2017 22:49,Problem Solving,ad3f9dc298721e22e02f2846b17d599ab833e61363d42b6eabbf30c8ba2abcad
39523,27/07/2017 22:49,Projects,927ba9a10ad1e1d1e3459f6f365955374f19b9b0e305d0fac4dd0b5cf05cf28f
39524,27/07/2017 22:48,Projects,927ba9a10ad1e1d1e3459f6f365955374f19b9b0e305d0fac4dd0b5cf05cf28f
39525,27/07/2017 22:48,Problem Solving,ad3f9dc298721e22e02f2846b17d599ab833e61363d42b6eabbf30c8ba2abcad
39526,27/07/2017 22:48,Problem Solving,ad3f9dc298721e22e02f2846b17d599ab833e61363d42b6eabbf30c8ba2abcad
39527,27/07/2017 22:48,Projects,927ba9a10ad1e1d1e3459f6f365955374f19b9b0e305d0fac4dd0b5cf05cf28f
39528,27/07/2017 22:48,Problem Solving,ad3f9dc298721e22e02f2846b17d599ab833e61363d42b6eabbf30c8ba2abcad
39529,27/07/2017 22:48,Problem Solving,ad3f9dc298721e22e02f2846b17d599ab833e61363d42b6eabbf30c8ba2abcad
39530,27/07/2017 22:48,Problem Solving,ad3f9dc298721e22e02f2846b17d599ab833e61363d42b6eabbf30c8ba2abcad
39531,27/07/2017 22:48,Problem Solving,ad3f9dc298721e22e02f2846b17d599ab833e61363d42b6eabbf30c8ba2abcad
39532,27/07/2017 22:48,Projects,927ba9a10ad1e1d1e3459f6f365955374f19b9b0e305d0fac4dd0b5cf05cf28f
39533,27/07/2017 22:47,Projects,927ba9a10ad1e1d1e3459f6f365955374f19b9b0e305d0fac4dd0b5cf05cf28f
39534,27/07/2017 22:47,Projects,927ba9a10ad1e1d1e3459f6f365955374f19b9b0e305d0fac4dd0b5cf05cf28f
39535,27/07/2017 22:47,Projects,927ba9a10ad1e1d1e3459f6f365955374f19b9b0e305d0fac4dd0b5cf05cf28f
39536,27/07/2017 22:47,Projects,927ba9a10ad1e1d1e3459f6f365955374f19b9b0e305d0fac4dd0b5cf05cf28f
39537,27/07/2017 22:47,Assessment,927ba9a10ad1e1d1e3459f6f365955374f19b9b0e305d0fac4dd0b5cf05cf28f
39538,27/07/2017 22:47,View Announcements,927ba9a10ad1e1d1e3459f6f365955374f19b9b0e305d0fac4dd0b5cf05cf28f
39539,27/07/2017 22:47,Lecture & Tutorial,927ba9a10ad1e1d1e3459f6f365955374f19b9b0e305d0fac4dd0b5cf05cf28f
39540,27/07/2017 22:47,View Announcements,927ba9a10ad1e1d1e3459f6f365955374f19b9b0e305d0fac4dd0b5cf05cf28f
39541,27/07/2017 22:46,Problem Solving,bfa8c9f25bdff58e3c1b23ff5638b910c716f0de4314a97cada5f930bb1c60ed
39542,27/07/2017 22:46,Question & Help,c1d4e7bcbcc6d0f23e5ae06ffc29e1693a12bb4e9c86f42603ae762d5d639d46
39543,27/07/2017 22:46,Lecture & Tutorial,c1d4e7bcbcc6d0f23e5ae06ffc29e1693a12bb4e9c86f42603ae762d5d639d46
39544,27/07/2017 22:46,Lecture & Tutorial,c1d4e7bcbcc6d0f23e5ae06ffc29e1693a12bb4e9c86f42603ae762d5d639d46
39545,27/07/2017 22:46,Lecture & Tutorial,c1d4e7bcbcc6d0f23e5ae06ffc29e1693a12bb4e9c86f42603ae762d5d639d46
39546,27/07/2017 22:46,Lecture & Tutorial,c1d4e7bcbcc6d0f23e5ae06ffc29e1693a12bb4e9c86f42603ae762d5d639d46
39547,27/07/2017 22:46,Lecture & Tutorial,c1d4e7bcbcc6d0f23e5ae06ffc29e1693a12bb4e9c86f42603ae762d5d639d46
39548,27/07/2017 22:46,Lecture & Tutorial,c1d4e7bcbcc6d0f23e5ae06ffc29e1693a12bb4e9c86f42603ae762d5d639d46
39549,27/07/2017 22:46,Lecture & Tutorial,c1d4e7bcbcc6d0f23e5ae06ffc29e1693a12bb4e9c86f42603ae762d5d639d46
39550,27/07/2017 22:46,Lecture & Tutorial,c1d4e7bcbcc6d0f23e5ae06ffc29e1693a12bb4e9c86f42603ae762d5d639d46
39551,27/07/2017 22:46,Lecture & Tutorial,c1d4e7bcbcc6d0f23e5ae06ffc29e1693a12bb4e9c86f42603ae762d5d639d46
39552,27/07/2017 22:46,Lecture & Tutorial,c1d4e7bcbcc6d0f23e5ae06ffc29e1693a12bb4e9c86f42603ae762d5d639d46
39553,27/07/2017 22:46,Lecture & Tutorial,c1d4e7bcbcc6d0f23e5ae06ffc29e1693a12bb4e9c86f42603ae762d5d639d46
39554,27/07/2017 22:46,Lecture & Tutorial,c1d4e7bcbcc6d0f23e5ae06ffc29e1693a12bb4e9c86f42603ae762d5d639d46
39555,27/07/2017 22:46,Lecture & Tutorial,c1d4e7bcbcc6d0f23e5ae06ffc29e1693a12bb4e9c86f42603ae762d5d639d46
39556,27/07/2017 22:46,Lecture & Tutorial,c1d4e7bcbcc6d0f23e5ae06ffc29e1693a12bb4e9c86f42603ae762d5d639d46
39557,27/07/2017 22:46,Lecture & Tutorial,c1d4e7bcbcc6d0f23e5ae06ffc29e1693a12bb4e9c86f42603ae762d5d639d46
39558,27/07/2017 22:46,Lecture & Tutorial,c1d4e7bcbcc6d0f23e5ae06ffc29e1693a12bb4e9c86f42603ae762d5d639d46
39559,27/07/2017 22:45,Problem Solving,ad3f9dc298721e22e02f2846b17d599ab833e61363d42b6eabbf30c8ba2abcad
39560,27/07/2017 22:45,Problem Solving,ad3f9dc298721e22e02f2846b17d599ab833e61363d42b6eabbf30c8ba2abcad
39561,27/07/2017 22:45,Materials,f75897248b0fac8423fca4044d9bf92e156aee14ca42e2319f1082306c3e989b
39562,27/07/2017 22:45,Materials,f75897248b0fac8423fca4044d9bf92e156aee14ca42e2319f1082306c3e989b
39563,27/07/2017 22:45,Problem Solving,ad3f9dc298721e22e02f2846b17d599ab833e61363d42b6eabbf30c8ba2abcad
39564,27/07/2017 22:45,Problem Solving,ad3f9dc298721e22e02f2846b17d599ab833e61363d42b6eabbf30c8ba2abcad
39565,27/07/2017 22:44,Problem Solving,ad3f9dc298721e22e02f2846b17d599ab833e61363d42b6eabbf30c8ba2abcad
39566,27/07/2017 22:44,Problem Solving,ad3f9dc298721e22e02f2846b17d599ab833e61363d42b6eabbf30c8ba2abcad
39567,27/07/2017 22:44,Problem Solving,ad3f9dc298721e22e02f2846b17d599ab833e61363d42b6eabbf30c8ba2abcad
39568,27/07/2017 22:44,Problem Solving,ad3f9dc298721e22e02f2846b17d599ab833e61363d42b6eabbf30c8ba2abcad
39569,27/07/2017 22:44,Problem Solving,ad3f9dc298721e22e02f2846b17d599ab833e61363d42b6eabbf30c8ba2abcad
39570,27/07/2017 22:44,Problem Solving,ad3f9dc298721e22e02f2846b17d599ab833e61363d42b6eabbf30c8ba2abcad
39571,27/07/2017 22:44,Problem Solving,ad3f9dc298721e22e02f2846b17d599ab833e61363d42b6eabbf30c8ba2abcad
39572,27/07/2017 22:44,Problem Solving,ad3f9dc298721e22e02f2846b17d599ab833e61363d42b6eabbf30c8ba2abcad
39573,27/07/2017 22:44,Question & Help,a8be292a51653165253e2cc7e9690ddbf8274d3c20edf9cba7eb624b2e51cca1
39574,27/07/2017 22:43,Problem Solving,ad3f9dc298721e22e02f2846b17d599ab833e61363d42b6eabbf30c8ba2abcad
39575,27/07/2017 22:43,Problem Solving,ad3f9dc298721e22e02f2846b17d599ab833e61363d42b6eabbf30c8ba2abcad
39576,27/07/2017 22:43,Problem Solving,ad3f9dc298721e22e02f2846b17d599ab833e61363d42b6eabbf30c8ba2abcad
39577,27/07/2017 22:43,Problem Solving,ad3f9dc298721e22e02f2846b17d599ab833e61363d42b6eabbf30c8ba2abcad
39578,27/07/2017 22:43,Question & Help,a8be292a51653165253e2cc7e9690ddbf8274d3c20edf9cba7eb624b2e51cca1
39579,27/07/2017 22:43,Problem Solving,ad3f9dc298721e22e02f2846b17d599ab833e61363d42b6eabbf30c8ba2abcad
39580,27/07/2017 22:43,Problem Solving,ad3f9dc298721e22e02f2846b17d599ab833e61363d42b6eabbf30c8ba2abcad
39581,27/07/2017 22:43,Problem Solving,ad3f9dc298721e22e02f2846b17d599ab833e61363d42b6eabbf30c8ba2abcad
39582,27/07/2017 22:43,Problem Solving,ad3f9dc298721e22e02f2846b17d599ab833e61363d42b6eabbf30c8ba2abcad
39583,27/07/2017 22:43,View Announcements,a8be292a51653165253e2cc7e9690ddbf8274d3c20edf9cba7eb624b2e51cca1
39584,27/07/2017 22:43,Question & Help,a8be292a51653165253e2cc7e9690ddbf8274d3c20edf9cba7eb624b2e51cca1
39585,27/07/2017 22:42,Problem Solving,ad3f9dc298721e22e02f2846b17d599ab833e61363d42b6eabbf30c8ba2abcad
39586,27/07/2017 22:42,Problem Solving,ad3f9dc298721e22e02f2846b17d599ab833e61363d42b6eabbf30c8ba2abcad
39587,27/07/2017 22:42,Problem Solving,ad3f9dc298721e22e02f2846b17d599ab833e61363d42b6eabbf30c8ba2abcad
39588,27/07/2017 22:42,Problem Solving,ad3f9dc298721e22e02f2846b17d599ab833e61363d42b6eabbf30c8ba2abcad
39589,27/07/2017 22:42,Problem Solving,ad3f9dc298721e22e02f2846b17d599ab833e61363d42b6eabbf30c8ba2abcad
39590,27/07/2017 22:42,Problem Solving,ad3f9dc298721e22e02f2846b17d599ab833e61363d42b6eabbf30c8ba2abcad
39591,27/07/2017 22:42,Question & Help,a8be292a51653165253e2cc7e9690ddbf8274d3c20edf9cba7eb624b2e51cca1
39592,27/07/2017 22:42,View Announcements,a8be292a51653165253e2cc7e9690ddbf8274d3c20edf9cba7eb624b2e51cca1
39593,27/07/2017 22:42,Problem Solving,ad3f9dc298721e22e02f2846b17d599ab833e61363d42b6eabbf30c8ba2abcad
39594,27/07/2017 22:42,Problem Solving,ad3f9dc298721e22e02f2846b17d599ab833e61363d42b6eabbf30c8ba2abcad
39595,27/07/2017 22:41,Problem Solving,ad3f9dc298721e22e02f2846b17d599ab833e61363d42b6eabbf30c8ba2abcad
39596,27/07/2017 22:41,Problem Solving,ad3f9dc298721e22e02f2846b17d599ab833e61363d42b6eabbf30c8ba2abcad
39597,27/07/2017 22:41,Problem Solving,ad3f9dc298721e22e02f2846b17d599ab833e61363d42b6eabbf30c8ba2abcad
39598,27/07/2017 22:41,Problem Solving,ad3f9dc298721e22e02f2846b17d599ab833e61363d42b6eabbf30c8ba2abcad
39599,27/07/2017 22:41,MOOCchat,a8be292a51653165253e2cc7e9690ddbf8274d3c20edf9cba7eb624b2e51cca1
39600,27/07/2017 22:41,Problem Solving,ad3f9dc298721e22e02f2846b17d599ab833e61363d42b6eabbf30c8ba2abcad
39601,27/07/2017 22:41,Problem Solving,ad3f9dc298721e22e02f2846b17d599ab833e61363d42b6eabbf30c8ba2abcad
39602,27/07/2017 22:41,Materials,a8be292a51653165253e2cc7e9690ddbf8274d3c20edf9cba7eb624b2e51cca1
39603,27/07/2017 22:41,Assessment,a8be292a51653165253e2cc7e9690ddbf8274d3c20edf9cba7eb624b2e51cca1
39604,27/07/2017 22:41,Problem Solving,ad3f9dc298721e22e02f2846b17d599ab833e61363d42b6eabbf30c8ba2abcad
39605,27/07/2017 22:41,Problem Solving,ad3f9dc298721e22e02f2846b17d599ab833e61363d42b6eabbf30c8ba2abcad
39606,27/07/2017 22:41,View Announcements,a8be292a51653165253e2cc7e9690ddbf8274d3c20edf9cba7eb624b2e51cca1
39607,27/07/2017 22:41,Question & Help,a8be292a51653165253e2cc7e9690ddbf8274d3c20edf9cba7eb624b2e51cca1
39608,27/07/2017 22:40,Problem Solving,bfa8c9f25bdff58e3c1b23ff5638b910c716f0de4314a97cada5f930bb1c60ed
39609,27/07/2017 22:40,Problem Solving,bfa8c9f25bdff58e3c1b23ff5638b910c716f0de4314a97cada5f930bb1c60ed
39610,27/07/2017 22:40,Materials,a8be292a51653165253e2cc7e9690ddbf8274d3c20edf9cba7eb624b2e51cca1
39611,27/07/2017 22:40,Problem Solving,ad3f9dc298721e22e02f2846b17d599ab833e61363d42b6eabbf30c8ba2abcad
39612,27/07/2017 22:40,Problem Solving,ad3f9dc298721e22e02f2846b17d599ab833e61363d42b6eabbf30c8ba2abcad
39613,27/07/2017 22:40,Problem Solving,ad3f9dc298721e22e02f2846b17d599ab833e61363d42b6eabbf30c8ba2abcad
39614,27/07/2017 22:40,Problem Solving,ad3f9dc298721e22e02f2846b17d599ab833e61363d42b6eabbf30c8ba2abcad
39615,27/07/2017 22:40,Problem Solving,ad3f9dc298721e22e02f2846b17d599ab833e61363d42b6eabbf30c8ba2abcad
39616,27/07/2017 22:39,Problem Solving,ad3f9dc298721e22e02f2846b17d599ab833e61363d42b6eabbf30c8ba2abcad
39617,27/07/2017 22:39,Problem Solving,ad3f9dc298721e22e02f2846b17d599ab833e61363d42b6eabbf30c8ba2abcad
39618,27/07/2017 22:39,Problem Solving,ad3f9dc298721e22e02f2846b17d599ab833e61363d42b6eabbf30c8ba2abcad
39619,27/07/2017 22:39,Problem Solving,ad3f9dc298721e22e02f2846b17d599ab833e61363d42b6eabbf30c8ba2abcad
39620,27/07/2017 22:39,Problem Solving,ad3f9dc298721e22e02f2846b17d599ab833e61363d42b6eabbf30c8ba2abcad
39621,27/07/2017 22:39,Problem Solving,ad3f9dc298721e22e02f2846b17d599ab833e61363d42b6eabbf30c8ba2abcad
39622,27/07/2017 22:39,Problem Solving,ad3f9dc298721e22e02f2846b17d599ab833e61363d42b6eabbf30c8ba2abcad
39623,27/07/2017 22:39,Problem Solving,ad3f9dc298721e22e02f2846b17d599ab833e61363d42b6eabbf30c8ba2abcad
39624,27/07/2017 22:39,Assessment,a8be292a51653165253e2cc7e9690ddbf8274d3c20edf9cba7eb624b2e51cca1
39625,27/07/2017 22:39,Question & Help,a8be292a51653165253e2cc7e9690ddbf8274d3c20edf9cba7eb624b2e51cca1
39626,27/07/2017 22:39,View Announcements,a8be292a51653165253e2cc7e9690ddbf8274d3c20edf9cba7eb624b2e51cca1
39627,27/07/2017 22:39,Problem Solving,ad3f9dc298721e22e02f2846b17d599ab833e61363d42b6eabbf30c8ba2abcad
39628,27/07/2017 22:39,Problem Solving,ad3f9dc298721e22e02f2846b17d599ab833e61363d42b6eabbf30c8ba2abcad
39629,27/07/2017 22:39,Problem Solving,a8be292a51653165253e2cc7e9690ddbf8274d3c20edf9cba7eb624b2e51cca1
39630,27/07/2017 22:38,Problem Solving,a8be292a51653165253e2cc7e9690ddbf8274d3c20edf9cba7eb624b2e51cca1
39631,27/07/2017 22:38,View Announcements,4a00cb9716b48eca4fd984334247de25f2bd2378ea6d54710c009eb588d36a11
39632,27/07/2017 22:38,Problem Solving,a8be292a51653165253e2cc7e9690ddbf8274d3c20edf9cba7eb624b2e51cca1
39633,27/07/2017 22:38,Problem Solving,ad3f9dc298721e22e02f2846b17d599ab833e61363d42b6eabbf30c8ba2abcad
39634,27/07/2017 22:38,Problem Solving,ad3f9dc298721e22e02f2846b17d599ab833e61363d42b6eabbf30c8ba2abcad
39635,27/07/2017 22:38,View Announcements,4a00cb9716b48eca4fd984334247de25f2bd2378ea6d54710c009eb588d36a11
39636,27/07/2017 22:38,Problem Solving,ad3f9dc298721e22e02f2846b17d599ab833e61363d42b6eabbf30c8ba2abcad
39637,27/07/2017 22:38,Problem Solving,ad3f9dc298721e22e02f2846b17d599ab833e61363d42b6eabbf30c8ba2abcad
39638,27/07/2017 22:38,Problem Solving,bfa8c9f25bdff58e3c1b23ff5638b910c716f0de4314a97cada5f930bb1c60ed
39639,27/07/2017 22:38,Problem Solving,a8be292a51653165253e2cc7e9690ddbf8274d3c20edf9cba7eb624b2e51cca1
39640,27/07/2017 22:38,Problem Solving,ad3f9dc298721e22e02f2846b17d599ab833e61363d42b6eabbf30c8ba2abcad
39641,27/07/2017 22:38,Problem Solving,ad3f9dc298721e22e02f2846b17d599ab833e61363d42b6eabbf30c8ba2abcad
39642,27/07/2017 22:38,Problem Solving,bfa8c9f25bdff58e3c1b23ff5638b910c716f0de4314a97cada5f930bb1c60ed
39643,27/07/2017 22:38,Problem Solving,bfa8c9f25bdff58e3c1b23ff5638b910c716f0de4314a97cada5f930bb1c60ed
39644,27/07/2017 22:38,Problem Solving,bfa8c9f25bdff58e3c1b23ff5638b910c716f0de4314a97cada5f930bb1c60ed
39645,27/07/2017 22:38,Problem Solving,ad3f9dc298721e22e02f2846b17d599ab833e61363d42b6eabbf30c8ba2abcad
39646,27/07/2017 22:38,Problem Solving,ad3f9dc298721e22e02f2846b17d599ab833e61363d42b6eabbf30c8ba2abcad
39647,27/07/2017 22:38,Problem Solving,bfa8c9f25bdff58e3c1b23ff5638b910c716f0de4314a97cada5f930bb1c60ed
39648,27/07/2017 22:38,Lecture & Tutorial,bfa8c9f25bdff58e3c1b23ff5638b910c716f0de4314a97cada5f930bb1c60ed
39649,27/07/2017 22:38,Problem Solving,bfa8c9f25bdff58e3c1b23ff5638b910c716f0de4314a97cada5f930bb1c60ed
39650,27/07/2017 22:38,Problem Solving,ad3f9dc298721e22e02f2846b17d599ab833e61363d42b6eabbf30c8ba2abcad
39651,27/07/2017 22:38,Problem Solving,ad3f9dc298721e22e02f2846b17d599ab833e61363d42b6eabbf30c8ba2abcad
39652,27/07/2017 22:37,Projects,bfa8c9f25bdff58e3c1b23ff5638b910c716f0de4314a97cada5f930bb1c60ed
39653,27/07/2017 22:37,Lecture & Tutorial,bfa8c9f25bdff58e3c1b23ff5638b910c716f0de4314a97cada5f930bb1c60ed
39654,27/07/2017 22:37,Problem Solving,ad3f9dc298721e22e02f2846b17d599ab833e61363d42b6eabbf30c8ba2abcad
39655,27/07/2017 22:37,Problem Solving,ad3f9dc298721e22e02f2846b17d599ab833e61363d42b6eabbf30c8ba2abcad
39656,27/07/2017 22:37,Problem Solving,ad3f9dc298721e22e02f2846b17d599ab833e61363d42b6eabbf30c8ba2abcad
39657,27/07/2017 22:37,Problem Solving,ad3f9dc298721e22e02f2846b17d599ab833e61363d42b6eabbf30c8ba2abcad
39658,27/07/2017 22:37,Problem Solving,ad3f9dc298721e22e02f2846b17d599ab833e61363d42b6eabbf30c8ba2abcad
39659,27/07/2017 22:37,Problem Solving,ad3f9dc298721e22e02f2846b17d599ab833e61363d42b6eabbf30c8ba2abcad
39660,27/07/2017 22:37,Problem Solving,ad3f9dc298721e22e02f2846b17d599ab833e61363d42b6eabbf30c8ba2abcad
39661,27/07/2017 22:37,Problem Solving,ad3f9dc298721e22e02f2846b17d599ab833e61363d42b6eabbf30c8ba2abcad
39662,27/07/2017 22:37,Problem Solving,ad3f9dc298721e22e02f2846b17d599ab833e61363d42b6eabbf30c8ba2abcad
39663,27/07/2017 22:36,Problem Solving,a8be292a51653165253e2cc7e9690ddbf8274d3c20edf9cba7eb624b2e51cca1
39664,27/07/2017 22:36,Problem Solving,a8be292a51653165253e2cc7e9690ddbf8274d3c20edf9cba7eb624b2e51cca1
39665,27/07/2017 22:36,Assessment,a8be292a51653165253e2cc7e9690ddbf8274d3c20edf9cba7eb624b2e51cca1
39666,27/07/2017 22:36,View Announcements,a8be292a51653165253e2cc7e9690ddbf8274d3c20edf9cba7eb624b2e51cca1
39667,27/07/2017 22:36,Question & Help,a8be292a51653165253e2cc7e9690ddbf8274d3c20edf9cba7eb624b2e51cca1
39668,27/07/2017 22:36,Projects,a8be292a51653165253e2cc7e9690ddbf8274d3c20edf9cba7eb624b2e51cca1
39669,27/07/2017 22:36,Assessment,a8be292a51653165253e2cc7e9690ddbf8274d3c20edf9cba7eb624b2e51cca1
39670,27/07/2017 22:33,Projects,9f9697382230ec7e4b8c6c1a340ea27af127f6ed8e154817f623b88bc9dfb380
39671,27/07/2017 22:33,Projects,9f9697382230ec7e4b8c6c1a340ea27af127f6ed8e154817f623b88bc9dfb380
39672,27/07/2017 22:33,Projects,9f9697382230ec7e4b8c6c1a340ea27af127f6ed8e154817f623b88bc9dfb380
39673,27/07/2017 22:33,Projects,9f9697382230ec7e4b8c6c1a340ea27af127f6ed8e154817f623b88bc9dfb380
39674,27/07/2017 22:33,Projects,9f9697382230ec7e4b8c6c1a340ea27af127f6ed8e154817f623b88bc9dfb380
39675,27/07/2017 22:32,Assessment,9f9697382230ec7e4b8c6c1a340ea27af127f6ed8e154817f623b88bc9dfb380
39676,27/07/2017 22:32,View Announcements,9f9697382230ec7e4b8c6c1a340ea27af127f6ed8e154817f623b88bc9dfb380
39677,27/07/2017 22:32,View Announcements,9f9697382230ec7e4b8c6c1a340ea27af127f6ed8e154817f623b88bc9dfb380
39678,27/07/2017 22:31,Assessment,c6b04e285ebc963968ca14468b553273883b2f9a5024bdbf70ff34e2a77142c6
39679,27/07/2017 22:31,View Announcements,c6b04e285ebc963968ca14468b553273883b2f9a5024bdbf70ff34e2a77142c6
39680,27/07/2017 22:31,Projects,cc38c74c20c880907da8861223d078990e0c6c4f01b87a8db7a1d65606f78194
39681,27/07/2017 22:30,View Announcements,c6b04e285ebc963968ca14468b553273883b2f9a5024bdbf70ff34e2a77142c6
39682,27/07/2017 22:30,Lecture & Tutorial,cc38c74c20c880907da8861223d078990e0c6c4f01b87a8db7a1d65606f78194
39683,27/07/2017 22:30,Projects,cc38c74c20c880907da8861223d078990e0c6c4f01b87a8db7a1d65606f78194
39684,27/07/2017 22:30,Problem Solving,ad3f9dc298721e22e02f2846b17d599ab833e61363d42b6eabbf30c8ba2abcad
39685,27/07/2017 22:29,Assessment,a8be292a51653165253e2cc7e9690ddbf8274d3c20edf9cba7eb624b2e51cca1
39686,27/07/2017 22:29,Assessment,a8be292a51653165253e2cc7e9690ddbf8274d3c20edf9cba7eb624b2e51cca1
39687,27/07/2017 22:29,Assessment,a8be292a51653165253e2cc7e9690ddbf8274d3c20edf9cba7eb624b2e51cca1
39688,27/07/2017 22:29,Question & Help,a8be292a51653165253e2cc7e9690ddbf8274d3c20edf9cba7eb624b2e51cca1
39689,27/07/2017 22:29,View Announcements,a8be292a51653165253e2cc7e9690ddbf8274d3c20edf9cba7eb624b2e51cca1
39690,27/07/2017 22:29,Problem Solving,ad3f9dc298721e22e02f2846b17d599ab833e61363d42b6eabbf30c8ba2abcad
39691,27/07/2017 22:29,Problem Solving,ad3f9dc298721e22e02f2846b17d599ab833e61363d42b6eabbf30c8ba2abcad
39692,27/07/2017 22:29,Problem Solving,ad3f9dc298721e22e02f2846b17d599ab833e61363d42b6eabbf30c8ba2abcad
39693,27/07/2017 22:29,Problem Solving,ad3f9dc298721e22e02f2846b17d599ab833e61363d42b6eabbf30c8ba2abcad
39694,27/07/2017 22:29,Problem Solving,ad3f9dc298721e22e02f2846b17d599ab833e61363d42b6eabbf30c8ba2abcad
39695,27/07/2017 22:29,Problem Solving,ad3f9dc298721e22e02f2846b17d599ab833e61363d42b6eabbf30c8ba2abcad
39696,27/07/2017 22:29,Lecture & Tutorial,80617b4b5a18d991c11c261a81a3d3d0e2ad24335687d77c9674ab1a3c19247a
39697,27/07/2017 22:29,Lecture & Tutorial,80617b4b5a18d991c11c261a81a3d3d0e2ad24335687d77c9674ab1a3c19247a
39698,27/07/2017 22:28,View Announcements,9f9697382230ec7e4b8c6c1a340ea27af127f6ed8e154817f623b88bc9dfb380
39699,27/07/2017 22:28,Problem Solving,ad3f9dc298721e22e02f2846b17d599ab833e61363d42b6eabbf30c8ba2abcad
39700,27/07/2017 22:28,Problem Solving,ad3f9dc298721e22e02f2846b17d599ab833e61363d42b6eabbf30c8ba2abcad
39701,27/07/2017 22:27,View Announcements,9f9697382230ec7e4b8c6c1a340ea27af127f6ed8e154817f623b88bc9dfb380
39702,27/07/2017 22:27,Problem Solving,ad3f9dc298721e22e02f2846b17d599ab833e61363d42b6eabbf30c8ba2abcad
39703,27/07/2017 22:27,Problem Solving,ad3f9dc298721e22e02f2846b17d599ab833e61363d42b6eabbf30c8ba2abcad
39704,27/07/2017 22:27,View Announcements,9f9697382230ec7e4b8c6c1a340ea27af127f6ed8e154817f623b88bc9dfb380
39705,27/07/2017 22:27,Problem Solving,ad3f9dc298721e22e02f2846b17d599ab833e61363d42b6eabbf30c8ba2abcad
39706,27/07/2017 22:27,Problem Solving,ad3f9dc298721e22e02f2846b17d599ab833e61363d42b6eabbf30c8ba2abcad
39707,27/07/2017 22:27,Problem Solving,ad3f9dc298721e22e02f2846b17d599ab833e61363d42b6eabbf30c8ba2abcad
39708,27/07/2017 22:27,Problem Solving,ad3f9dc298721e22e02f2846b17d599ab833e61363d42b6eabbf30c8ba2abcad
39709,27/07/2017 22:27,Problem Solving,ad3f9dc298721e22e02f2846b17d599ab833e61363d42b6eabbf30c8ba2abcad
39710,27/07/2017 22:27,Problem Solving,ad3f9dc298721e22e02f2846b17d599ab833e61363d42b6eabbf30c8ba2abcad
39711,27/07/2017 22:27,Problem Solving,ad3f9dc298721e22e02f2846b17d599ab833e61363d42b6eabbf30c8ba2abcad
39712,27/07/2017 22:27,Problem Solving,ad3f9dc298721e22e02f2846b17d599ab833e61363d42b6eabbf30c8ba2abcad
39713,27/07/2017 22:26,View Announcements,9f9697382230ec7e4b8c6c1a340ea27af127f6ed8e154817f623b88bc9dfb380
39714,27/07/2017 22:24,Problem Solving,ad3f9dc298721e22e02f2846b17d599ab833e61363d42b6eabbf30c8ba2abcad
39715,27/07/2017 22:24,Problem Solving,ad3f9dc298721e22e02f2846b17d599ab833e61363d42b6eabbf30c8ba2abcad
39716,27/07/2017 22:24,Problem Solving,ad3f9dc298721e22e02f2846b17d599ab833e61363d42b6eabbf30c8ba2abcad
39717,27/07/2017 22:24,Problem Solving,ad3f9dc298721e22e02f2846b17d599ab833e61363d42b6eabbf30c8ba2abcad
39718,27/07/2017 22:24,Problem Solving,ad3f9dc298721e22e02f2846b17d599ab833e61363d42b6eabbf30c8ba2abcad
39719,27/07/2017 22:24,Problem Solving,ad3f9dc298721e22e02f2846b17d599ab833e61363d42b6eabbf30c8ba2abcad
39720,27/07/2017 22:24,Problem Solving,ad3f9dc298721e22e02f2846b17d599ab833e61363d42b6eabbf30c8ba2abcad
39721,27/07/2017 22:24,Problem Solving,ad3f9dc298721e22e02f2846b17d599ab833e61363d42b6eabbf30c8ba2abcad
39722,27/07/2017 22:20,Materials,f75897248b0fac8423fca4044d9bf92e156aee14ca42e2319f1082306c3e989b
39723,27/07/2017 22:20,Materials,f75897248b0fac8423fca4044d9bf92e156aee14ca42e2319f1082306c3e989b
39724,27/07/2017 22:20,Lecture & Tutorial,f75897248b0fac8423fca4044d9bf92e156aee14ca42e2319f1082306c3e989b
39725,27/07/2017 22:20,Lecture & Tutorial,f75897248b0fac8423fca4044d9bf92e156aee14ca42e2319f1082306c3e989b
39726,27/07/2017 22:20,Lecture & Tutorial,f75897248b0fac8423fca4044d9bf92e156aee14ca42e2319f1082306c3e989b
39727,27/07/2017 22:20,Lecture & Tutorial,f75897248b0fac8423fca4044d9bf92e156aee14ca42e2319f1082306c3e989b
39728,27/07/2017 22:18,Problem Solving,1e8911a45a2933d379840380242bab249e45c9759e415bd26f5b54a5a86417f8
39729,27/07/2017 22:18,Lecture & Tutorial,1e8911a45a2933d379840380242bab249e45c9759e415bd26f5b54a5a86417f8
39730,27/07/2017 22:18,Materials,1e8911a45a2933d379840380242bab249e45c9759e415bd26f5b54a5a86417f8
39731,27/07/2017 22:18,Lecture & Tutorial,1e8911a45a2933d379840380242bab249e45c9759e415bd26f5b54a5a86417f8
39732,27/07/2017 22:17,View Announcements,0f2211846603be95d02113ef3861b3550c5bf3bc7bbfa5ddb22107378a6b303a
39733,27/07/2017 22:16,Assessment,9f9697382230ec7e4b8c6c1a340ea27af127f6ed8e154817f623b88bc9dfb380
39734,27/07/2017 22:16,Assessment,9f9697382230ec7e4b8c6c1a340ea27af127f6ed8e154817f623b88bc9dfb380
39735,27/07/2017 22:16,Assessment,9f9697382230ec7e4b8c6c1a340ea27af127f6ed8e154817f623b88bc9dfb380
39736,27/07/2017 22:16,Assessment,9f9697382230ec7e4b8c6c1a340ea27af127f6ed8e154817f623b88bc9dfb380
39737,27/07/2017 22:15,Assessment,9f9697382230ec7e4b8c6c1a340ea27af127f6ed8e154817f623b88bc9dfb380
39738,27/07/2017 22:15,View Announcements,9f9697382230ec7e4b8c6c1a340ea27af127f6ed8e154817f623b88bc9dfb380
39739,27/07/2017 22:15,Question & Help,9f9697382230ec7e4b8c6c1a340ea27af127f6ed8e154817f623b88bc9dfb380
39740,27/07/2017 22:10,View Announcements,80617b4b5a18d991c11c261a81a3d3d0e2ad24335687d77c9674ab1a3c19247a
39741,27/07/2017 22:10,View Announcements,4521baaa3ce7d7318c2190551731df5fd8a6ec9a61d054ac578b92960514d71c
39742,27/07/2017 22:10,View Announcements,80617b4b5a18d991c11c261a81a3d3d0e2ad24335687d77c9674ab1a3c19247a
39743,27/07/2017 22:10,Assessment,0655899cc4eccde88970d720aa9154ab4662413701d3f51f78842249a3afb3f3
39744,27/07/2017 22:10,View Announcements,0655899cc4eccde88970d720aa9154ab4662413701d3f51f78842249a3afb3f3
39745,27/07/2017 22:10,Materials,4521baaa3ce7d7318c2190551731df5fd8a6ec9a61d054ac578b92960514d71c
39746,27/07/2017 22:10,Materials,4521baaa3ce7d7318c2190551731df5fd8a6ec9a61d054ac578b92960514d71c
39747,27/07/2017 22:10,Materials,4521baaa3ce7d7318c2190551731df5fd8a6ec9a61d054ac578b92960514d71c
39748,27/07/2017 22:09,Materials,4521baaa3ce7d7318c2190551731df5fd8a6ec9a61d054ac578b92960514d71c
39749,27/07/2017 22:09,Materials,4521baaa3ce7d7318c2190551731df5fd8a6ec9a61d054ac578b92960514d71c
39750,27/07/2017 22:09,Materials,4521baaa3ce7d7318c2190551731df5fd8a6ec9a61d054ac578b92960514d71c
39751,27/07/2017 22:09,Materials,4521baaa3ce7d7318c2190551731df5fd8a6ec9a61d054ac578b92960514d71c
39752,27/07/2017 22:08,Materials,4521baaa3ce7d7318c2190551731df5fd8a6ec9a61d054ac578b92960514d71c
39753,27/07/2017 22:08,Materials,4521baaa3ce7d7318c2190551731df5fd8a6ec9a61d054ac578b92960514d71c
39754,27/07/2017 22:08,Materials,4521baaa3ce7d7318c2190551731df5fd8a6ec9a61d054ac578b92960514d71c
39755,27/07/2017 22:08,Materials,4521baaa3ce7d7318c2190551731df5fd8a6ec9a61d054ac578b92960514d71c
39756,27/07/2017 22:08,Materials,4521baaa3ce7d7318c2190551731df5fd8a6ec9a61d054ac578b92960514d71c
39757,27/07/2017 22:08,Materials,4521baaa3ce7d7318c2190551731df5fd8a6ec9a61d054ac578b92960514d71c
39758,27/07/2017 22:08,Materials,4521baaa3ce7d7318c2190551731df5fd8a6ec9a61d054ac578b92960514d71c
39759,27/07/2017 22:08,Materials,4521baaa3ce7d7318c2190551731df5fd8a6ec9a61d054ac578b92960514d71c
39760,27/07/2017 22:07,Materials,4521baaa3ce7d7318c2190551731df5fd8a6ec9a61d054ac578b92960514d71c
39761,27/07/2017 22:07,Materials,4521baaa3ce7d7318c2190551731df5fd8a6ec9a61d054ac578b92960514d71c
39762,27/07/2017 22:07,Materials,4521baaa3ce7d7318c2190551731df5fd8a6ec9a61d054ac578b92960514d71c
39763,27/07/2017 22:07,Materials,4521baaa3ce7d7318c2190551731df5fd8a6ec9a61d054ac578b92960514d71c
39764,27/07/2017 22:07,Materials,4521baaa3ce7d7318c2190551731df5fd8a6ec9a61d054ac578b92960514d71c
39765,27/07/2017 22:07,Materials,4521baaa3ce7d7318c2190551731df5fd8a6ec9a61d054ac578b92960514d71c
39766,27/07/2017 22:07,Materials,4521baaa3ce7d7318c2190551731df5fd8a6ec9a61d054ac578b92960514d71c
39767,27/07/2017 22:07,Materials,4521baaa3ce7d7318c2190551731df5fd8a6ec9a61d054ac578b92960514d71c
39768,27/07/2017 22:06,Assessment,0655899cc4eccde88970d720aa9154ab4662413701d3f51f78842249a3afb3f3
39769,27/07/2017 22:06,Assessment,0655899cc4eccde88970d720aa9154ab4662413701d3f51f78842249a3afb3f3
39770,27/07/2017 22:06,Materials,4521baaa3ce7d7318c2190551731df5fd8a6ec9a61d054ac578b92960514d71c
39771,27/07/2017 22:06,Materials,4521baaa3ce7d7318c2190551731df5fd8a6ec9a61d054ac578b92960514d71c
39772,27/07/2017 22:06,Materials,4521baaa3ce7d7318c2190551731df5fd8a6ec9a61d054ac578b92960514d71c
39773,27/07/2017 22:06,Materials,4521baaa3ce7d7318c2190551731df5fd8a6ec9a61d054ac578b92960514d71c
39774,27/07/2017 22:06,Materials,4521baaa3ce7d7318c2190551731df5fd8a6ec9a61d054ac578b92960514d71c
39775,27/07/2017 22:06,Materials,4521baaa3ce7d7318c2190551731df5fd8a6ec9a61d054ac578b92960514d71c
39776,27/07/2017 22:06,Materials,4521baaa3ce7d7318c2190551731df5fd8a6ec9a61d054ac578b92960514d71c
39777,27/07/2017 22:06,Materials,4521baaa3ce7d7318c2190551731df5fd8a6ec9a61d054ac578b92960514d71c
39778,27/07/2017 22:05,Assessment,f882355eb5aacde98d98bb66d73bd07d04b8eaee6b82302a8e60d211c9510d67
39779,27/07/2017 22:05,Assessment,f882355eb5aacde98d98bb66d73bd07d04b8eaee6b82302a8e60d211c9510d67
39780,27/07/2017 22:05,View Announcements,f882355eb5aacde98d98bb66d73bd07d04b8eaee6b82302a8e60d211c9510d67
39781,27/07/2017 22:05,Materials,4521baaa3ce7d7318c2190551731df5fd8a6ec9a61d054ac578b92960514d71c
39782,27/07/2017 22:05,Problem Solving,664e213d64ddcd9f5dafe97628eee92139fc89ae5649d72b2390bd719d42069f
39783,27/07/2017 22:04,Problem Solving,664e213d64ddcd9f5dafe97628eee92139fc89ae5649d72b2390bd719d42069f
39784,27/07/2017 22:04,Materials,4521baaa3ce7d7318c2190551731df5fd8a6ec9a61d054ac578b92960514d71c
39785,27/07/2017 22:04,Problem Solving,664e213d64ddcd9f5dafe97628eee92139fc89ae5649d72b2390bd719d42069f
39786,27/07/2017 22:04,Problem Solving,664e213d64ddcd9f5dafe97628eee92139fc89ae5649d72b2390bd719d42069f
39787,27/07/2017 22:04,Problem Solving,664e213d64ddcd9f5dafe97628eee92139fc89ae5649d72b2390bd719d42069f
39788,27/07/2017 22:04,Problem Solving,664e213d64ddcd9f5dafe97628eee92139fc89ae5649d72b2390bd719d42069f
39789,27/07/2017 22:04,Problem Solving,664e213d64ddcd9f5dafe97628eee92139fc89ae5649d72b2390bd719d42069f
39790,27/07/2017 22:03,Projects,f882355eb5aacde98d98bb66d73bd07d04b8eaee6b82302a8e60d211c9510d67
39791,27/07/2017 22:03,Projects,f882355eb5aacde98d98bb66d73bd07d04b8eaee6b82302a8e60d211c9510d67
39792,27/07/2017 22:03,Projects,f882355eb5aacde98d98bb66d73bd07d04b8eaee6b82302a8e60d211c9510d67
39793,27/07/2017 22:03,Materials,4521baaa3ce7d7318c2190551731df5fd8a6ec9a61d054ac578b92960514d71c
39794,27/07/2017 22:03,Materials,4521baaa3ce7d7318c2190551731df5fd8a6ec9a61d054ac578b92960514d71c
39795,27/07/2017 22:03,Assessment,f882355eb5aacde98d98bb66d73bd07d04b8eaee6b82302a8e60d211c9510d67
39796,27/07/2017 22:03,Problem Solving,664e213d64ddcd9f5dafe97628eee92139fc89ae5649d72b2390bd719d42069f
39797,27/07/2017 22:03,Problem Solving,664e213d64ddcd9f5dafe97628eee92139fc89ae5649d72b2390bd719d42069f
39798,27/07/2017 22:03,Problem Solving,664e213d64ddcd9f5dafe97628eee92139fc89ae5649d72b2390bd719d42069f
39799,27/07/2017 22:03,Problem Solving,664e213d64ddcd9f5dafe97628eee92139fc89ae5649d72b2390bd719d42069f
39800,27/07/2017 22:03,View Announcements,4521baaa3ce7d7318c2190551731df5fd8a6ec9a61d054ac578b92960514d71c
39801,27/07/2017 22:03,Assessment,f882355eb5aacde98d98bb66d73bd07d04b8eaee6b82302a8e60d211c9510d67
39802,27/07/2017 22:03,Assessment,f882355eb5aacde98d98bb66d73bd07d04b8eaee6b82302a8e60d211c9510d67
39803,27/07/2017 22:03,Assessment,f882355eb5aacde98d98bb66d73bd07d04b8eaee6b82302a8e60d211c9510d67
39804,27/07/2017 22:03,Assessment,f882355eb5aacde98d98bb66d73bd07d04b8eaee6b82302a8e60d211c9510d67
39805,27/07/2017 22:03,Assessment,f882355eb5aacde98d98bb66d73bd07d04b8eaee6b82302a8e60d211c9510d67
39806,27/07/2017 22:03,View Announcements,f882355eb5aacde98d98bb66d73bd07d04b8eaee6b82302a8e60d211c9510d67
39807,27/07/2017 22:03,View Announcements,201d4b7573f88b9d639f60ca22735c41c711260e0b210d34870d5152e80c294d
39808,27/07/2017 22:02,View Announcements,4521baaa3ce7d7318c2190551731df5fd8a6ec9a61d054ac578b92960514d71c
39809,27/07/2017 22:02,Materials,f882355eb5aacde98d98bb66d73bd07d04b8eaee6b82302a8e60d211c9510d67
39810,27/07/2017 22:01,Materials,f882355eb5aacde98d98bb66d73bd07d04b8eaee6b82302a8e60d211c9510d67
39811,27/07/2017 22:01,Lecture & Tutorial,f882355eb5aacde98d98bb66d73bd07d04b8eaee6b82302a8e60d211c9510d67
39812,27/07/2017 22:01,View Announcements,b8fd77ef069101d64a013340e31cc9ba9d65f0c58691b76b672835cfa71a5c97
39813,27/07/2017 22:01,View Announcements,f882355eb5aacde98d98bb66d73bd07d04b8eaee6b82302a8e60d211c9510d67
39814,27/07/2017 22:01,View Announcements,201d4b7573f88b9d639f60ca22735c41c711260e0b210d34870d5152e80c294d
39815,27/07/2017 22:01,View Announcements,201d4b7573f88b9d639f60ca22735c41c711260e0b210d34870d5152e80c294d
39816,27/07/2017 22:00,Projects,201d4b7573f88b9d639f60ca22735c41c711260e0b210d34870d5152e80c294d
39817,27/07/2017 22:00,Projects,201d4b7573f88b9d639f60ca22735c41c711260e0b210d34870d5152e80c294d
39818,27/07/2017 22:00,Assessment,201d4b7573f88b9d639f60ca22735c41c711260e0b210d34870d5152e80c294d
39819,27/07/2017 22:00,View Announcements,201d4b7573f88b9d639f60ca22735c41c711260e0b210d34870d5152e80c294d
39820,27/07/2017 22:00,Assessment,0655899cc4eccde88970d720aa9154ab4662413701d3f51f78842249a3afb3f3
39821,27/07/2017 22:00,Assessment,0655899cc4eccde88970d720aa9154ab4662413701d3f51f78842249a3afb3f3
39822,27/07/2017 21:59,View Announcements,0655899cc4eccde88970d720aa9154ab4662413701d3f51f78842249a3afb3f3
39823,27/07/2017 21:59,View Announcements,0655899cc4eccde88970d720aa9154ab4662413701d3f51f78842249a3afb3f3
39824,27/07/2017 21:59,Lecture & Tutorial,0655899cc4eccde88970d720aa9154ab4662413701d3f51f78842249a3afb3f3
39825,27/07/2017 21:59,Projects,0655899cc4eccde88970d720aa9154ab4662413701d3f51f78842249a3afb3f3
39826,27/07/2017 21:59,Lecture & Tutorial,0655899cc4eccde88970d720aa9154ab4662413701d3f51f78842249a3afb3f3
39827,27/07/2017 21:59,Problem Solving,664e213d64ddcd9f5dafe97628eee92139fc89ae5649d72b2390bd719d42069f
39828,27/07/2017 21:59,View Announcements,0655899cc4eccde88970d720aa9154ab4662413701d3f51f78842249a3afb3f3
39829,27/07/2017 21:59,Problem Solving,664e213d64ddcd9f5dafe97628eee92139fc89ae5649d72b2390bd719d42069f
39830,27/07/2017 21:59,Problem Solving,664e213d64ddcd9f5dafe97628eee92139fc89ae5649d72b2390bd719d42069f
39831,27/07/2017 21:59,Problem Solving,664e213d64ddcd9f5dafe97628eee92139fc89ae5649d72b2390bd719d42069f
39832,27/07/2017 21:59,Problem Solving,664e213d64ddcd9f5dafe97628eee92139fc89ae5649d72b2390bd719d42069f
39833,27/07/2017 21:59,Problem Solving,664e213d64ddcd9f5dafe97628eee92139fc89ae5649d72b2390bd719d42069f
39834,27/07/2017 21:58,Problem Solving,664e213d64ddcd9f5dafe97628eee92139fc89ae5649d72b2390bd719d42069f
39835,27/07/2017 21:58,Problem Solving,664e213d64ddcd9f5dafe97628eee92139fc89ae5649d72b2390bd719d42069f
39836,27/07/2017 21:58,Lecture & Tutorial,0655899cc4eccde88970d720aa9154ab4662413701d3f51f78842249a3afb3f3
39837,27/07/2017 21:58,Lecture & Tutorial,0655899cc4eccde88970d720aa9154ab4662413701d3f51f78842249a3afb3f3
39838,27/07/2017 21:58,Problem Solving,664e213d64ddcd9f5dafe97628eee92139fc89ae5649d72b2390bd719d42069f
39839,27/07/2017 21:58,Problem Solving,664e213d64ddcd9f5dafe97628eee92139fc89ae5649d72b2390bd719d42069f
39840,27/07/2017 21:58,Problem Solving,664e213d64ddcd9f5dafe97628eee92139fc89ae5649d72b2390bd719d42069f
39841,27/07/2017 21:58,Problem Solving,664e213d64ddcd9f5dafe97628eee92139fc89ae5649d72b2390bd719d42069f
39842,27/07/2017 21:58,Problem Solving,664e213d64ddcd9f5dafe97628eee92139fc89ae5649d72b2390bd719d42069f
39843,27/07/2017 21:57,Problem Solving,664e213d64ddcd9f5dafe97628eee92139fc89ae5649d72b2390bd719d42069f
39844,27/07/2017 21:57,Problem Solving,664e213d64ddcd9f5dafe97628eee92139fc89ae5649d72b2390bd719d42069f
39845,27/07/2017 21:57,Problem Solving,664e213d64ddcd9f5dafe97628eee92139fc89ae5649d72b2390bd719d42069f
39846,27/07/2017 21:57,Materials,0655899cc4eccde88970d720aa9154ab4662413701d3f51f78842249a3afb3f3
39847,27/07/2017 21:57,Lecture & Tutorial,0655899cc4eccde88970d720aa9154ab4662413701d3f51f78842249a3afb3f3
39848,27/07/2017 21:57,Problem Solving,664e213d64ddcd9f5dafe97628eee92139fc89ae5649d72b2390bd719d42069f
39849,27/07/2017 21:57,Problem Solving,664e213d64ddcd9f5dafe97628eee92139fc89ae5649d72b2390bd719d42069f
39850,27/07/2017 21:57,Problem Solving,664e213d64ddcd9f5dafe97628eee92139fc89ae5649d72b2390bd719d42069f
39851,27/07/2017 21:57,Problem Solving,664e213d64ddcd9f5dafe97628eee92139fc89ae5649d72b2390bd719d42069f
39852,27/07/2017 21:57,Problem Solving,664e213d64ddcd9f5dafe97628eee92139fc89ae5649d72b2390bd719d42069f
39853,27/07/2017 21:57,Problem Solving,664e213d64ddcd9f5dafe97628eee92139fc89ae5649d72b2390bd719d42069f
39854,27/07/2017 21:57,Problem Solving,ad3f9dc298721e22e02f2846b17d599ab833e61363d42b6eabbf30c8ba2abcad
39855,27/07/2017 21:57,Problem Solving,ad3f9dc298721e22e02f2846b17d599ab833e61363d42b6eabbf30c8ba2abcad
39856,27/07/2017 21:57,Assessment,b04987704a54224d83e8e62ea59720b8ec597ae6ee9f79040d891c3f32868df8
39857,27/07/2017 21:56,Materials,281c375c5b0fda259da4c6a802bb1b85dcf6cae10334f37240479d99d03fb8fe
39858,27/07/2017 21:56,Problem Solving,664e213d64ddcd9f5dafe97628eee92139fc89ae5649d72b2390bd719d42069f
39859,27/07/2017 21:56,Problem Solving,664e213d64ddcd9f5dafe97628eee92139fc89ae5649d72b2390bd719d42069f
39860,27/07/2017 21:56,Problem Solving,281c375c5b0fda259da4c6a802bb1b85dcf6cae10334f37240479d99d03fb8fe
39861,27/07/2017 21:56,Lecture & Tutorial,281c375c5b0fda259da4c6a802bb1b85dcf6cae10334f37240479d99d03fb8fe
39862,27/07/2017 21:56,Problem Solving,281c375c5b0fda259da4c6a802bb1b85dcf6cae10334f37240479d99d03fb8fe
39863,27/07/2017 21:56,Problem Solving,664e213d64ddcd9f5dafe97628eee92139fc89ae5649d72b2390bd719d42069f
39864,27/07/2017 21:56,Problem Solving,664e213d64ddcd9f5dafe97628eee92139fc89ae5649d72b2390bd719d42069f
39865,27/07/2017 21:56,Problem Solving,664e213d64ddcd9f5dafe97628eee92139fc89ae5649d72b2390bd719d42069f
39866,27/07/2017 21:56,Problem Solving,664e213d64ddcd9f5dafe97628eee92139fc89ae5649d72b2390bd719d42069f
39867,27/07/2017 21:56,Projects,b04987704a54224d83e8e62ea59720b8ec597ae6ee9f79040d891c3f32868df8
39868,27/07/2017 21:56,Materials,281c375c5b0fda259da4c6a802bb1b85dcf6cae10334f37240479d99d03fb8fe
39869,27/07/2017 21:56,Lecture & Tutorial,281c375c5b0fda259da4c6a802bb1b85dcf6cae10334f37240479d99d03fb8fe
39870,27/07/2017 21:56,Projects,b04987704a54224d83e8e62ea59720b8ec597ae6ee9f79040d891c3f32868df8
39871,27/07/2017 21:56,Projects,b04987704a54224d83e8e62ea59720b8ec597ae6ee9f79040d891c3f32868df8
39872,27/07/2017 21:56,Assessment,b04987704a54224d83e8e62ea59720b8ec597ae6ee9f79040d891c3f32868df8
39873,27/07/2017 21:55,Problem Solving,664e213d64ddcd9f5dafe97628eee92139fc89ae5649d72b2390bd719d42069f
39874,27/07/2017 21:55,Problem Solving,664e213d64ddcd9f5dafe97628eee92139fc89ae5649d72b2390bd719d42069f
39875,27/07/2017 21:55,Problem Solving,664e213d64ddcd9f5dafe97628eee92139fc89ae5649d72b2390bd719d42069f
39876,27/07/2017 21:54,Problem Solving,664e213d64ddcd9f5dafe97628eee92139fc89ae5649d72b2390bd719d42069f
39877,27/07/2017 21:54,Projects,b04987704a54224d83e8e62ea59720b8ec597ae6ee9f79040d891c3f32868df8
39878,27/07/2017 21:54,Projects,b04987704a54224d83e8e62ea59720b8ec597ae6ee9f79040d891c3f32868df8
39879,27/07/2017 21:54,Lecture & Tutorial,4ae5b07ed06795785cadf98ff9bd8b896e4ecdefac5904edd0bc38eb6d4374ea
39880,27/07/2017 21:54,Lecture & Tutorial,4ae5b07ed06795785cadf98ff9bd8b896e4ecdefac5904edd0bc38eb6d4374ea
39881,27/07/2017 21:54,Lecture & Tutorial,4ae5b07ed06795785cadf98ff9bd8b896e4ecdefac5904edd0bc38eb6d4374ea
39882,27/07/2017 21:54,Lecture & Tutorial,4ae5b07ed06795785cadf98ff9bd8b896e4ecdefac5904edd0bc38eb6d4374ea
39883,27/07/2017 21:54,Lecture & Tutorial,4ae5b07ed06795785cadf98ff9bd8b896e4ecdefac5904edd0bc38eb6d4374ea
39884,27/07/2017 21:54,Lecture & Tutorial,4ae5b07ed06795785cadf98ff9bd8b896e4ecdefac5904edd0bc38eb6d4374ea
39885,27/07/2017 21:54,Lecture & Tutorial,4ae5b07ed06795785cadf98ff9bd8b896e4ecdefac5904edd0bc38eb6d4374ea
39886,27/07/2017 21:54,Lecture & Tutorial,4ae5b07ed06795785cadf98ff9bd8b896e4ecdefac5904edd0bc38eb6d4374ea
39887,27/07/2017 21:54,Lecture & Tutorial,4ae5b07ed06795785cadf98ff9bd8b896e4ecdefac5904edd0bc38eb6d4374ea
39888,27/07/2017 21:54,Lecture & Tutorial,4ae5b07ed06795785cadf98ff9bd8b896e4ecdefac5904edd0bc38eb6d4374ea
39889,27/07/2017 21:54,Lecture & Tutorial,4ae5b07ed06795785cadf98ff9bd8b896e4ecdefac5904edd0bc38eb6d4374ea
39890,27/07/2017 21:54,Lecture & Tutorial,4ae5b07ed06795785cadf98ff9bd8b896e4ecdefac5904edd0bc38eb6d4374ea
39891,27/07/2017 21:54,Lecture & Tutorial,4ae5b07ed06795785cadf98ff9bd8b896e4ecdefac5904edd0bc38eb6d4374ea
39892,27/07/2017 21:54,Lecture & Tutorial,4ae5b07ed06795785cadf98ff9bd8b896e4ecdefac5904edd0bc38eb6d4374ea
39893,27/07/2017 21:54,Lecture & Tutorial,4ae5b07ed06795785cadf98ff9bd8b896e4ecdefac5904edd0bc38eb6d4374ea
39894,27/07/2017 21:54,Lecture & Tutorial,4ae5b07ed06795785cadf98ff9bd8b896e4ecdefac5904edd0bc38eb6d4374ea
39895,27/07/2017 21:54,Problem Solving,138b89ba417e7b81a9bac77d35475d8b59028e6b91a9b62364e6e6ba03d70536
39896,27/07/2017 21:53,Projects,b04987704a54224d83e8e62ea59720b8ec597ae6ee9f79040d891c3f32868df8
39897,27/07/2017 21:53,Projects,b04987704a54224d83e8e62ea59720b8ec597ae6ee9f79040d891c3f32868df8
39898,27/07/2017 21:53,Assessment,b04987704a54224d83e8e62ea59720b8ec597ae6ee9f79040d891c3f32868df8
39899,27/07/2017 21:53,View Announcements,b04987704a54224d83e8e62ea59720b8ec597ae6ee9f79040d891c3f32868df8
39900,27/07/2017 21:53,Problem Solving,664e213d64ddcd9f5dafe97628eee92139fc89ae5649d72b2390bd719d42069f
39901,27/07/2017 21:53,Problem Solving,664e213d64ddcd9f5dafe97628eee92139fc89ae5649d72b2390bd719d42069f
39902,27/07/2017 21:53,Problem Solving,664e213d64ddcd9f5dafe97628eee92139fc89ae5649d72b2390bd719d42069f
39903,27/07/2017 21:53,Problem Solving,664e213d64ddcd9f5dafe97628eee92139fc89ae5649d72b2390bd719d42069f
39904,27/07/2017 21:53,Problem Solving,664e213d64ddcd9f5dafe97628eee92139fc89ae5649d72b2390bd719d42069f
39905,27/07/2017 21:53,Problem Solving,664e213d64ddcd9f5dafe97628eee92139fc89ae5649d72b2390bd719d42069f
39906,27/07/2017 21:53,Problem Solving,664e213d64ddcd9f5dafe97628eee92139fc89ae5649d72b2390bd719d42069f
39907,27/07/2017 21:52,Problem Solving,664e213d64ddcd9f5dafe97628eee92139fc89ae5649d72b2390bd719d42069f
39908,27/07/2017 21:52,Problem Solving,664e213d64ddcd9f5dafe97628eee92139fc89ae5649d72b2390bd719d42069f
39909,27/07/2017 21:52,Problem Solving,664e213d64ddcd9f5dafe97628eee92139fc89ae5649d72b2390bd719d42069f
39910,27/07/2017 21:52,Problem Solving,664e213d64ddcd9f5dafe97628eee92139fc89ae5649d72b2390bd719d42069f
39911,27/07/2017 21:52,Problem Solving,664e213d64ddcd9f5dafe97628eee92139fc89ae5649d72b2390bd719d42069f
39912,27/07/2017 21:52,Problem Solving,664e213d64ddcd9f5dafe97628eee92139fc89ae5649d72b2390bd719d42069f
39913,27/07/2017 21:52,Problem Solving,664e213d64ddcd9f5dafe97628eee92139fc89ae5649d72b2390bd719d42069f
39914,27/07/2017 21:52,Problem Solving,664e213d64ddcd9f5dafe97628eee92139fc89ae5649d72b2390bd719d42069f
39915,27/07/2017 21:52,Problem Solving,664e213d64ddcd9f5dafe97628eee92139fc89ae5649d72b2390bd719d42069f
39916,27/07/2017 21:52,Problem Solving,664e213d64ddcd9f5dafe97628eee92139fc89ae5649d72b2390bd719d42069f
39917,27/07/2017 21:52,Problem Solving,664e213d64ddcd9f5dafe97628eee92139fc89ae5649d72b2390bd719d42069f
39918,27/07/2017 21:52,Problem Solving,664e213d64ddcd9f5dafe97628eee92139fc89ae5649d72b2390bd719d42069f
39919,27/07/2017 21:51,Problem Solving,664e213d64ddcd9f5dafe97628eee92139fc89ae5649d72b2390bd719d42069f
39920,27/07/2017 21:51,View Announcements,fab0a035721922fc94b79c17372d7dfc433daeca446e6b5eb04e370164acda65
39921,27/07/2017 21:51,Problem Solving,ad3f9dc298721e22e02f2846b17d599ab833e61363d42b6eabbf30c8ba2abcad
39922,27/07/2017 21:51,Lecture & Tutorial,fab0a035721922fc94b79c17372d7dfc433daeca446e6b5eb04e370164acda65
39923,27/07/2017 21:51,View Announcements,fab0a035721922fc94b79c17372d7dfc433daeca446e6b5eb04e370164acda65
39924,27/07/2017 21:51,Problem Solving,138b89ba417e7b81a9bac77d35475d8b59028e6b91a9b62364e6e6ba03d70536
39925,27/07/2017 21:51,Problem Solving,138b89ba417e7b81a9bac77d35475d8b59028e6b91a9b62364e6e6ba03d70536
39926,27/07/2017 21:51,Lecture & Tutorial,138b89ba417e7b81a9bac77d35475d8b59028e6b91a9b62364e6e6ba03d70536
39927,27/07/2017 21:51,Lecture & Tutorial,fab0a035721922fc94b79c17372d7dfc433daeca446e6b5eb04e370164acda65
39928,27/07/2017 21:51,Problem Solving,ad3f9dc298721e22e02f2846b17d599ab833e61363d42b6eabbf30c8ba2abcad
39929,27/07/2017 21:51,Lecture & Tutorial,fab0a035721922fc94b79c17372d7dfc433daeca446e6b5eb04e370164acda65
39930,27/07/2017 21:51,Lecture & Tutorial,fab0a035721922fc94b79c17372d7dfc433daeca446e6b5eb04e370164acda65
39931,27/07/2017 21:51,Problem Solving,ad3f9dc298721e22e02f2846b17d599ab833e61363d42b6eabbf30c8ba2abcad
39932,27/07/2017 21:51,Problem Solving,ad3f9dc298721e22e02f2846b17d599ab833e61363d42b6eabbf30c8ba2abcad
39933,27/07/2017 21:51,Lecture & Tutorial,ad3f9dc298721e22e02f2846b17d599ab833e61363d42b6eabbf30c8ba2abcad
39934,27/07/2017 21:50,Materials,ad3f9dc298721e22e02f2846b17d599ab833e61363d42b6eabbf30c8ba2abcad
39935,27/07/2017 21:50,Lecture & Tutorial,fab0a035721922fc94b79c17372d7dfc433daeca446e6b5eb04e370164acda65
39936,27/07/2017 21:50,Lecture & Tutorial,fab0a035721922fc94b79c17372d7dfc433daeca446e6b5eb04e370164acda65
39937,27/07/2017 21:49,Problem Solving,12b6d1c96acf16e1a5163b9292736607f863d14862d58edaa753ce92af6aed43
39938,27/07/2017 21:49,Problem Solving,12b6d1c96acf16e1a5163b9292736607f863d14862d58edaa753ce92af6aed43
39939,27/07/2017 21:49,Problem Solving,12b6d1c96acf16e1a5163b9292736607f863d14862d58edaa753ce92af6aed43
39940,27/07/2017 21:49,Problem Solving,12b6d1c96acf16e1a5163b9292736607f863d14862d58edaa753ce92af6aed43
39941,27/07/2017 21:49,Problem Solving,12b6d1c96acf16e1a5163b9292736607f863d14862d58edaa753ce92af6aed43
39942,27/07/2017 21:49,Problem Solving,12b6d1c96acf16e1a5163b9292736607f863d14862d58edaa753ce92af6aed43
39943,27/07/2017 21:48,Problem Solving,12b6d1c96acf16e1a5163b9292736607f863d14862d58edaa753ce92af6aed43
39944,27/07/2017 21:48,Problem Solving,12b6d1c96acf16e1a5163b9292736607f863d14862d58edaa753ce92af6aed43
39945,27/07/2017 21:48,Problem Solving,12b6d1c96acf16e1a5163b9292736607f863d14862d58edaa753ce92af6aed43
39946,27/07/2017 21:48,Problem Solving,664e213d64ddcd9f5dafe97628eee92139fc89ae5649d72b2390bd719d42069f
39947,27/07/2017 21:48,Problem Solving,12b6d1c96acf16e1a5163b9292736607f863d14862d58edaa753ce92af6aed43
39948,27/07/2017 21:48,Problem Solving,664e213d64ddcd9f5dafe97628eee92139fc89ae5649d72b2390bd719d42069f
39949,27/07/2017 21:48,Problem Solving,12b6d1c96acf16e1a5163b9292736607f863d14862d58edaa753ce92af6aed43
39950,27/07/2017 21:48,Problem Solving,12b6d1c96acf16e1a5163b9292736607f863d14862d58edaa753ce92af6aed43
39951,27/07/2017 21:48,Problem Solving,12b6d1c96acf16e1a5163b9292736607f863d14862d58edaa753ce92af6aed43
39952,27/07/2017 21:48,Problem Solving,12b6d1c96acf16e1a5163b9292736607f863d14862d58edaa753ce92af6aed43
39953,27/07/2017 21:48,Problem Solving,12b6d1c96acf16e1a5163b9292736607f863d14862d58edaa753ce92af6aed43
39954,27/07/2017 21:48,Problem Solving,12b6d1c96acf16e1a5163b9292736607f863d14862d58edaa753ce92af6aed43
39955,27/07/2017 21:47,Problem Solving,12b6d1c96acf16e1a5163b9292736607f863d14862d58edaa753ce92af6aed43
39956,27/07/2017 21:47,Problem Solving,12b6d1c96acf16e1a5163b9292736607f863d14862d58edaa753ce92af6aed43
39957,27/07/2017 21:47,Problem Solving,12b6d1c96acf16e1a5163b9292736607f863d14862d58edaa753ce92af6aed43
39958,27/07/2017 21:47,Problem Solving,12b6d1c96acf16e1a5163b9292736607f863d14862d58edaa753ce92af6aed43
39959,27/07/2017 21:47,Problem Solving,12b6d1c96acf16e1a5163b9292736607f863d14862d58edaa753ce92af6aed43
39960,27/07/2017 21:47,Problem Solving,12b6d1c96acf16e1a5163b9292736607f863d14862d58edaa753ce92af6aed43
39961,27/07/2017 21:47,Problem Solving,12b6d1c96acf16e1a5163b9292736607f863d14862d58edaa753ce92af6aed43
39962,27/07/2017 21:47,Problem Solving,12b6d1c96acf16e1a5163b9292736607f863d14862d58edaa753ce92af6aed43
39963,27/07/2017 21:47,Problem Solving,12b6d1c96acf16e1a5163b9292736607f863d14862d58edaa753ce92af6aed43
39964,27/07/2017 21:47,Problem Solving,12b6d1c96acf16e1a5163b9292736607f863d14862d58edaa753ce92af6aed43
39965,27/07/2017 21:47,Problem Solving,12b6d1c96acf16e1a5163b9292736607f863d14862d58edaa753ce92af6aed43
39966,27/07/2017 21:47,Problem Solving,12b6d1c96acf16e1a5163b9292736607f863d14862d58edaa753ce92af6aed43
39967,27/07/2017 21:46,Problem Solving,12b6d1c96acf16e1a5163b9292736607f863d14862d58edaa753ce92af6aed43
39968,27/07/2017 21:46,Problem Solving,12b6d1c96acf16e1a5163b9292736607f863d14862d58edaa753ce92af6aed43
39969,27/07/2017 21:46,Problem Solving,12b6d1c96acf16e1a5163b9292736607f863d14862d58edaa753ce92af6aed43
39970,27/07/2017 21:46,Problem Solving,12b6d1c96acf16e1a5163b9292736607f863d14862d58edaa753ce92af6aed43
39971,27/07/2017 21:46,Question & Help,5acc27278713447ddfa565fc1ae314939e6d21ca2105341819c76d665db0408e
39972,27/07/2017 21:46,Problem Solving,12b6d1c96acf16e1a5163b9292736607f863d14862d58edaa753ce92af6aed43
39973,27/07/2017 21:46,Problem Solving,12b6d1c96acf16e1a5163b9292736607f863d14862d58edaa753ce92af6aed43
39974,27/07/2017 21:46,Problem Solving,12b6d1c96acf16e1a5163b9292736607f863d14862d58edaa753ce92af6aed43
39975,27/07/2017 21:46,Problem Solving,12b6d1c96acf16e1a5163b9292736607f863d14862d58edaa753ce92af6aed43
39976,27/07/2017 21:46,Problem Solving,12b6d1c96acf16e1a5163b9292736607f863d14862d58edaa753ce92af6aed43
39977,27/07/2017 21:46,Problem Solving,12b6d1c96acf16e1a5163b9292736607f863d14862d58edaa753ce92af6aed43
39978,27/07/2017 21:46,View Announcements,b8fd77ef069101d64a013340e31cc9ba9d65f0c58691b76b672835cfa71a5c97
39979,27/07/2017 21:46,View Announcements,b8fd77ef069101d64a013340e31cc9ba9d65f0c58691b76b672835cfa71a5c97
39980,27/07/2017 21:45,Problem Solving,12b6d1c96acf16e1a5163b9292736607f863d14862d58edaa753ce92af6aed43
39981,27/07/2017 21:45,Problem Solving,12b6d1c96acf16e1a5163b9292736607f863d14862d58edaa753ce92af6aed43
39982,27/07/2017 21:45,Problem Solving,12b6d1c96acf16e1a5163b9292736607f863d14862d58edaa753ce92af6aed43
39983,27/07/2017 21:45,Problem Solving,12b6d1c96acf16e1a5163b9292736607f863d14862d58edaa753ce92af6aed43
39984,27/07/2017 21:45,Problem Solving,12b6d1c96acf16e1a5163b9292736607f863d14862d58edaa753ce92af6aed43
39985,27/07/2017 21:45,Problem Solving,12b6d1c96acf16e1a5163b9292736607f863d14862d58edaa753ce92af6aed43
39986,27/07/2017 21:45,Problem Solving,12b6d1c96acf16e1a5163b9292736607f863d14862d58edaa753ce92af6aed43
39987,27/07/2017 21:45,Problem Solving,12b6d1c96acf16e1a5163b9292736607f863d14862d58edaa753ce92af6aed43
39988,27/07/2017 21:45,Problem Solving,12b6d1c96acf16e1a5163b9292736607f863d14862d58edaa753ce92af6aed43
39989,27/07/2017 21:45,Problem Solving,12b6d1c96acf16e1a5163b9292736607f863d14862d58edaa753ce92af6aed43
39990,27/07/2017 21:44,Problem Solving,12b6d1c96acf16e1a5163b9292736607f863d14862d58edaa753ce92af6aed43
39991,27/07/2017 21:44,Problem Solving,12b6d1c96acf16e1a5163b9292736607f863d14862d58edaa753ce92af6aed43
39992,27/07/2017 21:44,Problem Solving,12b6d1c96acf16e1a5163b9292736607f863d14862d58edaa753ce92af6aed43
39993,27/07/2017 21:44,Problem Solving,12b6d1c96acf16e1a5163b9292736607f863d14862d58edaa753ce92af6aed43
39994,27/07/2017 21:44,Problem Solving,12b6d1c96acf16e1a5163b9292736607f863d14862d58edaa753ce92af6aed43
39995,27/07/2017 21:44,Problem Solving,12b6d1c96acf16e1a5163b9292736607f863d14862d58edaa753ce92af6aed43
39996,27/07/2017 21:44,Problem Solving,12b6d1c96acf16e1a5163b9292736607f863d14862d58edaa753ce92af6aed43
39997,27/07/2017 21:44,Problem Solving,12b6d1c96acf16e1a5163b9292736607f863d14862d58edaa753ce92af6aed43
39998,27/07/2017 21:44,Problem Solving,12b6d1c96acf16e1a5163b9292736607f863d14862d58edaa753ce92af6aed43
39999,27/07/2017 21:44,Problem Solving,12b6d1c96acf16e1a5163b9292736607f863d14862d58edaa753ce92af6aed43
40000,27/07/2017 21:44,Problem Solving,12b6d1c96acf16e1a5163b9292736607f863d14862d58edaa753ce92af6aed43
40001,27/07/2017 21:44,Problem Solving,12b6d1c96acf16e1a5163b9292736607f863d14862d58edaa753ce92af6aed43
40002,27/07/2017 21:43,Problem Solving,12b6d1c96acf16e1a5163b9292736607f863d14862d58edaa753ce92af6aed43
40003,27/07/2017 21:43,Problem Solving,12b6d1c96acf16e1a5163b9292736607f863d14862d58edaa753ce92af6aed43
40004,27/07/2017 21:43,Problem Solving,12b6d1c96acf16e1a5163b9292736607f863d14862d58edaa753ce92af6aed43
40005,27/07/2017 21:43,Problem Solving,12b6d1c96acf16e1a5163b9292736607f863d14862d58edaa753ce92af6aed43
40006,27/07/2017 21:43,Problem Solving,12b6d1c96acf16e1a5163b9292736607f863d14862d58edaa753ce92af6aed43
40007,27/07/2017 21:43,Problem Solving,12b6d1c96acf16e1a5163b9292736607f863d14862d58edaa753ce92af6aed43
40008,27/07/2017 21:43,Problem Solving,12b6d1c96acf16e1a5163b9292736607f863d14862d58edaa753ce92af6aed43
40009,27/07/2017 21:43,Problem Solving,12b6d1c96acf16e1a5163b9292736607f863d14862d58edaa753ce92af6aed43
40010,27/07/2017 21:43,Problem Solving,12b6d1c96acf16e1a5163b9292736607f863d14862d58edaa753ce92af6aed43
40011,27/07/2017 21:43,Problem Solving,12b6d1c96acf16e1a5163b9292736607f863d14862d58edaa753ce92af6aed43
40012,27/07/2017 21:43,Problem Solving,12b6d1c96acf16e1a5163b9292736607f863d14862d58edaa753ce92af6aed43
40013,27/07/2017 21:43,Problem Solving,12b6d1c96acf16e1a5163b9292736607f863d14862d58edaa753ce92af6aed43
40014,27/07/2017 21:42,Problem Solving,12b6d1c96acf16e1a5163b9292736607f863d14862d58edaa753ce92af6aed43
40015,27/07/2017 21:42,Problem Solving,12b6d1c96acf16e1a5163b9292736607f863d14862d58edaa753ce92af6aed43
40016,27/07/2017 21:42,Problem Solving,12b6d1c96acf16e1a5163b9292736607f863d14862d58edaa753ce92af6aed43
40017,27/07/2017 21:42,Problem Solving,12b6d1c96acf16e1a5163b9292736607f863d14862d58edaa753ce92af6aed43
40018,27/07/2017 21:42,Problem Solving,12b6d1c96acf16e1a5163b9292736607f863d14862d58edaa753ce92af6aed43
40019,27/07/2017 21:42,Problem Solving,12b6d1c96acf16e1a5163b9292736607f863d14862d58edaa753ce92af6aed43
40020,27/07/2017 21:42,Problem Solving,12b6d1c96acf16e1a5163b9292736607f863d14862d58edaa753ce92af6aed43
40021,27/07/2017 21:42,Problem Solving,12b6d1c96acf16e1a5163b9292736607f863d14862d58edaa753ce92af6aed43
40022,27/07/2017 21:42,View Announcements,9f5dab9a347d5e473bbc55342fb8bdd6b27244653bca7ca90ed56fc81db190c0
40023,27/07/2017 21:42,View Announcements,9f5dab9a347d5e473bbc55342fb8bdd6b27244653bca7ca90ed56fc81db190c0
40024,27/07/2017 21:42,Problem Solving,12b6d1c96acf16e1a5163b9292736607f863d14862d58edaa753ce92af6aed43
40025,27/07/2017 21:42,Problem Solving,12b6d1c96acf16e1a5163b9292736607f863d14862d58edaa753ce92af6aed43
40026,27/07/2017 21:42,View Announcements,9f5dab9a347d5e473bbc55342fb8bdd6b27244653bca7ca90ed56fc81db190c0
40027,27/07/2017 21:42,View Announcements,9f5dab9a347d5e473bbc55342fb8bdd6b27244653bca7ca90ed56fc81db190c0
40028,27/07/2017 21:42,Problem Solving,31ba611001f378acff4c101bdd809688ad22289c2271a84032a606b5822a5c21
40029,27/07/2017 21:42,Problem Solving,12b6d1c96acf16e1a5163b9292736607f863d14862d58edaa753ce92af6aed43
40030,27/07/2017 21:42,Problem Solving,12b6d1c96acf16e1a5163b9292736607f863d14862d58edaa753ce92af6aed43
40031,27/07/2017 21:41,Problem Solving,31ba611001f378acff4c101bdd809688ad22289c2271a84032a606b5822a5c21
40032,27/07/2017 21:41,Problem Solving,31ba611001f378acff4c101bdd809688ad22289c2271a84032a606b5822a5c21
40033,27/07/2017 21:41,Lecture & Tutorial,31ba611001f378acff4c101bdd809688ad22289c2271a84032a606b5822a5c21
40034,27/07/2017 21:41,Projects,aed4403a36cc7319ecb571369ec5477adbabca4807dddac1764e80bc05b424eb
40035,27/07/2017 21:41,Problem Solving,12b6d1c96acf16e1a5163b9292736607f863d14862d58edaa753ce92af6aed43
40036,27/07/2017 21:41,Problem Solving,12b6d1c96acf16e1a5163b9292736607f863d14862d58edaa753ce92af6aed43
40037,27/07/2017 21:41,Problem Solving,12b6d1c96acf16e1a5163b9292736607f863d14862d58edaa753ce92af6aed43
40038,27/07/2017 21:41,Problem Solving,12b6d1c96acf16e1a5163b9292736607f863d14862d58edaa753ce92af6aed43
40039,27/07/2017 21:41,Projects,aed4403a36cc7319ecb571369ec5477adbabca4807dddac1764e80bc05b424eb
40040,27/07/2017 21:41,Projects,aed4403a36cc7319ecb571369ec5477adbabca4807dddac1764e80bc05b424eb
40041,27/07/2017 21:41,Projects,aed4403a36cc7319ecb571369ec5477adbabca4807dddac1764e80bc05b424eb
40042,27/07/2017 21:41,Lecture & Tutorial,aed4403a36cc7319ecb571369ec5477adbabca4807dddac1764e80bc05b424eb
40043,27/07/2017 21:41,Problem Solving,12b6d1c96acf16e1a5163b9292736607f863d14862d58edaa753ce92af6aed43
40044,27/07/2017 21:41,Problem Solving,12b6d1c96acf16e1a5163b9292736607f863d14862d58edaa753ce92af6aed43
40045,27/07/2017 21:41,Problem Solving,12b6d1c96acf16e1a5163b9292736607f863d14862d58edaa753ce92af6aed43
40046,27/07/2017 21:41,Problem Solving,12b6d1c96acf16e1a5163b9292736607f863d14862d58edaa753ce92af6aed43
40047,27/07/2017 21:41,Problem Solving,12b6d1c96acf16e1a5163b9292736607f863d14862d58edaa753ce92af6aed43
40048,27/07/2017 21:41,Problem Solving,12b6d1c96acf16e1a5163b9292736607f863d14862d58edaa753ce92af6aed43
40049,27/07/2017 21:40,Problem Solving,12b6d1c96acf16e1a5163b9292736607f863d14862d58edaa753ce92af6aed43
40050,27/07/2017 21:40,Problem Solving,12b6d1c96acf16e1a5163b9292736607f863d14862d58edaa753ce92af6aed43
40051,27/07/2017 21:40,Problem Solving,12b6d1c96acf16e1a5163b9292736607f863d14862d58edaa753ce92af6aed43
40052,27/07/2017 21:40,Problem Solving,12b6d1c96acf16e1a5163b9292736607f863d14862d58edaa753ce92af6aed43
40053,27/07/2017 21:40,Problem Solving,12b6d1c96acf16e1a5163b9292736607f863d14862d58edaa753ce92af6aed43
40054,27/07/2017 21:40,Problem Solving,12b6d1c96acf16e1a5163b9292736607f863d14862d58edaa753ce92af6aed43
40055,27/07/2017 21:40,Problem Solving,12b6d1c96acf16e1a5163b9292736607f863d14862d58edaa753ce92af6aed43
40056,27/07/2017 21:40,Problem Solving,12b6d1c96acf16e1a5163b9292736607f863d14862d58edaa753ce92af6aed43
40057,27/07/2017 21:40,Problem Solving,12b6d1c96acf16e1a5163b9292736607f863d14862d58edaa753ce92af6aed43
40058,27/07/2017 21:40,Problem Solving,12b6d1c96acf16e1a5163b9292736607f863d14862d58edaa753ce92af6aed43
40059,27/07/2017 21:40,Problem Solving,12b6d1c96acf16e1a5163b9292736607f863d14862d58edaa753ce92af6aed43
40060,27/07/2017 21:40,Problem Solving,12b6d1c96acf16e1a5163b9292736607f863d14862d58edaa753ce92af6aed43
40061,27/07/2017 21:40,Materials,ad3f9dc298721e22e02f2846b17d599ab833e61363d42b6eabbf30c8ba2abcad
40062,27/07/2017 21:40,Problem Solving,12b6d1c96acf16e1a5163b9292736607f863d14862d58edaa753ce92af6aed43
40063,27/07/2017 21:40,Problem Solving,12b6d1c96acf16e1a5163b9292736607f863d14862d58edaa753ce92af6aed43
40064,27/07/2017 21:39,Problem Solving,12b6d1c96acf16e1a5163b9292736607f863d14862d58edaa753ce92af6aed43
40065,27/07/2017 21:39,Problem Solving,12b6d1c96acf16e1a5163b9292736607f863d14862d58edaa753ce92af6aed43
40066,27/07/2017 21:39,Materials,ad3f9dc298721e22e02f2846b17d599ab833e61363d42b6eabbf30c8ba2abcad
40067,27/07/2017 21:39,Problem Solving,12b6d1c96acf16e1a5163b9292736607f863d14862d58edaa753ce92af6aed43
40068,27/07/2017 21:39,Problem Solving,12b6d1c96acf16e1a5163b9292736607f863d14862d58edaa753ce92af6aed43
40069,27/07/2017 21:39,Problem Solving,12b6d1c96acf16e1a5163b9292736607f863d14862d58edaa753ce92af6aed43
40070,27/07/2017 21:39,Problem Solving,12b6d1c96acf16e1a5163b9292736607f863d14862d58edaa753ce92af6aed43
40071,27/07/2017 21:39,Materials,ad3f9dc298721e22e02f2846b17d599ab833e61363d42b6eabbf30c8ba2abcad
40072,27/07/2017 21:39,Materials,ad3f9dc298721e22e02f2846b17d599ab833e61363d42b6eabbf30c8ba2abcad
40073,27/07/2017 21:39,Problem Solving,12b6d1c96acf16e1a5163b9292736607f863d14862d58edaa753ce92af6aed43
40074,27/07/2017 21:39,Problem Solving,12b6d1c96acf16e1a5163b9292736607f863d14862d58edaa753ce92af6aed43
40075,27/07/2017 21:39,Lecture & Tutorial,ad3f9dc298721e22e02f2846b17d599ab833e61363d42b6eabbf30c8ba2abcad
40076,27/07/2017 21:39,View Announcements,ad3f9dc298721e22e02f2846b17d599ab833e61363d42b6eabbf30c8ba2abcad
40077,27/07/2017 21:39,Problem Solving,12b6d1c96acf16e1a5163b9292736607f863d14862d58edaa753ce92af6aed43
40078,27/07/2017 21:39,Problem Solving,12b6d1c96acf16e1a5163b9292736607f863d14862d58edaa753ce92af6aed43
40079,27/07/2017 21:39,Assessment,ad3f9dc298721e22e02f2846b17d599ab833e61363d42b6eabbf30c8ba2abcad
40080,27/07/2017 21:39,Problem Solving,12b6d1c96acf16e1a5163b9292736607f863d14862d58edaa753ce92af6aed43
40081,27/07/2017 21:39,Problem Solving,12b6d1c96acf16e1a5163b9292736607f863d14862d58edaa753ce92af6aed43
40082,27/07/2017 21:39,Problem Solving,12b6d1c96acf16e1a5163b9292736607f863d14862d58edaa753ce92af6aed43
40083,27/07/2017 21:39,Problem Solving,12b6d1c96acf16e1a5163b9292736607f863d14862d58edaa753ce92af6aed43
40084,27/07/2017 21:38,Materials,ad3f9dc298721e22e02f2846b17d599ab833e61363d42b6eabbf30c8ba2abcad
40085,27/07/2017 21:38,Problem Solving,12b6d1c96acf16e1a5163b9292736607f863d14862d58edaa753ce92af6aed43
40086,27/07/2017 21:38,Problem Solving,12b6d1c96acf16e1a5163b9292736607f863d14862d58edaa753ce92af6aed43
40087,27/07/2017 21:38,Problem Solving,12b6d1c96acf16e1a5163b9292736607f863d14862d58edaa753ce92af6aed43
40088,27/07/2017 21:38,Problem Solving,12b6d1c96acf16e1a5163b9292736607f863d14862d58edaa753ce92af6aed43
40089,27/07/2017 21:38,Projects,a8be292a51653165253e2cc7e9690ddbf8274d3c20edf9cba7eb624b2e51cca1
40090,27/07/2017 21:38,Projects,a8be292a51653165253e2cc7e9690ddbf8274d3c20edf9cba7eb624b2e51cca1
40091,27/07/2017 21:38,Projects,a8be292a51653165253e2cc7e9690ddbf8274d3c20edf9cba7eb624b2e51cca1
40092,27/07/2017 21:38,Assessment,a8be292a51653165253e2cc7e9690ddbf8274d3c20edf9cba7eb624b2e51cca1
40093,27/07/2017 21:38,Question & Help,a8be292a51653165253e2cc7e9690ddbf8274d3c20edf9cba7eb624b2e51cca1
40094,27/07/2017 21:38,View Announcements,a8be292a51653165253e2cc7e9690ddbf8274d3c20edf9cba7eb624b2e51cca1
40095,27/07/2017 21:38,Assessment,ad3f9dc298721e22e02f2846b17d599ab833e61363d42b6eabbf30c8ba2abcad
40096,27/07/2017 21:38,View Announcements,ad3f9dc298721e22e02f2846b17d599ab833e61363d42b6eabbf30c8ba2abcad
40097,27/07/2017 21:38,Assessment,a8be292a51653165253e2cc7e9690ddbf8274d3c20edf9cba7eb624b2e51cca1
40098,27/07/2017 21:38,Assessment,a8be292a51653165253e2cc7e9690ddbf8274d3c20edf9cba7eb624b2e51cca1
40099,27/07/2017 21:38,Assessment,a8be292a51653165253e2cc7e9690ddbf8274d3c20edf9cba7eb624b2e51cca1
40100,27/07/2017 21:37,Problem Solving,12b6d1c96acf16e1a5163b9292736607f863d14862d58edaa753ce92af6aed43
40101,27/07/2017 21:37,Problem Solving,12b6d1c96acf16e1a5163b9292736607f863d14862d58edaa753ce92af6aed43
40102,27/07/2017 21:37,Problem Solving,12b6d1c96acf16e1a5163b9292736607f863d14862d58edaa753ce92af6aed43
40103,27/07/2017 21:37,Problem Solving,12b6d1c96acf16e1a5163b9292736607f863d14862d58edaa753ce92af6aed43
40104,27/07/2017 21:36,Problem Solving,12b6d1c96acf16e1a5163b9292736607f863d14862d58edaa753ce92af6aed43
40105,27/07/2017 21:36,Problem Solving,12b6d1c96acf16e1a5163b9292736607f863d14862d58edaa753ce92af6aed43
40106,27/07/2017 21:36,Problem Solving,12b6d1c96acf16e1a5163b9292736607f863d14862d58edaa753ce92af6aed43
40107,27/07/2017 21:36,Problem Solving,12b6d1c96acf16e1a5163b9292736607f863d14862d58edaa753ce92af6aed43
40108,27/07/2017 21:36,Problem Solving,12b6d1c96acf16e1a5163b9292736607f863d14862d58edaa753ce92af6aed43
40109,27/07/2017 21:36,Problem Solving,12b6d1c96acf16e1a5163b9292736607f863d14862d58edaa753ce92af6aed43
40110,27/07/2017 21:36,Problem Solving,12b6d1c96acf16e1a5163b9292736607f863d14862d58edaa753ce92af6aed43
40111,27/07/2017 21:36,Problem Solving,12b6d1c96acf16e1a5163b9292736607f863d14862d58edaa753ce92af6aed43
40112,27/07/2017 21:36,Problem Solving,12b6d1c96acf16e1a5163b9292736607f863d14862d58edaa753ce92af6aed43
40113,27/07/2017 21:36,Problem Solving,12b6d1c96acf16e1a5163b9292736607f863d14862d58edaa753ce92af6aed43
40114,27/07/2017 21:36,Problem Solving,12b6d1c96acf16e1a5163b9292736607f863d14862d58edaa753ce92af6aed43
40115,27/07/2017 21:36,Problem Solving,12b6d1c96acf16e1a5163b9292736607f863d14862d58edaa753ce92af6aed43
40116,27/07/2017 21:36,Problem Solving,12b6d1c96acf16e1a5163b9292736607f863d14862d58edaa753ce92af6aed43
40117,27/07/2017 21:36,Problem Solving,12b6d1c96acf16e1a5163b9292736607f863d14862d58edaa753ce92af6aed43
40118,27/07/2017 21:36,Problem Solving,12b6d1c96acf16e1a5163b9292736607f863d14862d58edaa753ce92af6aed43
40119,27/07/2017 21:36,Problem Solving,12b6d1c96acf16e1a5163b9292736607f863d14862d58edaa753ce92af6aed43
40120,27/07/2017 21:35,Problem Solving,12b6d1c96acf16e1a5163b9292736607f863d14862d58edaa753ce92af6aed43
40121,27/07/2017 21:35,Problem Solving,12b6d1c96acf16e1a5163b9292736607f863d14862d58edaa753ce92af6aed43
40122,27/07/2017 21:35,Problem Solving,12b6d1c96acf16e1a5163b9292736607f863d14862d58edaa753ce92af6aed43
40123,27/07/2017 21:35,Problem Solving,12b6d1c96acf16e1a5163b9292736607f863d14862d58edaa753ce92af6aed43
40124,27/07/2017 21:35,Problem Solving,12b6d1c96acf16e1a5163b9292736607f863d14862d58edaa753ce92af6aed43
40125,27/07/2017 21:35,Problem Solving,12b6d1c96acf16e1a5163b9292736607f863d14862d58edaa753ce92af6aed43
40126,27/07/2017 21:35,Problem Solving,12b6d1c96acf16e1a5163b9292736607f863d14862d58edaa753ce92af6aed43
40127,27/07/2017 21:35,Lecture & Tutorial,f882355eb5aacde98d98bb66d73bd07d04b8eaee6b82302a8e60d211c9510d67
40128,27/07/2017 21:35,Problem Solving,12b6d1c96acf16e1a5163b9292736607f863d14862d58edaa753ce92af6aed43
40129,27/07/2017 21:35,View Announcements,f882355eb5aacde98d98bb66d73bd07d04b8eaee6b82302a8e60d211c9510d67
40130,27/07/2017 21:35,Problem Solving,12b6d1c96acf16e1a5163b9292736607f863d14862d58edaa753ce92af6aed43
40131,27/07/2017 21:35,Problem Solving,12b6d1c96acf16e1a5163b9292736607f863d14862d58edaa753ce92af6aed43
40132,27/07/2017 21:35,View Announcements,f882355eb5aacde98d98bb66d73bd07d04b8eaee6b82302a8e60d211c9510d67
40133,27/07/2017 21:35,View Announcements,fab0a035721922fc94b79c17372d7dfc433daeca446e6b5eb04e370164acda65
40134,27/07/2017 21:35,Lecture & Tutorial,f882355eb5aacde98d98bb66d73bd07d04b8eaee6b82302a8e60d211c9510d67
40135,27/07/2017 21:35,Problem Solving,12b6d1c96acf16e1a5163b9292736607f863d14862d58edaa753ce92af6aed43
40136,27/07/2017 21:35,Problem Solving,12b6d1c96acf16e1a5163b9292736607f863d14862d58edaa753ce92af6aed43
40137,27/07/2017 21:34,Projects,f882355eb5aacde98d98bb66d73bd07d04b8eaee6b82302a8e60d211c9510d67
40138,27/07/2017 21:34,Problem Solving,12b6d1c96acf16e1a5163b9292736607f863d14862d58edaa753ce92af6aed43
40139,27/07/2017 21:34,Problem Solving,12b6d1c96acf16e1a5163b9292736607f863d14862d58edaa753ce92af6aed43
40140,27/07/2017 21:34,Projects,f882355eb5aacde98d98bb66d73bd07d04b8eaee6b82302a8e60d211c9510d67
40141,27/07/2017 21:34,Projects,f882355eb5aacde98d98bb66d73bd07d04b8eaee6b82302a8e60d211c9510d67
40142,27/07/2017 21:34,Lecture & Tutorial,f882355eb5aacde98d98bb66d73bd07d04b8eaee6b82302a8e60d211c9510d67
40143,27/07/2017 21:34,Problem Solving,5acfb4be53e18c25acfee95e065e5094dd67265e881a1c2097732efb62711a43
40144,27/07/2017 21:34,Problem Solving,12b6d1c96acf16e1a5163b9292736607f863d14862d58edaa753ce92af6aed43
40145,27/07/2017 21:34,Problem Solving,12b6d1c96acf16e1a5163b9292736607f863d14862d58edaa753ce92af6aed43
40146,27/07/2017 21:34,View Announcements,f882355eb5aacde98d98bb66d73bd07d04b8eaee6b82302a8e60d211c9510d67
40147,27/07/2017 21:34,Problem Solving,12b6d1c96acf16e1a5163b9292736607f863d14862d58edaa753ce92af6aed43
40148,27/07/2017 21:34,Problem Solving,12b6d1c96acf16e1a5163b9292736607f863d14862d58edaa753ce92af6aed43
40149,27/07/2017 21:34,Problem Solving,12b6d1c96acf16e1a5163b9292736607f863d14862d58edaa753ce92af6aed43
40150,27/07/2017 21:34,Problem Solving,12b6d1c96acf16e1a5163b9292736607f863d14862d58edaa753ce92af6aed43
40151,27/07/2017 21:34,Lecture & Tutorial,f882355eb5aacde98d98bb66d73bd07d04b8eaee6b82302a8e60d211c9510d67
40152,27/07/2017 21:34,Problem Solving,5acfb4be53e18c25acfee95e065e5094dd67265e881a1c2097732efb62711a43
40153,27/07/2017 21:34,Problem Solving,5acfb4be53e18c25acfee95e065e5094dd67265e881a1c2097732efb62711a43
40154,27/07/2017 21:34,View Announcements,f882355eb5aacde98d98bb66d73bd07d04b8eaee6b82302a8e60d211c9510d67
40155,27/07/2017 21:34,Lecture & Tutorial,f882355eb5aacde98d98bb66d73bd07d04b8eaee6b82302a8e60d211c9510d67
40156,27/07/2017 21:34,Materials,f882355eb5aacde98d98bb66d73bd07d04b8eaee6b82302a8e60d211c9510d67
40157,27/07/2017 21:34,Problem Solving,12b6d1c96acf16e1a5163b9292736607f863d14862d58edaa753ce92af6aed43
40158,27/07/2017 21:34,Problem Solving,12b6d1c96acf16e1a5163b9292736607f863d14862d58edaa753ce92af6aed43
40159,27/07/2017 21:34,Problem Solving,5acfb4be53e18c25acfee95e065e5094dd67265e881a1c2097732efb62711a43
40160,27/07/2017 21:34,Lecture & Tutorial,f882355eb5aacde98d98bb66d73bd07d04b8eaee6b82302a8e60d211c9510d67
40161,27/07/2017 21:34,View Announcements,f882355eb5aacde98d98bb66d73bd07d04b8eaee6b82302a8e60d211c9510d67
40162,27/07/2017 21:34,Problem Solving,12b6d1c96acf16e1a5163b9292736607f863d14862d58edaa753ce92af6aed43
40163,27/07/2017 21:34,Problem Solving,12b6d1c96acf16e1a5163b9292736607f863d14862d58edaa753ce92af6aed43
40164,27/07/2017 21:34,Lecture & Tutorial,f882355eb5aacde98d98bb66d73bd07d04b8eaee6b82302a8e60d211c9510d67
40165,27/07/2017 21:34,Problem Solving,12b6d1c96acf16e1a5163b9292736607f863d14862d58edaa753ce92af6aed43
40166,27/07/2017 21:34,Problem Solving,12b6d1c96acf16e1a5163b9292736607f863d14862d58edaa753ce92af6aed43
40167,27/07/2017 21:34,Problem Solving,12b6d1c96acf16e1a5163b9292736607f863d14862d58edaa753ce92af6aed43
40168,27/07/2017 21:34,Problem Solving,12b6d1c96acf16e1a5163b9292736607f863d14862d58edaa753ce92af6aed43
40169,27/07/2017 21:34,Problem Solving,12b6d1c96acf16e1a5163b9292736607f863d14862d58edaa753ce92af6aed43
40170,27/07/2017 21:34,Problem Solving,12b6d1c96acf16e1a5163b9292736607f863d14862d58edaa753ce92af6aed43
40171,27/07/2017 21:34,Problem Solving,12b6d1c96acf16e1a5163b9292736607f863d14862d58edaa753ce92af6aed43
40172,27/07/2017 21:34,Problem Solving,12b6d1c96acf16e1a5163b9292736607f863d14862d58edaa753ce92af6aed43
40173,27/07/2017 21:34,Problem Solving,12b6d1c96acf16e1a5163b9292736607f863d14862d58edaa753ce92af6aed43
40174,27/07/2017 21:34,Lecture & Tutorial,f882355eb5aacde98d98bb66d73bd07d04b8eaee6b82302a8e60d211c9510d67
40175,27/07/2017 21:34,Problem Solving,12b6d1c96acf16e1a5163b9292736607f863d14862d58edaa753ce92af6aed43
40176,27/07/2017 21:34,Problem Solving,5acfb4be53e18c25acfee95e065e5094dd67265e881a1c2097732efb62711a43
40177,27/07/2017 21:34,Problem Solving,622881e5288614873328034c914e4a7092cb2ef7cd1d7ee08fec76364e44c550
40178,27/07/2017 21:34,Problem Solving,622881e5288614873328034c914e4a7092cb2ef7cd1d7ee08fec76364e44c550
40179,27/07/2017 21:34,Problem Solving,5acfb4be53e18c25acfee95e065e5094dd67265e881a1c2097732efb62711a43
40180,27/07/2017 21:34,Problem Solving,664e213d64ddcd9f5dafe97628eee92139fc89ae5649d72b2390bd719d42069f
40181,27/07/2017 21:34,Lecture & Tutorial,f882355eb5aacde98d98bb66d73bd07d04b8eaee6b82302a8e60d211c9510d67
40182,27/07/2017 21:33,Problem Solving,664e213d64ddcd9f5dafe97628eee92139fc89ae5649d72b2390bd719d42069f
40183,27/07/2017 21:33,Assessment,622881e5288614873328034c914e4a7092cb2ef7cd1d7ee08fec76364e44c550
40184,27/07/2017 21:33,View Announcements,f882355eb5aacde98d98bb66d73bd07d04b8eaee6b82302a8e60d211c9510d67
40185,27/07/2017 21:33,View Announcements,622881e5288614873328034c914e4a7092cb2ef7cd1d7ee08fec76364e44c550
40186,27/07/2017 21:33,Lecture & Tutorial,f882355eb5aacde98d98bb66d73bd07d04b8eaee6b82302a8e60d211c9510d67
40187,27/07/2017 21:33,Problem Solving,12b6d1c96acf16e1a5163b9292736607f863d14862d58edaa753ce92af6aed43
40188,27/07/2017 21:33,Problem Solving,12b6d1c96acf16e1a5163b9292736607f863d14862d58edaa753ce92af6aed43
40189,27/07/2017 21:33,View Announcements,f882355eb5aacde98d98bb66d73bd07d04b8eaee6b82302a8e60d211c9510d67
40190,27/07/2017 21:33,View Announcements,f882355eb5aacde98d98bb66d73bd07d04b8eaee6b82302a8e60d211c9510d67
40191,27/07/2017 21:33,View Announcements,f882355eb5aacde98d98bb66d73bd07d04b8eaee6b82302a8e60d211c9510d67
40192,27/07/2017 21:33,Lecture & Tutorial,f882355eb5aacde98d98bb66d73bd07d04b8eaee6b82302a8e60d211c9510d67
40193,27/07/2017 21:32,Lecture & Tutorial,f882355eb5aacde98d98bb66d73bd07d04b8eaee6b82302a8e60d211c9510d67
40194,27/07/2017 21:32,Lecture & Tutorial,f882355eb5aacde98d98bb66d73bd07d04b8eaee6b82302a8e60d211c9510d67
40195,27/07/2017 21:32,Lecture & Tutorial,f882355eb5aacde98d98bb66d73bd07d04b8eaee6b82302a8e60d211c9510d67
40196,27/07/2017 21:32,Lecture & Tutorial,f882355eb5aacde98d98bb66d73bd07d04b8eaee6b82302a8e60d211c9510d67
40197,27/07/2017 21:32,Lecture & Tutorial,f882355eb5aacde98d98bb66d73bd07d04b8eaee6b82302a8e60d211c9510d67
40198,27/07/2017 21:32,Lecture & Tutorial,f882355eb5aacde98d98bb66d73bd07d04b8eaee6b82302a8e60d211c9510d67
40199,27/07/2017 21:32,View Announcements,f882355eb5aacde98d98bb66d73bd07d04b8eaee6b82302a8e60d211c9510d67
40200,27/07/2017 21:32,Lecture & Tutorial,f882355eb5aacde98d98bb66d73bd07d04b8eaee6b82302a8e60d211c9510d67
40201,27/07/2017 21:32,View Announcements,f882355eb5aacde98d98bb66d73bd07d04b8eaee6b82302a8e60d211c9510d67
40202,27/07/2017 21:32,Question & Help,5acfb4be53e18c25acfee95e065e5094dd67265e881a1c2097732efb62711a43
40203,27/07/2017 21:32,View Announcements,f882355eb5aacde98d98bb66d73bd07d04b8eaee6b82302a8e60d211c9510d67
40204,27/07/2017 21:32,Assessment,f882355eb5aacde98d98bb66d73bd07d04b8eaee6b82302a8e60d211c9510d67
40205,27/07/2017 21:31,Assessment,f882355eb5aacde98d98bb66d73bd07d04b8eaee6b82302a8e60d211c9510d67
40206,27/07/2017 21:31,Assessment,f882355eb5aacde98d98bb66d73bd07d04b8eaee6b82302a8e60d211c9510d67
40207,27/07/2017 21:31,Assessment,f882355eb5aacde98d98bb66d73bd07d04b8eaee6b82302a8e60d211c9510d67
40208,27/07/2017 21:31,Assessment,f882355eb5aacde98d98bb66d73bd07d04b8eaee6b82302a8e60d211c9510d67
40209,27/07/2017 21:31,View Announcements,f882355eb5aacde98d98bb66d73bd07d04b8eaee6b82302a8e60d211c9510d67
40210,27/07/2017 21:30,Problem Solving,664e213d64ddcd9f5dafe97628eee92139fc89ae5649d72b2390bd719d42069f
40211,27/07/2017 21:29,Problem Solving,664e213d64ddcd9f5dafe97628eee92139fc89ae5649d72b2390bd719d42069f
40212,27/07/2017 21:29,Problem Solving,664e213d64ddcd9f5dafe97628eee92139fc89ae5649d72b2390bd719d42069f
40213,27/07/2017 21:29,Problem Solving,664e213d64ddcd9f5dafe97628eee92139fc89ae5649d72b2390bd719d42069f
40214,27/07/2017 21:29,Problem Solving,664e213d64ddcd9f5dafe97628eee92139fc89ae5649d72b2390bd719d42069f
40215,27/07/2017 21:29,Problem Solving,664e213d64ddcd9f5dafe97628eee92139fc89ae5649d72b2390bd719d42069f
40216,27/07/2017 21:29,Problem Solving,664e213d64ddcd9f5dafe97628eee92139fc89ae5649d72b2390bd719d42069f
40217,27/07/2017 21:29,Problem Solving,664e213d64ddcd9f5dafe97628eee92139fc89ae5649d72b2390bd719d42069f
40218,27/07/2017 21:29,Assessment,a8be292a51653165253e2cc7e9690ddbf8274d3c20edf9cba7eb624b2e51cca1
40219,27/07/2017 21:29,Assessment,a8be292a51653165253e2cc7e9690ddbf8274d3c20edf9cba7eb624b2e51cca1
40220,27/07/2017 21:29,Problem Solving,664e213d64ddcd9f5dafe97628eee92139fc89ae5649d72b2390bd719d42069f
40221,27/07/2017 21:29,Assessment,a8be292a51653165253e2cc7e9690ddbf8274d3c20edf9cba7eb624b2e51cca1
40222,27/07/2017 21:29,Problem Solving,12b6d1c96acf16e1a5163b9292736607f863d14862d58edaa753ce92af6aed43
40223,27/07/2017 21:29,Problem Solving,664e213d64ddcd9f5dafe97628eee92139fc89ae5649d72b2390bd719d42069f
40224,27/07/2017 21:29,Problem Solving,12b6d1c96acf16e1a5163b9292736607f863d14862d58edaa753ce92af6aed43
40225,27/07/2017 21:29,View Announcements,a8be292a51653165253e2cc7e9690ddbf8274d3c20edf9cba7eb624b2e51cca1
40226,27/07/2017 21:29,Question & Help,a8be292a51653165253e2cc7e9690ddbf8274d3c20edf9cba7eb624b2e51cca1
40227,27/07/2017 21:29,Problem Solving,664e213d64ddcd9f5dafe97628eee92139fc89ae5649d72b2390bd719d42069f
40228,27/07/2017 21:29,Problem Solving,12b6d1c96acf16e1a5163b9292736607f863d14862d58edaa753ce92af6aed43
40229,27/07/2017 21:29,Problem Solving,664e213d64ddcd9f5dafe97628eee92139fc89ae5649d72b2390bd719d42069f
40230,27/07/2017 21:29,Problem Solving,12b6d1c96acf16e1a5163b9292736607f863d14862d58edaa753ce92af6aed43
40231,27/07/2017 21:29,Problem Solving,12b6d1c96acf16e1a5163b9292736607f863d14862d58edaa753ce92af6aed43
40232,27/07/2017 21:28,Problem Solving,12b6d1c96acf16e1a5163b9292736607f863d14862d58edaa753ce92af6aed43
40233,27/07/2017 21:28,Problem Solving,12b6d1c96acf16e1a5163b9292736607f863d14862d58edaa753ce92af6aed43
40234,27/07/2017 21:28,Problem Solving,12b6d1c96acf16e1a5163b9292736607f863d14862d58edaa753ce92af6aed43
40235,27/07/2017 21:28,Problem Solving,664e213d64ddcd9f5dafe97628eee92139fc89ae5649d72b2390bd719d42069f
40236,27/07/2017 21:28,Problem Solving,12b6d1c96acf16e1a5163b9292736607f863d14862d58edaa753ce92af6aed43
40237,27/07/2017 21:28,Problem Solving,12b6d1c96acf16e1a5163b9292736607f863d14862d58edaa753ce92af6aed43
40238,27/07/2017 21:28,Problem Solving,664e213d64ddcd9f5dafe97628eee92139fc89ae5649d72b2390bd719d42069f
40239,27/07/2017 21:28,Problem Solving,664e213d64ddcd9f5dafe97628eee92139fc89ae5649d72b2390bd719d42069f
40240,27/07/2017 21:28,Problem Solving,12b6d1c96acf16e1a5163b9292736607f863d14862d58edaa753ce92af6aed43
40241,27/07/2017 21:28,Problem Solving,12b6d1c96acf16e1a5163b9292736607f863d14862d58edaa753ce92af6aed43
40242,27/07/2017 21:28,Problem Solving,664e213d64ddcd9f5dafe97628eee92139fc89ae5649d72b2390bd719d42069f
40243,27/07/2017 21:28,Problem Solving,664e213d64ddcd9f5dafe97628eee92139fc89ae5649d72b2390bd719d42069f
40244,27/07/2017 21:28,Problem Solving,12b6d1c96acf16e1a5163b9292736607f863d14862d58edaa753ce92af6aed43
40245,27/07/2017 21:28,Problem Solving,12b6d1c96acf16e1a5163b9292736607f863d14862d58edaa753ce92af6aed43
40246,27/07/2017 21:28,Problem Solving,664e213d64ddcd9f5dafe97628eee92139fc89ae5649d72b2390bd719d42069f
40247,27/07/2017 21:28,Problem Solving,664e213d64ddcd9f5dafe97628eee92139fc89ae5649d72b2390bd719d42069f
40248,27/07/2017 21:28,Problem Solving,12b6d1c96acf16e1a5163b9292736607f863d14862d58edaa753ce92af6aed43
40249,27/07/2017 21:28,Problem Solving,12b6d1c96acf16e1a5163b9292736607f863d14862d58edaa753ce92af6aed43
40250,27/07/2017 21:28,Problem Solving,664e213d64ddcd9f5dafe97628eee92139fc89ae5649d72b2390bd719d42069f
40251,27/07/2017 21:28,Problem Solving,664e213d64ddcd9f5dafe97628eee92139fc89ae5649d72b2390bd719d42069f
40252,27/07/2017 21:27,Problem Solving,664e213d64ddcd9f5dafe97628eee92139fc89ae5649d72b2390bd719d42069f
40253,27/07/2017 21:27,Problem Solving,12b6d1c96acf16e1a5163b9292736607f863d14862d58edaa753ce92af6aed43
40254,27/07/2017 21:27,Problem Solving,12b6d1c96acf16e1a5163b9292736607f863d14862d58edaa753ce92af6aed43
40255,27/07/2017 21:27,Problem Solving,feee3766201ec9df127a8ffc990da8d523b316870ea340b9b0f118b18b77dc66
40256,27/07/2017 21:27,Problem Solving,664e213d64ddcd9f5dafe97628eee92139fc89ae5649d72b2390bd719d42069f
40257,27/07/2017 21:27,Problem Solving,12b6d1c96acf16e1a5163b9292736607f863d14862d58edaa753ce92af6aed43
40258,27/07/2017 21:27,Problem Solving,12b6d1c96acf16e1a5163b9292736607f863d14862d58edaa753ce92af6aed43
40259,27/07/2017 21:27,Problem Solving,664e213d64ddcd9f5dafe97628eee92139fc89ae5649d72b2390bd719d42069f
40260,27/07/2017 21:27,Problem Solving,12b6d1c96acf16e1a5163b9292736607f863d14862d58edaa753ce92af6aed43
40261,27/07/2017 21:27,Problem Solving,12b6d1c96acf16e1a5163b9292736607f863d14862d58edaa753ce92af6aed43
40262,27/07/2017 21:27,Problem Solving,12b6d1c96acf16e1a5163b9292736607f863d14862d58edaa753ce92af6aed43
40263,27/07/2017 21:27,Problem Solving,12b6d1c96acf16e1a5163b9292736607f863d14862d58edaa753ce92af6aed43
40264,27/07/2017 21:27,Problem Solving,12b6d1c96acf16e1a5163b9292736607f863d14862d58edaa753ce92af6aed43
40265,27/07/2017 21:27,Problem Solving,12b6d1c96acf16e1a5163b9292736607f863d14862d58edaa753ce92af6aed43
40266,27/07/2017 21:27,Problem Solving,12b6d1c96acf16e1a5163b9292736607f863d14862d58edaa753ce92af6aed43
40267,27/07/2017 21:27,Problem Solving,12b6d1c96acf16e1a5163b9292736607f863d14862d58edaa753ce92af6aed43
40268,27/07/2017 21:27,Problem Solving,12b6d1c96acf16e1a5163b9292736607f863d14862d58edaa753ce92af6aed43
40269,27/07/2017 21:27,Question & Help,5acfb4be53e18c25acfee95e065e5094dd67265e881a1c2097732efb62711a43
40270,27/07/2017 21:26,Problem Solving,12b6d1c96acf16e1a5163b9292736607f863d14862d58edaa753ce92af6aed43
40271,27/07/2017 21:26,View Announcements,5acfb4be53e18c25acfee95e065e5094dd67265e881a1c2097732efb62711a43
40272,27/07/2017 21:26,Problem Solving,5acfb4be53e18c25acfee95e065e5094dd67265e881a1c2097732efb62711a43
40273,27/07/2017 21:26,Problem Solving,12b6d1c96acf16e1a5163b9292736607f863d14862d58edaa753ce92af6aed43
40274,27/07/2017 21:26,Problem Solving,12b6d1c96acf16e1a5163b9292736607f863d14862d58edaa753ce92af6aed43
40275,27/07/2017 21:26,Problem Solving,12b6d1c96acf16e1a5163b9292736607f863d14862d58edaa753ce92af6aed43
40276,27/07/2017 21:26,Problem Solving,12b6d1c96acf16e1a5163b9292736607f863d14862d58edaa753ce92af6aed43
40277,27/07/2017 21:26,Problem Solving,12b6d1c96acf16e1a5163b9292736607f863d14862d58edaa753ce92af6aed43
40278,27/07/2017 21:26,Problem Solving,12b6d1c96acf16e1a5163b9292736607f863d14862d58edaa753ce92af6aed43
40279,27/07/2017 21:25,Problem Solving,12b6d1c96acf16e1a5163b9292736607f863d14862d58edaa753ce92af6aed43
40280,27/07/2017 21:25,Problem Solving,12b6d1c96acf16e1a5163b9292736607f863d14862d58edaa753ce92af6aed43
40281,27/07/2017 21:25,Problem Solving,12b6d1c96acf16e1a5163b9292736607f863d14862d58edaa753ce92af6aed43
40282,27/07/2017 21:25,Problem Solving,12b6d1c96acf16e1a5163b9292736607f863d14862d58edaa753ce92af6aed43
40283,27/07/2017 21:25,Problem Solving,12b6d1c96acf16e1a5163b9292736607f863d14862d58edaa753ce92af6aed43
40284,27/07/2017 21:25,Problem Solving,12b6d1c96acf16e1a5163b9292736607f863d14862d58edaa753ce92af6aed43
40285,27/07/2017 21:25,Problem Solving,12b6d1c96acf16e1a5163b9292736607f863d14862d58edaa753ce92af6aed43
40286,27/07/2017 21:25,Problem Solving,12b6d1c96acf16e1a5163b9292736607f863d14862d58edaa753ce92af6aed43
40287,27/07/2017 21:25,Problem Solving,12b6d1c96acf16e1a5163b9292736607f863d14862d58edaa753ce92af6aed43
40288,27/07/2017 21:25,Problem Solving,12b6d1c96acf16e1a5163b9292736607f863d14862d58edaa753ce92af6aed43
40289,27/07/2017 21:25,Problem Solving,12b6d1c96acf16e1a5163b9292736607f863d14862d58edaa753ce92af6aed43
40290,27/07/2017 21:25,Problem Solving,12b6d1c96acf16e1a5163b9292736607f863d14862d58edaa753ce92af6aed43
40291,27/07/2017 21:24,Problem Solving,12b6d1c96acf16e1a5163b9292736607f863d14862d58edaa753ce92af6aed43
40292,27/07/2017 21:24,Problem Solving,12b6d1c96acf16e1a5163b9292736607f863d14862d58edaa753ce92af6aed43
40293,27/07/2017 21:24,Problem Solving,12b6d1c96acf16e1a5163b9292736607f863d14862d58edaa753ce92af6aed43
40294,27/07/2017 21:24,Problem Solving,12b6d1c96acf16e1a5163b9292736607f863d14862d58edaa753ce92af6aed43
40295,27/07/2017 21:24,Problem Solving,feee3766201ec9df127a8ffc990da8d523b316870ea340b9b0f118b18b77dc66
40296,27/07/2017 21:24,Problem Solving,feee3766201ec9df127a8ffc990da8d523b316870ea340b9b0f118b18b77dc66
40297,27/07/2017 21:24,View Announcements,073afffef21e776d459405c3057275aa76489360f6a7ccab6784695907725134
40298,27/07/2017 21:24,Problem Solving,12b6d1c96acf16e1a5163b9292736607f863d14862d58edaa753ce92af6aed43
40299,27/07/2017 21:24,Problem Solving,12b6d1c96acf16e1a5163b9292736607f863d14862d58edaa753ce92af6aed43
40300,27/07/2017 21:24,Problem Solving,5acfb4be53e18c25acfee95e065e5094dd67265e881a1c2097732efb62711a43
40301,27/07/2017 21:24,Problem Solving,feee3766201ec9df127a8ffc990da8d523b316870ea340b9b0f118b18b77dc66
40302,27/07/2017 21:24,Problem Solving,5acfb4be53e18c25acfee95e065e5094dd67265e881a1c2097732efb62711a43
40303,27/07/2017 21:23,Problem Solving,12b6d1c96acf16e1a5163b9292736607f863d14862d58edaa753ce92af6aed43
40304,27/07/2017 21:23,Problem Solving,12b6d1c96acf16e1a5163b9292736607f863d14862d58edaa753ce92af6aed43
40305,27/07/2017 21:23,Problem Solving,5acfb4be53e18c25acfee95e065e5094dd67265e881a1c2097732efb62711a43
40306,27/07/2017 21:23,Problem Solving,12b6d1c96acf16e1a5163b9292736607f863d14862d58edaa753ce92af6aed43
40307,27/07/2017 21:23,Problem Solving,12b6d1c96acf16e1a5163b9292736607f863d14862d58edaa753ce92af6aed43
40308,27/07/2017 21:23,Problem Solving,12b6d1c96acf16e1a5163b9292736607f863d14862d58edaa753ce92af6aed43
40309,27/07/2017 21:23,Problem Solving,12b6d1c96acf16e1a5163b9292736607f863d14862d58edaa753ce92af6aed43
40310,27/07/2017 21:23,Problem Solving,12b6d1c96acf16e1a5163b9292736607f863d14862d58edaa753ce92af6aed43
40311,27/07/2017 21:23,Problem Solving,5acfb4be53e18c25acfee95e065e5094dd67265e881a1c2097732efb62711a43
40312,27/07/2017 21:23,Problem Solving,12b6d1c96acf16e1a5163b9292736607f863d14862d58edaa753ce92af6aed43
40313,27/07/2017 21:23,Problem Solving,12b6d1c96acf16e1a5163b9292736607f863d14862d58edaa753ce92af6aed43
40314,27/07/2017 21:23,Problem Solving,12b6d1c96acf16e1a5163b9292736607f863d14862d58edaa753ce92af6aed43
40315,27/07/2017 21:23,Lecture & Tutorial,f75897248b0fac8423fca4044d9bf92e156aee14ca42e2319f1082306c3e989b
40316,27/07/2017 21:22,Problem Solving,feee3766201ec9df127a8ffc990da8d523b316870ea340b9b0f118b18b77dc66
40317,27/07/2017 21:22,Lecture & Tutorial,f75897248b0fac8423fca4044d9bf92e156aee14ca42e2319f1082306c3e989b
40318,27/07/2017 21:22,Lecture & Tutorial,f75897248b0fac8423fca4044d9bf92e156aee14ca42e2319f1082306c3e989b
40319,27/07/2017 21:22,Problem Solving,12b6d1c96acf16e1a5163b9292736607f863d14862d58edaa753ce92af6aed43
40320,27/07/2017 21:22,Problem Solving,12b6d1c96acf16e1a5163b9292736607f863d14862d58edaa753ce92af6aed43
40321,27/07/2017 21:22,Problem Solving,5acfb4be53e18c25acfee95e065e5094dd67265e881a1c2097732efb62711a43
40322,27/07/2017 21:22,Problem Solving,5acfb4be53e18c25acfee95e065e5094dd67265e881a1c2097732efb62711a43
40323,27/07/2017 21:22,Problem Solving,12b6d1c96acf16e1a5163b9292736607f863d14862d58edaa753ce92af6aed43
40324,27/07/2017 21:22,Problem Solving,12b6d1c96acf16e1a5163b9292736607f863d14862d58edaa753ce92af6aed43
40325,27/07/2017 21:22,Problem Solving,5acfb4be53e18c25acfee95e065e5094dd67265e881a1c2097732efb62711a43
40326,27/07/2017 21:22,Problem Solving,feee3766201ec9df127a8ffc990da8d523b316870ea340b9b0f118b18b77dc66
40327,27/07/2017 21:22,Problem Solving,feee3766201ec9df127a8ffc990da8d523b316870ea340b9b0f118b18b77dc66
40328,27/07/2017 21:22,Problem Solving,12b6d1c96acf16e1a5163b9292736607f863d14862d58edaa753ce92af6aed43
40329,27/07/2017 21:22,Problem Solving,12b6d1c96acf16e1a5163b9292736607f863d14862d58edaa753ce92af6aed43
40330,27/07/2017 21:22,Problem Solving,feee3766201ec9df127a8ffc990da8d523b316870ea340b9b0f118b18b77dc66
40331,27/07/2017 21:22,Problem Solving,12b6d1c96acf16e1a5163b9292736607f863d14862d58edaa753ce92af6aed43
40332,27/07/2017 21:22,Problem Solving,12b6d1c96acf16e1a5163b9292736607f863d14862d58edaa753ce92af6aed43
40333,27/07/2017 21:22,Problem Solving,12b6d1c96acf16e1a5163b9292736607f863d14862d58edaa753ce92af6aed43
40334,27/07/2017 21:22,Problem Solving,12b6d1c96acf16e1a5163b9292736607f863d14862d58edaa753ce92af6aed43
40335,27/07/2017 21:22,Problem Solving,5acfb4be53e18c25acfee95e065e5094dd67265e881a1c2097732efb62711a43
40336,27/07/2017 21:22,Problem Solving,12b6d1c96acf16e1a5163b9292736607f863d14862d58edaa753ce92af6aed43
40337,27/07/2017 21:22,Problem Solving,12b6d1c96acf16e1a5163b9292736607f863d14862d58edaa753ce92af6aed43
40338,27/07/2017 21:21,Problem Solving,12b6d1c96acf16e1a5163b9292736607f863d14862d58edaa753ce92af6aed43
40339,27/07/2017 21:21,Problem Solving,12b6d1c96acf16e1a5163b9292736607f863d14862d58edaa753ce92af6aed43
40340,27/07/2017 21:21,Problem Solving,12b6d1c96acf16e1a5163b9292736607f863d14862d58edaa753ce92af6aed43
40341,27/07/2017 21:21,Problem Solving,12b6d1c96acf16e1a5163b9292736607f863d14862d58edaa753ce92af6aed43
40342,27/07/2017 21:21,Problem Solving,12b6d1c96acf16e1a5163b9292736607f863d14862d58edaa753ce92af6aed43
40343,27/07/2017 21:21,Problem Solving,12b6d1c96acf16e1a5163b9292736607f863d14862d58edaa753ce92af6aed43
40344,27/07/2017 21:21,Problem Solving,feee3766201ec9df127a8ffc990da8d523b316870ea340b9b0f118b18b77dc66
40345,27/07/2017 21:20,Problem Solving,feee3766201ec9df127a8ffc990da8d523b316870ea340b9b0f118b18b77dc66
40346,27/07/2017 21:20,Problem Solving,feee3766201ec9df127a8ffc990da8d523b316870ea340b9b0f118b18b77dc66
40347,27/07/2017 21:20,Problem Solving,feee3766201ec9df127a8ffc990da8d523b316870ea340b9b0f118b18b77dc66
40348,27/07/2017 21:20,Problem Solving,feee3766201ec9df127a8ffc990da8d523b316870ea340b9b0f118b18b77dc66
40349,27/07/2017 21:20,Problem Solving,feee3766201ec9df127a8ffc990da8d523b316870ea340b9b0f118b18b77dc66
40350,27/07/2017 21:20,Problem Solving,feee3766201ec9df127a8ffc990da8d523b316870ea340b9b0f118b18b77dc66
40351,27/07/2017 21:19,Problem Solving,12b6d1c96acf16e1a5163b9292736607f863d14862d58edaa753ce92af6aed43
40352,27/07/2017 21:19,Problem Solving,12b6d1c96acf16e1a5163b9292736607f863d14862d58edaa753ce92af6aed43
40353,27/07/2017 21:19,Problem Solving,feee3766201ec9df127a8ffc990da8d523b316870ea340b9b0f118b18b77dc66
40354,27/07/2017 21:19,Problem Solving,feee3766201ec9df127a8ffc990da8d523b316870ea340b9b0f118b18b77dc66
40355,27/07/2017 21:19,Problem Solving,feee3766201ec9df127a8ffc990da8d523b316870ea340b9b0f118b18b77dc66
40356,27/07/2017 21:18,Problem Solving,feee3766201ec9df127a8ffc990da8d523b316870ea340b9b0f118b18b77dc66
40357,27/07/2017 21:18,Problem Solving,feee3766201ec9df127a8ffc990da8d523b316870ea340b9b0f118b18b77dc66
40358,27/07/2017 21:17,Materials,4521baaa3ce7d7318c2190551731df5fd8a6ec9a61d054ac578b92960514d71c
40359,27/07/2017 21:17,Materials,4521baaa3ce7d7318c2190551731df5fd8a6ec9a61d054ac578b92960514d71c
40360,27/07/2017 21:17,Problem Solving,feee3766201ec9df127a8ffc990da8d523b316870ea340b9b0f118b18b77dc66
40361,27/07/2017 21:17,Problem Solving,feee3766201ec9df127a8ffc990da8d523b316870ea340b9b0f118b18b77dc66
40362,27/07/2017 21:17,Problem Solving,feee3766201ec9df127a8ffc990da8d523b316870ea340b9b0f118b18b77dc66
40363,27/07/2017 21:17,Problem Solving,feee3766201ec9df127a8ffc990da8d523b316870ea340b9b0f118b18b77dc66
40364,27/07/2017 21:17,Problem Solving,feee3766201ec9df127a8ffc990da8d523b316870ea340b9b0f118b18b77dc66
40365,27/07/2017 21:17,Problem Solving,feee3766201ec9df127a8ffc990da8d523b316870ea340b9b0f118b18b77dc66
40366,27/07/2017 21:17,Problem Solving,feee3766201ec9df127a8ffc990da8d523b316870ea340b9b0f118b18b77dc66
40367,27/07/2017 21:17,Problem Solving,feee3766201ec9df127a8ffc990da8d523b316870ea340b9b0f118b18b77dc66
40368,27/07/2017 21:17,Problem Solving,664e213d64ddcd9f5dafe97628eee92139fc89ae5649d72b2390bd719d42069f
40369,27/07/2017 21:17,Problem Solving,664e213d64ddcd9f5dafe97628eee92139fc89ae5649d72b2390bd719d42069f
40370,27/07/2017 21:17,Problem Solving,664e213d64ddcd9f5dafe97628eee92139fc89ae5649d72b2390bd719d42069f
40371,27/07/2017 21:16,Problem Solving,664e213d64ddcd9f5dafe97628eee92139fc89ae5649d72b2390bd719d42069f
40372,27/07/2017 21:16,Problem Solving,664e213d64ddcd9f5dafe97628eee92139fc89ae5649d72b2390bd719d42069f
40373,27/07/2017 21:16,Problem Solving,664e213d64ddcd9f5dafe97628eee92139fc89ae5649d72b2390bd719d42069f
40374,27/07/2017 21:16,Problem Solving,664e213d64ddcd9f5dafe97628eee92139fc89ae5649d72b2390bd719d42069f
40375,27/07/2017 21:16,Problem Solving,664e213d64ddcd9f5dafe97628eee92139fc89ae5649d72b2390bd719d42069f
40376,27/07/2017 21:16,Problem Solving,feee3766201ec9df127a8ffc990da8d523b316870ea340b9b0f118b18b77dc66
40377,27/07/2017 21:16,Problem Solving,feee3766201ec9df127a8ffc990da8d523b316870ea340b9b0f118b18b77dc66
40378,27/07/2017 21:16,Problem Solving,664e213d64ddcd9f5dafe97628eee92139fc89ae5649d72b2390bd719d42069f
40379,27/07/2017 21:16,Problem Solving,664e213d64ddcd9f5dafe97628eee92139fc89ae5649d72b2390bd719d42069f
40380,27/07/2017 21:16,Materials,4521baaa3ce7d7318c2190551731df5fd8a6ec9a61d054ac578b92960514d71c
40381,27/07/2017 21:16,Problem Solving,5acfb4be53e18c25acfee95e065e5094dd67265e881a1c2097732efb62711a43
40382,27/07/2017 21:16,Problem Solving,664e213d64ddcd9f5dafe97628eee92139fc89ae5649d72b2390bd719d42069f
40383,27/07/2017 21:16,Problem Solving,664e213d64ddcd9f5dafe97628eee92139fc89ae5649d72b2390bd719d42069f
40384,27/07/2017 21:16,Materials,4521baaa3ce7d7318c2190551731df5fd8a6ec9a61d054ac578b92960514d71c
40385,27/07/2017 21:16,Materials,4521baaa3ce7d7318c2190551731df5fd8a6ec9a61d054ac578b92960514d71c
40386,27/07/2017 21:16,Lecture & Tutorial,4521baaa3ce7d7318c2190551731df5fd8a6ec9a61d054ac578b92960514d71c
40387,27/07/2017 21:16,Problem Solving,feee3766201ec9df127a8ffc990da8d523b316870ea340b9b0f118b18b77dc66
40388,27/07/2017 21:16,Problem Solving,feee3766201ec9df127a8ffc990da8d523b316870ea340b9b0f118b18b77dc66
40389,27/07/2017 21:16,View Announcements,4521baaa3ce7d7318c2190551731df5fd8a6ec9a61d054ac578b92960514d71c
40390,27/07/2017 21:16,Materials,4521baaa3ce7d7318c2190551731df5fd8a6ec9a61d054ac578b92960514d71c
40391,27/07/2017 21:16,Problem Solving,feee3766201ec9df127a8ffc990da8d523b316870ea340b9b0f118b18b77dc66
40392,27/07/2017 21:16,Problem Solving,664e213d64ddcd9f5dafe97628eee92139fc89ae5649d72b2390bd719d42069f
40393,27/07/2017 21:15,Problem Solving,feee3766201ec9df127a8ffc990da8d523b316870ea340b9b0f118b18b77dc66
40394,27/07/2017 21:15,Problem Solving,664e213d64ddcd9f5dafe97628eee92139fc89ae5649d72b2390bd719d42069f
40395,27/07/2017 21:15,Materials,4521baaa3ce7d7318c2190551731df5fd8a6ec9a61d054ac578b92960514d71c
40396,27/07/2017 21:15,Materials,4521baaa3ce7d7318c2190551731df5fd8a6ec9a61d054ac578b92960514d71c
40397,27/07/2017 21:15,Problem Solving,664e213d64ddcd9f5dafe97628eee92139fc89ae5649d72b2390bd719d42069f
40398,27/07/2017 21:15,Problem Solving,664e213d64ddcd9f5dafe97628eee92139fc89ae5649d72b2390bd719d42069f
40399,27/07/2017 21:15,Materials,4521baaa3ce7d7318c2190551731df5fd8a6ec9a61d054ac578b92960514d71c
40400,27/07/2017 21:15,Problem Solving,664e213d64ddcd9f5dafe97628eee92139fc89ae5649d72b2390bd719d42069f
40401,27/07/2017 21:15,Problem Solving,664e213d64ddcd9f5dafe97628eee92139fc89ae5649d72b2390bd719d42069f
40402,27/07/2017 21:15,Materials,4521baaa3ce7d7318c2190551731df5fd8a6ec9a61d054ac578b92960514d71c
40403,27/07/2017 21:15,Materials,4521baaa3ce7d7318c2190551731df5fd8a6ec9a61d054ac578b92960514d71c
40404,27/07/2017 21:15,Materials,4521baaa3ce7d7318c2190551731df5fd8a6ec9a61d054ac578b92960514d71c
40405,27/07/2017 21:15,Problem Solving,664e213d64ddcd9f5dafe97628eee92139fc89ae5649d72b2390bd719d42069f
40406,27/07/2017 21:15,Problem Solving,664e213d64ddcd9f5dafe97628eee92139fc89ae5649d72b2390bd719d42069f
40407,27/07/2017 21:15,Materials,4521baaa3ce7d7318c2190551731df5fd8a6ec9a61d054ac578b92960514d71c
40408,27/07/2017 21:15,Materials,4521baaa3ce7d7318c2190551731df5fd8a6ec9a61d054ac578b92960514d71c
40409,27/07/2017 21:15,Materials,4521baaa3ce7d7318c2190551731df5fd8a6ec9a61d054ac578b92960514d71c
40410,27/07/2017 21:15,Problem Solving,664e213d64ddcd9f5dafe97628eee92139fc89ae5649d72b2390bd719d42069f
40411,27/07/2017 21:15,Problem Solving,664e213d64ddcd9f5dafe97628eee92139fc89ae5649d72b2390bd719d42069f
40412,27/07/2017 21:15,Problem Solving,664e213d64ddcd9f5dafe97628eee92139fc89ae5649d72b2390bd719d42069f
40413,27/07/2017 21:14,Problem Solving,664e213d64ddcd9f5dafe97628eee92139fc89ae5649d72b2390bd719d42069f
40414,27/07/2017 21:14,Materials,4521baaa3ce7d7318c2190551731df5fd8a6ec9a61d054ac578b92960514d71c
40415,27/07/2017 21:14,Problem Solving,664e213d64ddcd9f5dafe97628eee92139fc89ae5649d72b2390bd719d42069f
40416,27/07/2017 21:14,Problem Solving,664e213d64ddcd9f5dafe97628eee92139fc89ae5649d72b2390bd719d42069f
40417,27/07/2017 21:14,Problem Solving,664e213d64ddcd9f5dafe97628eee92139fc89ae5649d72b2390bd719d42069f
40418,27/07/2017 21:14,Problem Solving,664e213d64ddcd9f5dafe97628eee92139fc89ae5649d72b2390bd719d42069f
40419,27/07/2017 21:14,Materials,4521baaa3ce7d7318c2190551731df5fd8a6ec9a61d054ac578b92960514d71c
40420,27/07/2017 21:14,Problem Solving,664e213d64ddcd9f5dafe97628eee92139fc89ae5649d72b2390bd719d42069f
40421,27/07/2017 21:14,Problem Solving,664e213d64ddcd9f5dafe97628eee92139fc89ae5649d72b2390bd719d42069f
40422,27/07/2017 21:14,Materials,4521baaa3ce7d7318c2190551731df5fd8a6ec9a61d054ac578b92960514d71c
40423,27/07/2017 21:14,Materials,4521baaa3ce7d7318c2190551731df5fd8a6ec9a61d054ac578b92960514d71c
40424,27/07/2017 21:14,Problem Solving,664e213d64ddcd9f5dafe97628eee92139fc89ae5649d72b2390bd719d42069f
40425,27/07/2017 21:14,Problem Solving,664e213d64ddcd9f5dafe97628eee92139fc89ae5649d72b2390bd719d42069f
40426,27/07/2017 21:14,Problem Solving,664e213d64ddcd9f5dafe97628eee92139fc89ae5649d72b2390bd719d42069f
40427,27/07/2017 21:14,Problem Solving,664e213d64ddcd9f5dafe97628eee92139fc89ae5649d72b2390bd719d42069f
40428,27/07/2017 21:14,Problem Solving,664e213d64ddcd9f5dafe97628eee92139fc89ae5649d72b2390bd719d42069f
40429,27/07/2017 21:13,Problem Solving,664e213d64ddcd9f5dafe97628eee92139fc89ae5649d72b2390bd719d42069f
40430,27/07/2017 21:13,View Announcements,f75897248b0fac8423fca4044d9bf92e156aee14ca42e2319f1082306c3e989b
40431,27/07/2017 21:13,View Announcements,f75897248b0fac8423fca4044d9bf92e156aee14ca42e2319f1082306c3e989b
40432,27/07/2017 21:13,View Announcements,f75897248b0fac8423fca4044d9bf92e156aee14ca42e2319f1082306c3e989b
40433,27/07/2017 21:13,Problem Solving,664e213d64ddcd9f5dafe97628eee92139fc89ae5649d72b2390bd719d42069f
40434,27/07/2017 21:13,Problem Solving,664e213d64ddcd9f5dafe97628eee92139fc89ae5649d72b2390bd719d42069f
40435,27/07/2017 21:13,Problem Solving,664e213d64ddcd9f5dafe97628eee92139fc89ae5649d72b2390bd719d42069f
40436,27/07/2017 21:13,Problem Solving,664e213d64ddcd9f5dafe97628eee92139fc89ae5649d72b2390bd719d42069f
40437,27/07/2017 21:13,Materials,f75897248b0fac8423fca4044d9bf92e156aee14ca42e2319f1082306c3e989b
40438,27/07/2017 21:13,Problem Solving,feee3766201ec9df127a8ffc990da8d523b316870ea340b9b0f118b18b77dc66
40439,27/07/2017 21:12,Lecture & Tutorial,f75897248b0fac8423fca4044d9bf92e156aee14ca42e2319f1082306c3e989b
40440,27/07/2017 21:12,Materials,f75897248b0fac8423fca4044d9bf92e156aee14ca42e2319f1082306c3e989b
40441,27/07/2017 21:12,Materials,4521baaa3ce7d7318c2190551731df5fd8a6ec9a61d054ac578b92960514d71c
40442,27/07/2017 21:12,Materials,4521baaa3ce7d7318c2190551731df5fd8a6ec9a61d054ac578b92960514d71c
40443,27/07/2017 21:12,Materials,4521baaa3ce7d7318c2190551731df5fd8a6ec9a61d054ac578b92960514d71c
40444,27/07/2017 21:12,Materials,4521baaa3ce7d7318c2190551731df5fd8a6ec9a61d054ac578b92960514d71c
40445,27/07/2017 21:12,Problem Solving,feee3766201ec9df127a8ffc990da8d523b316870ea340b9b0f118b18b77dc66
40446,27/07/2017 21:12,Problem Solving,feee3766201ec9df127a8ffc990da8d523b316870ea340b9b0f118b18b77dc66
40447,27/07/2017 21:12,Problem Solving,feee3766201ec9df127a8ffc990da8d523b316870ea340b9b0f118b18b77dc66
40448,27/07/2017 21:12,Problem Solving,5acfb4be53e18c25acfee95e065e5094dd67265e881a1c2097732efb62711a43
40449,27/07/2017 21:12,Problem Solving,feee3766201ec9df127a8ffc990da8d523b316870ea340b9b0f118b18b77dc66
40450,27/07/2017 21:12,Problem Solving,feee3766201ec9df127a8ffc990da8d523b316870ea340b9b0f118b18b77dc66
40451,27/07/2017 21:12,Problem Solving,5acfb4be53e18c25acfee95e065e5094dd67265e881a1c2097732efb62711a43
40452,27/07/2017 21:12,Problem Solving,664e213d64ddcd9f5dafe97628eee92139fc89ae5649d72b2390bd719d42069f
40453,27/07/2017 21:12,Problem Solving,664e213d64ddcd9f5dafe97628eee92139fc89ae5649d72b2390bd719d42069f
40454,27/07/2017 21:12,Materials,4521baaa3ce7d7318c2190551731df5fd8a6ec9a61d054ac578b92960514d71c
40455,27/07/2017 21:12,Materials,4521baaa3ce7d7318c2190551731df5fd8a6ec9a61d054ac578b92960514d71c
40456,27/07/2017 21:12,Problem Solving,664e213d64ddcd9f5dafe97628eee92139fc89ae5649d72b2390bd719d42069f
40457,27/07/2017 21:12,Problem Solving,664e213d64ddcd9f5dafe97628eee92139fc89ae5649d72b2390bd719d42069f
40458,27/07/2017 21:12,Problem Solving,664e213d64ddcd9f5dafe97628eee92139fc89ae5649d72b2390bd719d42069f
40459,27/07/2017 21:11,Problem Solving,664e213d64ddcd9f5dafe97628eee92139fc89ae5649d72b2390bd719d42069f
40460,27/07/2017 21:11,Problem Solving,664e213d64ddcd9f5dafe97628eee92139fc89ae5649d72b2390bd719d42069f
40461,27/07/2017 21:11,Problem Solving,664e213d64ddcd9f5dafe97628eee92139fc89ae5649d72b2390bd719d42069f
40462,27/07/2017 21:11,Problem Solving,5acfb4be53e18c25acfee95e065e5094dd67265e881a1c2097732efb62711a43
40463,27/07/2017 21:11,Problem Solving,5acfb4be53e18c25acfee95e065e5094dd67265e881a1c2097732efb62711a43
40464,27/07/2017 21:11,Problem Solving,5acfb4be53e18c25acfee95e065e5094dd67265e881a1c2097732efb62711a43
40465,27/07/2017 21:11,Problem Solving,5acfb4be53e18c25acfee95e065e5094dd67265e881a1c2097732efb62711a43
40466,27/07/2017 21:11,Projects,c6cca81d4a85db40fc3f81d34750f2d9050ebea3d978afdf4038e5fde45a4e01
40467,27/07/2017 21:11,Projects,c6cca81d4a85db40fc3f81d34750f2d9050ebea3d978afdf4038e5fde45a4e01
40468,27/07/2017 21:11,Projects,c6cca81d4a85db40fc3f81d34750f2d9050ebea3d978afdf4038e5fde45a4e01
40469,27/07/2017 21:11,Assessment,c6cca81d4a85db40fc3f81d34750f2d9050ebea3d978afdf4038e5fde45a4e01
40470,27/07/2017 21:11,Assessment,c6cca81d4a85db40fc3f81d34750f2d9050ebea3d978afdf4038e5fde45a4e01
40471,27/07/2017 21:11,Assessment,c6cca81d4a85db40fc3f81d34750f2d9050ebea3d978afdf4038e5fde45a4e01
40472,27/07/2017 21:11,Problem Solving,664e213d64ddcd9f5dafe97628eee92139fc89ae5649d72b2390bd719d42069f
40473,27/07/2017 21:11,Problem Solving,664e213d64ddcd9f5dafe97628eee92139fc89ae5649d72b2390bd719d42069f
40474,27/07/2017 21:11,View Announcements,c6cca81d4a85db40fc3f81d34750f2d9050ebea3d978afdf4038e5fde45a4e01
40475,27/07/2017 21:11,Problem Solving,664e213d64ddcd9f5dafe97628eee92139fc89ae5649d72b2390bd719d42069f
40476,27/07/2017 21:11,Problem Solving,664e213d64ddcd9f5dafe97628eee92139fc89ae5649d72b2390bd719d42069f
40477,27/07/2017 21:11,Problem Solving,5acfb4be53e18c25acfee95e065e5094dd67265e881a1c2097732efb62711a43
40478,27/07/2017 21:11,Lecture & Tutorial,c6cca81d4a85db40fc3f81d34750f2d9050ebea3d978afdf4038e5fde45a4e01
40479,27/07/2017 21:10,Lecture & Tutorial,c6cca81d4a85db40fc3f81d34750f2d9050ebea3d978afdf4038e5fde45a4e01
40480,27/07/2017 21:10,Problem Solving,664e213d64ddcd9f5dafe97628eee92139fc89ae5649d72b2390bd719d42069f
40481,27/07/2017 21:10,Problem Solving,664e213d64ddcd9f5dafe97628eee92139fc89ae5649d72b2390bd719d42069f
40482,27/07/2017 21:10,Lecture & Tutorial,c6cca81d4a85db40fc3f81d34750f2d9050ebea3d978afdf4038e5fde45a4e01
40483,27/07/2017 21:10,Problem Solving,664e213d64ddcd9f5dafe97628eee92139fc89ae5649d72b2390bd719d42069f
40484,27/07/2017 21:10,Problem Solving,664e213d64ddcd9f5dafe97628eee92139fc89ae5649d72b2390bd719d42069f
40485,27/07/2017 21:10,Problem Solving,664e213d64ddcd9f5dafe97628eee92139fc89ae5649d72b2390bd719d42069f
40486,27/07/2017 21:10,Problem Solving,664e213d64ddcd9f5dafe97628eee92139fc89ae5649d72b2390bd719d42069f
40487,27/07/2017 21:10,Problem Solving,feee3766201ec9df127a8ffc990da8d523b316870ea340b9b0f118b18b77dc66
40488,27/07/2017 21:10,Problem Solving,664e213d64ddcd9f5dafe97628eee92139fc89ae5649d72b2390bd719d42069f
40489,27/07/2017 21:10,Problem Solving,664e213d64ddcd9f5dafe97628eee92139fc89ae5649d72b2390bd719d42069f
40490,27/07/2017 21:10,Problem Solving,feee3766201ec9df127a8ffc990da8d523b316870ea340b9b0f118b18b77dc66
40491,27/07/2017 21:10,Lecture & Tutorial,9f9697382230ec7e4b8c6c1a340ea27af127f6ed8e154817f623b88bc9dfb380
40492,27/07/2017 21:10,Problem Solving,664e213d64ddcd9f5dafe97628eee92139fc89ae5649d72b2390bd719d42069f
40493,27/07/2017 21:10,Problem Solving,664e213d64ddcd9f5dafe97628eee92139fc89ae5649d72b2390bd719d42069f
40494,27/07/2017 21:10,View Announcements,9f9697382230ec7e4b8c6c1a340ea27af127f6ed8e154817f623b88bc9dfb380
40495,27/07/2017 21:10,View Announcements,9f9697382230ec7e4b8c6c1a340ea27af127f6ed8e154817f623b88bc9dfb380
40496,27/07/2017 21:10,Problem Solving,664e213d64ddcd9f5dafe97628eee92139fc89ae5649d72b2390bd719d42069f
40497,27/07/2017 21:10,View Announcements,9f9697382230ec7e4b8c6c1a340ea27af127f6ed8e154817f623b88bc9dfb380
40498,27/07/2017 21:10,Problem Solving,664e213d64ddcd9f5dafe97628eee92139fc89ae5649d72b2390bd719d42069f
40499,27/07/2017 21:10,Problem Solving,5acfb4be53e18c25acfee95e065e5094dd67265e881a1c2097732efb62711a43
40500,27/07/2017 21:10,Problem Solving,664e213d64ddcd9f5dafe97628eee92139fc89ae5649d72b2390bd719d42069f
40501,27/07/2017 21:09,Problem Solving,664e213d64ddcd9f5dafe97628eee92139fc89ae5649d72b2390bd719d42069f
40502,27/07/2017 21:09,Problem Solving,5acfb4be53e18c25acfee95e065e5094dd67265e881a1c2097732efb62711a43
40503,27/07/2017 21:09,Problem Solving,664e213d64ddcd9f5dafe97628eee92139fc89ae5649d72b2390bd719d42069f
40504,27/07/2017 21:09,Problem Solving,664e213d64ddcd9f5dafe97628eee92139fc89ae5649d72b2390bd719d42069f
40505,27/07/2017 21:09,Problem Solving,5acfb4be53e18c25acfee95e065e5094dd67265e881a1c2097732efb62711a43
40506,27/07/2017 21:09,Problem Solving,664e213d64ddcd9f5dafe97628eee92139fc89ae5649d72b2390bd719d42069f
40507,27/07/2017 21:09,Problem Solving,664e213d64ddcd9f5dafe97628eee92139fc89ae5649d72b2390bd719d42069f
40508,27/07/2017 21:09,Materials,4521baaa3ce7d7318c2190551731df5fd8a6ec9a61d054ac578b92960514d71c
40509,27/07/2017 21:09,Problem Solving,5acfb4be53e18c25acfee95e065e5094dd67265e881a1c2097732efb62711a43
40510,27/07/2017 21:09,Problem Solving,664e213d64ddcd9f5dafe97628eee92139fc89ae5649d72b2390bd719d42069f
40511,27/07/2017 21:08,Problem Solving,664e213d64ddcd9f5dafe97628eee92139fc89ae5649d72b2390bd719d42069f
40512,27/07/2017 21:08,Problem Solving,664e213d64ddcd9f5dafe97628eee92139fc89ae5649d72b2390bd719d42069f
40513,27/07/2017 21:08,Problem Solving,664e213d64ddcd9f5dafe97628eee92139fc89ae5649d72b2390bd719d42069f
40514,27/07/2017 21:08,Problem Solving,5acfb4be53e18c25acfee95e065e5094dd67265e881a1c2097732efb62711a43
40515,27/07/2017 21:08,Problem Solving,12b6d1c96acf16e1a5163b9292736607f863d14862d58edaa753ce92af6aed43
40516,27/07/2017 21:08,Problem Solving,1e0ef00d334ef2f2241c8f2d6ba5de3484b50eaaad64d6fde3401314908cdf00
40517,27/07/2017 21:08,Problem Solving,1e0ef00d334ef2f2241c8f2d6ba5de3484b50eaaad64d6fde3401314908cdf00
40518,27/07/2017 21:08,Problem Solving,664e213d64ddcd9f5dafe97628eee92139fc89ae5649d72b2390bd719d42069f
40519,27/07/2017 21:08,Problem Solving,664e213d64ddcd9f5dafe97628eee92139fc89ae5649d72b2390bd719d42069f
40520,27/07/2017 21:08,Problem Solving,1e0ef00d334ef2f2241c8f2d6ba5de3484b50eaaad64d6fde3401314908cdf00
40521,27/07/2017 21:08,Problem Solving,664e213d64ddcd9f5dafe97628eee92139fc89ae5649d72b2390bd719d42069f
40522,27/07/2017 21:07,Problem Solving,664e213d64ddcd9f5dafe97628eee92139fc89ae5649d72b2390bd719d42069f
40523,27/07/2017 21:07,Problem Solving,664e213d64ddcd9f5dafe97628eee92139fc89ae5649d72b2390bd719d42069f
40524,27/07/2017 21:07,Problem Solving,664e213d64ddcd9f5dafe97628eee92139fc89ae5649d72b2390bd719d42069f
40525,27/07/2017 21:07,Materials,4521baaa3ce7d7318c2190551731df5fd8a6ec9a61d054ac578b92960514d71c
40526,27/07/2017 21:07,Problem Solving,664e213d64ddcd9f5dafe97628eee92139fc89ae5649d72b2390bd719d42069f
40527,27/07/2017 21:07,Problem Solving,664e213d64ddcd9f5dafe97628eee92139fc89ae5649d72b2390bd719d42069f
40528,27/07/2017 21:07,Materials,4521baaa3ce7d7318c2190551731df5fd8a6ec9a61d054ac578b92960514d71c
40529,27/07/2017 21:07,Problem Solving,664e213d64ddcd9f5dafe97628eee92139fc89ae5649d72b2390bd719d42069f
40530,27/07/2017 21:07,Problem Solving,664e213d64ddcd9f5dafe97628eee92139fc89ae5649d72b2390bd719d42069f
40531,27/07/2017 21:07,Problem Solving,9612d5c8a78495fc5ab9a8d67e46d6815910a14d04be045530fd7f039efa1483
40532,27/07/2017 21:06,Problem Solving,1e0ef00d334ef2f2241c8f2d6ba5de3484b50eaaad64d6fde3401314908cdf00
40533,27/07/2017 21:06,Materials,4521baaa3ce7d7318c2190551731df5fd8a6ec9a61d054ac578b92960514d71c
40534,27/07/2017 21:06,Materials,4521baaa3ce7d7318c2190551731df5fd8a6ec9a61d054ac578b92960514d71c
40535,27/07/2017 21:06,Materials,4521baaa3ce7d7318c2190551731df5fd8a6ec9a61d054ac578b92960514d71c
40536,27/07/2017 21:06,Problem Solving,1e0ef00d334ef2f2241c8f2d6ba5de3484b50eaaad64d6fde3401314908cdf00
40537,27/07/2017 21:05,View Announcements,4521baaa3ce7d7318c2190551731df5fd8a6ec9a61d054ac578b92960514d71c
40538,27/07/2017 21:05,View Announcements,4521baaa3ce7d7318c2190551731df5fd8a6ec9a61d054ac578b92960514d71c
40539,27/07/2017 21:05,View Announcements,4521baaa3ce7d7318c2190551731df5fd8a6ec9a61d054ac578b92960514d71c
40540,27/07/2017 21:05,Materials,4521baaa3ce7d7318c2190551731df5fd8a6ec9a61d054ac578b92960514d71c
40541,27/07/2017 21:05,Materials,4521baaa3ce7d7318c2190551731df5fd8a6ec9a61d054ac578b92960514d71c
40542,27/07/2017 21:04,Problem Solving,80617b4b5a18d991c11c261a81a3d3d0e2ad24335687d77c9674ab1a3c19247a
40543,27/07/2017 21:04,Materials,4521baaa3ce7d7318c2190551731df5fd8a6ec9a61d054ac578b92960514d71c
40544,27/07/2017 21:04,Problem Solving,80617b4b5a18d991c11c261a81a3d3d0e2ad24335687d77c9674ab1a3c19247a
40545,27/07/2017 21:04,Materials,4521baaa3ce7d7318c2190551731df5fd8a6ec9a61d054ac578b92960514d71c
40546,27/07/2017 21:04,Problem Solving,feee3766201ec9df127a8ffc990da8d523b316870ea340b9b0f118b18b77dc66
40547,27/07/2017 21:04,Problem Solving,feee3766201ec9df127a8ffc990da8d523b316870ea340b9b0f118b18b77dc66
40548,27/07/2017 21:04,Problem Solving,664e213d64ddcd9f5dafe97628eee92139fc89ae5649d72b2390bd719d42069f
40549,27/07/2017 21:04,Problem Solving,feee3766201ec9df127a8ffc990da8d523b316870ea340b9b0f118b18b77dc66
40550,27/07/2017 21:03,Problem Solving,664e213d64ddcd9f5dafe97628eee92139fc89ae5649d72b2390bd719d42069f
40551,27/07/2017 21:03,Problem Solving,feee3766201ec9df127a8ffc990da8d523b316870ea340b9b0f118b18b77dc66
40552,27/07/2017 21:03,Materials,4521baaa3ce7d7318c2190551731df5fd8a6ec9a61d054ac578b92960514d71c
40553,27/07/2017 21:03,Problem Solving,feee3766201ec9df127a8ffc990da8d523b316870ea340b9b0f118b18b77dc66
40554,27/07/2017 21:03,Problem Solving,664e213d64ddcd9f5dafe97628eee92139fc89ae5649d72b2390bd719d42069f
40555,27/07/2017 21:03,Problem Solving,664e213d64ddcd9f5dafe97628eee92139fc89ae5649d72b2390bd719d42069f
40556,27/07/2017 21:03,Problem Solving,feee3766201ec9df127a8ffc990da8d523b316870ea340b9b0f118b18b77dc66
40557,27/07/2017 21:03,Materials,4521baaa3ce7d7318c2190551731df5fd8a6ec9a61d054ac578b92960514d71c
40558,27/07/2017 21:03,Problem Solving,feee3766201ec9df127a8ffc990da8d523b316870ea340b9b0f118b18b77dc66
40559,27/07/2017 21:03,Materials,4521baaa3ce7d7318c2190551731df5fd8a6ec9a61d054ac578b92960514d71c
40560,27/07/2017 21:03,Problem Solving,feee3766201ec9df127a8ffc990da8d523b316870ea340b9b0f118b18b77dc66
40561,27/07/2017 21:03,Problem Solving,feee3766201ec9df127a8ffc990da8d523b316870ea340b9b0f118b18b77dc66
40562,27/07/2017 21:02,Problem Solving,feee3766201ec9df127a8ffc990da8d523b316870ea340b9b0f118b18b77dc66
40563,27/07/2017 21:02,Problem Solving,8a3b9ebdffd32d33d655c50a6274d8dd963d2eb7f8469cccefc5594c663ad798
40564,27/07/2017 21:02,Problem Solving,feee3766201ec9df127a8ffc990da8d523b316870ea340b9b0f118b18b77dc66
40565,27/07/2017 21:02,Problem Solving,feee3766201ec9df127a8ffc990da8d523b316870ea340b9b0f118b18b77dc66
40566,27/07/2017 21:02,Problem Solving,5acfb4be53e18c25acfee95e065e5094dd67265e881a1c2097732efb62711a43
40567,27/07/2017 21:02,View Announcements,64b4668246e3c960c49b00abdea7a51d4bc1ff8bee6d2dcdd7389e28eecaa02d
40568,27/07/2017 21:02,Problem Solving,feee3766201ec9df127a8ffc990da8d523b316870ea340b9b0f118b18b77dc66
40569,27/07/2017 21:02,Problem Solving,5acfb4be53e18c25acfee95e065e5094dd67265e881a1c2097732efb62711a43
40570,27/07/2017 21:02,Problem Solving,feee3766201ec9df127a8ffc990da8d523b316870ea340b9b0f118b18b77dc66
40571,27/07/2017 21:02,Problem Solving,feee3766201ec9df127a8ffc990da8d523b316870ea340b9b0f118b18b77dc66
40572,27/07/2017 21:02,Problem Solving,feee3766201ec9df127a8ffc990da8d523b316870ea340b9b0f118b18b77dc66
40573,27/07/2017 21:02,Problem Solving,feee3766201ec9df127a8ffc990da8d523b316870ea340b9b0f118b18b77dc66
40574,27/07/2017 21:02,Problem Solving,5acfb4be53e18c25acfee95e065e5094dd67265e881a1c2097732efb62711a43
40575,27/07/2017 21:01,Problem Solving,5acfb4be53e18c25acfee95e065e5094dd67265e881a1c2097732efb62711a43
40576,27/07/2017 21:00,Problem Solving,9612d5c8a78495fc5ab9a8d67e46d6815910a14d04be045530fd7f039efa1483
40577,27/07/2017 21:00,Projects,64b4668246e3c960c49b00abdea7a51d4bc1ff8bee6d2dcdd7389e28eecaa02d
40578,27/07/2017 21:00,Projects,64b4668246e3c960c49b00abdea7a51d4bc1ff8bee6d2dcdd7389e28eecaa02d
40579,27/07/2017 21:00,Projects,64b4668246e3c960c49b00abdea7a51d4bc1ff8bee6d2dcdd7389e28eecaa02d
40580,27/07/2017 21:00,Lecture & Tutorial,64b4668246e3c960c49b00abdea7a51d4bc1ff8bee6d2dcdd7389e28eecaa02d
40581,27/07/2017 21:00,View Announcements,672b6fb6431e731c7cad9797d2425593616b49134335dfe09cff1fcbda59e433
40582,27/07/2017 21:00,View Announcements,672b6fb6431e731c7cad9797d2425593616b49134335dfe09cff1fcbda59e433
40583,27/07/2017 21:00,Problem Solving,12b6d1c96acf16e1a5163b9292736607f863d14862d58edaa753ce92af6aed43
40584,27/07/2017 20:59,Problem Solving,5acfb4be53e18c25acfee95e065e5094dd67265e881a1c2097732efb62711a43
40585,27/07/2017 20:59,Assessment,1f4201e2cfc2c256ef86848b97fb05b3156b0bd3ae4e6c2c46f78ff6fcf8f6de
40586,27/07/2017 20:59,Projects,1f4201e2cfc2c256ef86848b97fb05b3156b0bd3ae4e6c2c46f78ff6fcf8f6de
40587,27/07/2017 20:58,Problem Solving,9612d5c8a78495fc5ab9a8d67e46d6815910a14d04be045530fd7f039efa1483
40588,27/07/2017 20:58,Projects,1f4201e2cfc2c256ef86848b97fb05b3156b0bd3ae4e6c2c46f78ff6fcf8f6de
40589,27/07/2017 20:58,Projects,1f4201e2cfc2c256ef86848b97fb05b3156b0bd3ae4e6c2c46f78ff6fcf8f6de
40590,27/07/2017 20:58,Assessment,1f4201e2cfc2c256ef86848b97fb05b3156b0bd3ae4e6c2c46f78ff6fcf8f6de
40591,27/07/2017 20:58,View Announcements,1f4201e2cfc2c256ef86848b97fb05b3156b0bd3ae4e6c2c46f78ff6fcf8f6de
40592,27/07/2017 20:58,Problem Solving,664e213d64ddcd9f5dafe97628eee92139fc89ae5649d72b2390bd719d42069f
40593,27/07/2017 20:57,Problem Solving,664e213d64ddcd9f5dafe97628eee92139fc89ae5649d72b2390bd719d42069f
40594,27/07/2017 20:57,Problem Solving,9612d5c8a78495fc5ab9a8d67e46d6815910a14d04be045530fd7f039efa1483
40595,27/07/2017 20:57,Problem Solving,9612d5c8a78495fc5ab9a8d67e46d6815910a14d04be045530fd7f039efa1483
40596,27/07/2017 20:57,Problem Solving,9612d5c8a78495fc5ab9a8d67e46d6815910a14d04be045530fd7f039efa1483
40597,27/07/2017 20:56,Problem Solving,feee3766201ec9df127a8ffc990da8d523b316870ea340b9b0f118b18b77dc66
40598,27/07/2017 20:56,Problem Solving,5acfb4be53e18c25acfee95e065e5094dd67265e881a1c2097732efb62711a43
40599,27/07/2017 20:56,Problem Solving,feee3766201ec9df127a8ffc990da8d523b316870ea340b9b0f118b18b77dc66
40600,27/07/2017 20:56,Problem Solving,5acfb4be53e18c25acfee95e065e5094dd67265e881a1c2097732efb62711a43
40601,27/07/2017 20:56,Projects,5118c010686e973890d5180d820bcc79f77eb5a7fb1cb79dbdb97d7101f99691
40602,27/07/2017 20:56,Problem Solving,5acfb4be53e18c25acfee95e065e5094dd67265e881a1c2097732efb62711a43
40603,27/07/2017 20:56,Projects,5118c010686e973890d5180d820bcc79f77eb5a7fb1cb79dbdb97d7101f99691
40604,27/07/2017 20:56,Lecture & Tutorial,5118c010686e973890d5180d820bcc79f77eb5a7fb1cb79dbdb97d7101f99691
40605,27/07/2017 20:56,Problem Solving,feee3766201ec9df127a8ffc990da8d523b316870ea340b9b0f118b18b77dc66
40606,27/07/2017 20:56,Problem Solving,5acfb4be53e18c25acfee95e065e5094dd67265e881a1c2097732efb62711a43
40607,27/07/2017 20:56,View Announcements,5118c010686e973890d5180d820bcc79f77eb5a7fb1cb79dbdb97d7101f99691
40608,27/07/2017 20:55,Materials,4521baaa3ce7d7318c2190551731df5fd8a6ec9a61d054ac578b92960514d71c
40609,27/07/2017 20:55,Materials,4521baaa3ce7d7318c2190551731df5fd8a6ec9a61d054ac578b92960514d71c
40610,27/07/2017 20:55,Problem Solving,feee3766201ec9df127a8ffc990da8d523b316870ea340b9b0f118b18b77dc66
40611,27/07/2017 20:55,Problem Solving,5acfb4be53e18c25acfee95e065e5094dd67265e881a1c2097732efb62711a43
40612,27/07/2017 20:55,Problem Solving,12b6d1c96acf16e1a5163b9292736607f863d14862d58edaa753ce92af6aed43
40613,27/07/2017 20:54,Projects,b04987704a54224d83e8e62ea59720b8ec597ae6ee9f79040d891c3f32868df8
40614,27/07/2017 20:54,Problem Solving,12b6d1c96acf16e1a5163b9292736607f863d14862d58edaa753ce92af6aed43
40615,27/07/2017 20:54,Problem Solving,1e0ef00d334ef2f2241c8f2d6ba5de3484b50eaaad64d6fde3401314908cdf00
40616,27/07/2017 20:52,Projects,b04987704a54224d83e8e62ea59720b8ec597ae6ee9f79040d891c3f32868df8
40617,27/07/2017 20:52,Problem Solving,12b6d1c96acf16e1a5163b9292736607f863d14862d58edaa753ce92af6aed43
40618,27/07/2017 20:51,Problem Solving,feee3766201ec9df127a8ffc990da8d523b316870ea340b9b0f118b18b77dc66
40619,27/07/2017 20:51,Problem Solving,feee3766201ec9df127a8ffc990da8d523b316870ea340b9b0f118b18b77dc66
40620,27/07/2017 20:51,View Announcements,073afffef21e776d459405c3057275aa76489360f6a7ccab6784695907725134
40621,27/07/2017 20:51,Problem Solving,5acfb4be53e18c25acfee95e065e5094dd67265e881a1c2097732efb62711a43
40622,27/07/2017 20:51,Problem Solving,5acfb4be53e18c25acfee95e065e5094dd67265e881a1c2097732efb62711a43
40623,27/07/2017 20:50,Projects,b04987704a54224d83e8e62ea59720b8ec597ae6ee9f79040d891c3f32868df8
40624,27/07/2017 20:50,Projects,b04987704a54224d83e8e62ea59720b8ec597ae6ee9f79040d891c3f32868df8
40625,27/07/2017 20:50,Projects,b04987704a54224d83e8e62ea59720b8ec597ae6ee9f79040d891c3f32868df8
40626,27/07/2017 20:50,Projects,b04987704a54224d83e8e62ea59720b8ec597ae6ee9f79040d891c3f32868df8
40627,27/07/2017 20:50,Lecture & Tutorial,b04987704a54224d83e8e62ea59720b8ec597ae6ee9f79040d891c3f32868df8
40628,27/07/2017 20:50,View Announcements,b04987704a54224d83e8e62ea59720b8ec597ae6ee9f79040d891c3f32868df8
40629,27/07/2017 20:50,Problem Solving,b04987704a54224d83e8e62ea59720b8ec597ae6ee9f79040d891c3f32868df8
40630,27/07/2017 20:50,Problem Solving,b04987704a54224d83e8e62ea59720b8ec597ae6ee9f79040d891c3f32868df8
40631,27/07/2017 20:50,Lecture & Tutorial,b04987704a54224d83e8e62ea59720b8ec597ae6ee9f79040d891c3f32868df8
40632,27/07/2017 20:50,Materials,b04987704a54224d83e8e62ea59720b8ec597ae6ee9f79040d891c3f32868df8
40633,27/07/2017 20:49,Materials,b04987704a54224d83e8e62ea59720b8ec597ae6ee9f79040d891c3f32868df8
40634,27/07/2017 20:49,Lecture & Tutorial,b04987704a54224d83e8e62ea59720b8ec597ae6ee9f79040d891c3f32868df8
40635,27/07/2017 20:49,View Announcements,d1e0d5f4f19668034fb5374a08f59211faf3aae6dc8df1de3acc1cc407ceeef1
40636,27/07/2017 20:49,View Announcements,b04987704a54224d83e8e62ea59720b8ec597ae6ee9f79040d891c3f32868df8
40637,27/07/2017 20:49,Lecture & Tutorial,b04987704a54224d83e8e62ea59720b8ec597ae6ee9f79040d891c3f32868df8
40638,27/07/2017 20:49,Projects,b04987704a54224d83e8e62ea59720b8ec597ae6ee9f79040d891c3f32868df8
40639,27/07/2017 20:48,Lecture & Tutorial,12b6d1c96acf16e1a5163b9292736607f863d14862d58edaa753ce92af6aed43
40640,27/07/2017 20:48,Problem Solving,12b6d1c96acf16e1a5163b9292736607f863d14862d58edaa753ce92af6aed43
40641,27/07/2017 20:48,Problem Solving,12b6d1c96acf16e1a5163b9292736607f863d14862d58edaa753ce92af6aed43
40642,27/07/2017 20:48,Lecture & Tutorial,5118c010686e973890d5180d820bcc79f77eb5a7fb1cb79dbdb97d7101f99691
40643,27/07/2017 20:48,Lecture & Tutorial,12b6d1c96acf16e1a5163b9292736607f863d14862d58edaa753ce92af6aed43
40644,27/07/2017 20:48,Materials,12b6d1c96acf16e1a5163b9292736607f863d14862d58edaa753ce92af6aed43
40645,27/07/2017 20:48,Lecture & Tutorial,5118c010686e973890d5180d820bcc79f77eb5a7fb1cb79dbdb97d7101f99691
40646,27/07/2017 20:48,Projects,5118c010686e973890d5180d820bcc79f77eb5a7fb1cb79dbdb97d7101f99691
40647,27/07/2017 20:48,Lecture & Tutorial,b04987704a54224d83e8e62ea59720b8ec597ae6ee9f79040d891c3f32868df8
40648,27/07/2017 20:47,View Announcements,b04987704a54224d83e8e62ea59720b8ec597ae6ee9f79040d891c3f32868df8
40649,27/07/2017 20:47,Projects,e8448fcccf61199cd4ab6a99790f72876fe5f9dd404456c94846956fc339c4d5
40650,27/07/2017 20:47,Projects,e8448fcccf61199cd4ab6a99790f72876fe5f9dd404456c94846956fc339c4d5
40651,27/07/2017 20:47,Projects,e8448fcccf61199cd4ab6a99790f72876fe5f9dd404456c94846956fc339c4d5
40652,27/07/2017 20:47,Lecture & Tutorial,e8448fcccf61199cd4ab6a99790f72876fe5f9dd404456c94846956fc339c4d5
40653,27/07/2017 20:47,Lecture & Tutorial,b04987704a54224d83e8e62ea59720b8ec597ae6ee9f79040d891c3f32868df8
40654,27/07/2017 20:47,Projects,b04987704a54224d83e8e62ea59720b8ec597ae6ee9f79040d891c3f32868df8
40655,27/07/2017 20:47,View Announcements,e8448fcccf61199cd4ab6a99790f72876fe5f9dd404456c94846956fc339c4d5
40656,27/07/2017 20:47,Projects,b04987704a54224d83e8e62ea59720b8ec597ae6ee9f79040d891c3f32868df8
40657,27/07/2017 20:47,Problem Solving,1e0ef00d334ef2f2241c8f2d6ba5de3484b50eaaad64d6fde3401314908cdf00
40658,27/07/2017 20:47,Projects,b04987704a54224d83e8e62ea59720b8ec597ae6ee9f79040d891c3f32868df8
40659,27/07/2017 20:47,Problem Solving,1e0ef00d334ef2f2241c8f2d6ba5de3484b50eaaad64d6fde3401314908cdf00
40660,27/07/2017 20:47,Lecture & Tutorial,1e0ef00d334ef2f2241c8f2d6ba5de3484b50eaaad64d6fde3401314908cdf00
40661,27/07/2017 20:47,Projects,e8448fcccf61199cd4ab6a99790f72876fe5f9dd404456c94846956fc339c4d5
40662,27/07/2017 20:47,Projects,b04987704a54224d83e8e62ea59720b8ec597ae6ee9f79040d891c3f32868df8
40663,27/07/2017 20:47,Projects,e8448fcccf61199cd4ab6a99790f72876fe5f9dd404456c94846956fc339c4d5
40664,27/07/2017 20:47,Projects,b04987704a54224d83e8e62ea59720b8ec597ae6ee9f79040d891c3f32868df8
40665,27/07/2017 20:47,Projects,b04987704a54224d83e8e62ea59720b8ec597ae6ee9f79040d891c3f32868df8
40666,27/07/2017 20:46,Assessment,2bb758770bed737d5eb64591d7e5ae196d52c03bfce7f688f0d5f2df54247396
40667,27/07/2017 20:46,Assessment,2bb758770bed737d5eb64591d7e5ae196d52c03bfce7f688f0d5f2df54247396
40668,27/07/2017 20:46,Assessment,2bb758770bed737d5eb64591d7e5ae196d52c03bfce7f688f0d5f2df54247396
40669,27/07/2017 20:46,Projects,b04987704a54224d83e8e62ea59720b8ec597ae6ee9f79040d891c3f32868df8
40670,27/07/2017 20:46,Projects,e8448fcccf61199cd4ab6a99790f72876fe5f9dd404456c94846956fc339c4d5
40671,27/07/2017 20:46,View Announcements,2bb758770bed737d5eb64591d7e5ae196d52c03bfce7f688f0d5f2df54247396
40672,27/07/2017 20:46,Assessment,1d30e69ff662b79e26ba4bd0f1e4eafa3507dd0a4f70a09e0346ca8d7ad3e590
40673,27/07/2017 20:46,Assessment,1d30e69ff662b79e26ba4bd0f1e4eafa3507dd0a4f70a09e0346ca8d7ad3e590
40674,27/07/2017 20:46,Projects,b04987704a54224d83e8e62ea59720b8ec597ae6ee9f79040d891c3f32868df8
40675,27/07/2017 20:46,Projects,b04987704a54224d83e8e62ea59720b8ec597ae6ee9f79040d891c3f32868df8
40676,27/07/2017 20:46,Projects,e8448fcccf61199cd4ab6a99790f72876fe5f9dd404456c94846956fc339c4d5
40677,27/07/2017 20:46,View Announcements,1d30e69ff662b79e26ba4bd0f1e4eafa3507dd0a4f70a09e0346ca8d7ad3e590
40678,27/07/2017 20:46,Lecture & Tutorial,e8448fcccf61199cd4ab6a99790f72876fe5f9dd404456c94846956fc339c4d5
40679,27/07/2017 20:46,Projects,b04987704a54224d83e8e62ea59720b8ec597ae6ee9f79040d891c3f32868df8
40680,27/07/2017 20:46,View Announcements,1d30e69ff662b79e26ba4bd0f1e4eafa3507dd0a4f70a09e0346ca8d7ad3e590
40681,27/07/2017 20:46,View Announcements,1d30e69ff662b79e26ba4bd0f1e4eafa3507dd0a4f70a09e0346ca8d7ad3e590
40682,27/07/2017 20:46,Projects,b04987704a54224d83e8e62ea59720b8ec597ae6ee9f79040d891c3f32868df8
40683,27/07/2017 20:46,Projects,b04987704a54224d83e8e62ea59720b8ec597ae6ee9f79040d891c3f32868df8
40684,27/07/2017 20:46,Projects,e8448fcccf61199cd4ab6a99790f72876fe5f9dd404456c94846956fc339c4d5
40685,27/07/2017 20:46,Lecture & Tutorial,e8448fcccf61199cd4ab6a99790f72876fe5f9dd404456c94846956fc339c4d5
40686,27/07/2017 20:46,Materials,2bb758770bed737d5eb64591d7e5ae196d52c03bfce7f688f0d5f2df54247396
40687,27/07/2017 20:46,Lecture & Tutorial,2bb758770bed737d5eb64591d7e5ae196d52c03bfce7f688f0d5f2df54247396
40688,27/07/2017 20:46,Projects,e8448fcccf61199cd4ab6a99790f72876fe5f9dd404456c94846956fc339c4d5
40689,27/07/2017 20:46,Projects,b04987704a54224d83e8e62ea59720b8ec597ae6ee9f79040d891c3f32868df8
40690,27/07/2017 20:46,Lecture & Tutorial,b04987704a54224d83e8e62ea59720b8ec597ae6ee9f79040d891c3f32868df8
40691,27/07/2017 20:46,Lecture & Tutorial,e8448fcccf61199cd4ab6a99790f72876fe5f9dd404456c94846956fc339c4d5
40692,27/07/2017 20:46,Instruction file,2bb758770bed737d5eb64591d7e5ae196d52c03bfce7f688f0d5f2df54247396
40693,27/07/2017 20:46,Lecture & Tutorial,2bb758770bed737d5eb64591d7e5ae196d52c03bfce7f688f0d5f2df54247396
40694,27/07/2017 20:46,View Announcements,b04987704a54224d83e8e62ea59720b8ec597ae6ee9f79040d891c3f32868df8
40695,27/07/2017 20:46,View Announcements,e8448fcccf61199cd4ab6a99790f72876fe5f9dd404456c94846956fc339c4d5
40696,27/07/2017 20:46,View Announcements,2bb758770bed737d5eb64591d7e5ae196d52c03bfce7f688f0d5f2df54247396
40697,27/07/2017 20:46,Lecture & Tutorial,2bb758770bed737d5eb64591d7e5ae196d52c03bfce7f688f0d5f2df54247396
40698,27/07/2017 20:46,View Announcements,2bb758770bed737d5eb64591d7e5ae196d52c03bfce7f688f0d5f2df54247396
40699,27/07/2017 20:46,Lecture & Tutorial,2bb758770bed737d5eb64591d7e5ae196d52c03bfce7f688f0d5f2df54247396
40700,27/07/2017 20:45,Projects,2bb758770bed737d5eb64591d7e5ae196d52c03bfce7f688f0d5f2df54247396
40701,27/07/2017 20:45,Lecture & Tutorial,2bb758770bed737d5eb64591d7e5ae196d52c03bfce7f688f0d5f2df54247396
40702,27/07/2017 20:45,View Announcements,2bb758770bed737d5eb64591d7e5ae196d52c03bfce7f688f0d5f2df54247396
40703,27/07/2017 20:45,Materials,f75897248b0fac8423fca4044d9bf92e156aee14ca42e2319f1082306c3e989b
40704,27/07/2017 20:45,Materials,f75897248b0fac8423fca4044d9bf92e156aee14ca42e2319f1082306c3e989b
40705,27/07/2017 20:45,Materials,f75897248b0fac8423fca4044d9bf92e156aee14ca42e2319f1082306c3e989b
40706,27/07/2017 20:45,Assessment,8a3b9ebdffd32d33d655c50a6274d8dd963d2eb7f8469cccefc5594c663ad798
40707,27/07/2017 20:44,View Announcements,8a3b9ebdffd32d33d655c50a6274d8dd963d2eb7f8469cccefc5594c663ad798
40708,27/07/2017 20:44,Materials,f75897248b0fac8423fca4044d9bf92e156aee14ca42e2319f1082306c3e989b
40709,27/07/2017 20:44,Materials,f75897248b0fac8423fca4044d9bf92e156aee14ca42e2319f1082306c3e989b
40710,27/07/2017 20:44,View Announcements,8a3b9ebdffd32d33d655c50a6274d8dd963d2eb7f8469cccefc5594c663ad798
40711,27/07/2017 20:44,Lecture & Tutorial,8a3b9ebdffd32d33d655c50a6274d8dd963d2eb7f8469cccefc5594c663ad798
40712,27/07/2017 20:44,View Announcements,8a3b9ebdffd32d33d655c50a6274d8dd963d2eb7f8469cccefc5594c663ad798
40713,27/07/2017 20:44,Lecture & Tutorial,8a3b9ebdffd32d33d655c50a6274d8dd963d2eb7f8469cccefc5594c663ad798
40714,27/07/2017 20:44,Problem Solving,8a3b9ebdffd32d33d655c50a6274d8dd963d2eb7f8469cccefc5594c663ad798
40715,27/07/2017 20:44,Problem Solving,8a3b9ebdffd32d33d655c50a6274d8dd963d2eb7f8469cccefc5594c663ad798
40716,27/07/2017 20:44,Problem Solving,8a3b9ebdffd32d33d655c50a6274d8dd963d2eb7f8469cccefc5594c663ad798
40717,27/07/2017 20:44,Lecture & Tutorial,8a3b9ebdffd32d33d655c50a6274d8dd963d2eb7f8469cccefc5594c663ad798
40718,27/07/2017 20:44,View Announcements,8a3b9ebdffd32d33d655c50a6274d8dd963d2eb7f8469cccefc5594c663ad798
40719,27/07/2017 20:44,Problem Solving,5acfb4be53e18c25acfee95e065e5094dd67265e881a1c2097732efb62711a43
40720,27/07/2017 20:44,Problem Solving,5acfb4be53e18c25acfee95e065e5094dd67265e881a1c2097732efb62711a43
40721,27/07/2017 20:44,Materials,8a3b9ebdffd32d33d655c50a6274d8dd963d2eb7f8469cccefc5594c663ad798
40722,27/07/2017 20:44,Materials,f75897248b0fac8423fca4044d9bf92e156aee14ca42e2319f1082306c3e989b
40723,27/07/2017 20:44,Materials,f75897248b0fac8423fca4044d9bf92e156aee14ca42e2319f1082306c3e989b
40724,27/07/2017 20:43,Assessment,8a3b9ebdffd32d33d655c50a6274d8dd963d2eb7f8469cccefc5594c663ad798
40725,27/07/2017 20:43,View Announcements,8a3b9ebdffd32d33d655c50a6274d8dd963d2eb7f8469cccefc5594c663ad798
40726,27/07/2017 20:43,Materials,f75897248b0fac8423fca4044d9bf92e156aee14ca42e2319f1082306c3e989b
40727,27/07/2017 20:43,Problem Solving,8a3b9ebdffd32d33d655c50a6274d8dd963d2eb7f8469cccefc5594c663ad798
40728,27/07/2017 20:43,Problem Solving,5acfb4be53e18c25acfee95e065e5094dd67265e881a1c2097732efb62711a43
40729,27/07/2017 20:43,Materials,f75897248b0fac8423fca4044d9bf92e156aee14ca42e2319f1082306c3e989b
40730,27/07/2017 20:43,Problem Solving,8a3b9ebdffd32d33d655c50a6274d8dd963d2eb7f8469cccefc5594c663ad798
40731,27/07/2017 20:43,Lecture & Tutorial,5acfb4be53e18c25acfee95e065e5094dd67265e881a1c2097732efb62711a43
40732,27/07/2017 20:43,Problem Solving,5acfb4be53e18c25acfee95e065e5094dd67265e881a1c2097732efb62711a43
40733,27/07/2017 20:43,Problem Solving,5acfb4be53e18c25acfee95e065e5094dd67265e881a1c2097732efb62711a43
40734,27/07/2017 20:43,Problem Solving,feee3766201ec9df127a8ffc990da8d523b316870ea340b9b0f118b18b77dc66
40735,27/07/2017 20:43,Materials,f75897248b0fac8423fca4044d9bf92e156aee14ca42e2319f1082306c3e989b
40736,27/07/2017 20:43,Materials,f75897248b0fac8423fca4044d9bf92e156aee14ca42e2319f1082306c3e989b
40737,27/07/2017 20:43,Problem Solving,feee3766201ec9df127a8ffc990da8d523b316870ea340b9b0f118b18b77dc66
40738,27/07/2017 20:43,Problem Solving,feee3766201ec9df127a8ffc990da8d523b316870ea340b9b0f118b18b77dc66
40739,27/07/2017 20:43,Problem Solving,feee3766201ec9df127a8ffc990da8d523b316870ea340b9b0f118b18b77dc66
40740,27/07/2017 20:42,Problem Solving,8a3b9ebdffd32d33d655c50a6274d8dd963d2eb7f8469cccefc5594c663ad798
40741,27/07/2017 20:42,Problem Solving,8a3b9ebdffd32d33d655c50a6274d8dd963d2eb7f8469cccefc5594c663ad798
40742,27/07/2017 20:42,Lecture & Tutorial,5118c010686e973890d5180d820bcc79f77eb5a7fb1cb79dbdb97d7101f99691
40743,27/07/2017 20:41,Lecture & Tutorial,5118c010686e973890d5180d820bcc79f77eb5a7fb1cb79dbdb97d7101f99691
40744,27/07/2017 20:41,Lecture & Tutorial,5118c010686e973890d5180d820bcc79f77eb5a7fb1cb79dbdb97d7101f99691
40745,27/07/2017 20:41,Problem Solving,8a3b9ebdffd32d33d655c50a6274d8dd963d2eb7f8469cccefc5594c663ad798
40746,27/07/2017 20:41,Problem Solving,8a3b9ebdffd32d33d655c50a6274d8dd963d2eb7f8469cccefc5594c663ad798
40747,27/07/2017 20:41,Problem Solving,8a3b9ebdffd32d33d655c50a6274d8dd963d2eb7f8469cccefc5594c663ad798
40748,27/07/2017 20:41,View Announcements,5118c010686e973890d5180d820bcc79f77eb5a7fb1cb79dbdb97d7101f99691
40749,27/07/2017 20:41,Problem Solving,8a3b9ebdffd32d33d655c50a6274d8dd963d2eb7f8469cccefc5594c663ad798
40750,27/07/2017 20:41,Problem Solving,8a3b9ebdffd32d33d655c50a6274d8dd963d2eb7f8469cccefc5594c663ad798
40751,27/07/2017 20:41,Projects,2bb758770bed737d5eb64591d7e5ae196d52c03bfce7f688f0d5f2df54247396
40752,27/07/2017 20:41,Lecture & Tutorial,2bb758770bed737d5eb64591d7e5ae196d52c03bfce7f688f0d5f2df54247396
40753,27/07/2017 20:41,Problem Solving,8a3b9ebdffd32d33d655c50a6274d8dd963d2eb7f8469cccefc5594c663ad798
40754,27/07/2017 20:41,Materials,f75897248b0fac8423fca4044d9bf92e156aee14ca42e2319f1082306c3e989b
40755,27/07/2017 20:41,Assessment,d1e0d5f4f19668034fb5374a08f59211faf3aae6dc8df1de3acc1cc407ceeef1
40756,27/07/2017 20:41,Instruction file,2bb758770bed737d5eb64591d7e5ae196d52c03bfce7f688f0d5f2df54247396
40757,27/07/2017 20:41,Lecture & Tutorial,2bb758770bed737d5eb64591d7e5ae196d52c03bfce7f688f0d5f2df54247396
40758,27/07/2017 20:41,Assessment,d1e0d5f4f19668034fb5374a08f59211faf3aae6dc8df1de3acc1cc407ceeef1
40759,27/07/2017 20:41,Assessment,d1e0d5f4f19668034fb5374a08f59211faf3aae6dc8df1de3acc1cc407ceeef1
40760,27/07/2017 20:41,View Announcements,d1e0d5f4f19668034fb5374a08f59211faf3aae6dc8df1de3acc1cc407ceeef1
40761,27/07/2017 20:41,Question & Help,d1e0d5f4f19668034fb5374a08f59211faf3aae6dc8df1de3acc1cc407ceeef1
40762,27/07/2017 20:41,Materials,f75897248b0fac8423fca4044d9bf92e156aee14ca42e2319f1082306c3e989b
40763,27/07/2017 20:41,Materials,f75897248b0fac8423fca4044d9bf92e156aee14ca42e2319f1082306c3e989b
40764,27/07/2017 20:41,Materials,f75897248b0fac8423fca4044d9bf92e156aee14ca42e2319f1082306c3e989b
40765,27/07/2017 20:41,Instruction file,d1e0d5f4f19668034fb5374a08f59211faf3aae6dc8df1de3acc1cc407ceeef1
40766,27/07/2017 20:40,Problem Solving,feee3766201ec9df127a8ffc990da8d523b316870ea340b9b0f118b18b77dc66
40767,27/07/2017 20:40,Problem Solving,feee3766201ec9df127a8ffc990da8d523b316870ea340b9b0f118b18b77dc66
40768,27/07/2017 20:40,Problem Solving,feee3766201ec9df127a8ffc990da8d523b316870ea340b9b0f118b18b77dc66
40769,27/07/2017 20:40,Problem Solving,feee3766201ec9df127a8ffc990da8d523b316870ea340b9b0f118b18b77dc66
40770,27/07/2017 20:40,Problem Solving,feee3766201ec9df127a8ffc990da8d523b316870ea340b9b0f118b18b77dc66
40771,27/07/2017 20:40,Problem Solving,feee3766201ec9df127a8ffc990da8d523b316870ea340b9b0f118b18b77dc66
40772,27/07/2017 20:40,Problem Solving,feee3766201ec9df127a8ffc990da8d523b316870ea340b9b0f118b18b77dc66
40773,27/07/2017 20:40,Problem Solving,feee3766201ec9df127a8ffc990da8d523b316870ea340b9b0f118b18b77dc66
40774,27/07/2017 20:40,Lecture & Tutorial,feee3766201ec9df127a8ffc990da8d523b316870ea340b9b0f118b18b77dc66
40775,27/07/2017 20:40,Instruction file,d1e0d5f4f19668034fb5374a08f59211faf3aae6dc8df1de3acc1cc407ceeef1
40776,27/07/2017 20:40,Instruction file,d1e0d5f4f19668034fb5374a08f59211faf3aae6dc8df1de3acc1cc407ceeef1
40777,27/07/2017 20:40,Instruction file,d1e0d5f4f19668034fb5374a08f59211faf3aae6dc8df1de3acc1cc407ceeef1
40778,27/07/2017 20:40,Instruction file,d1e0d5f4f19668034fb5374a08f59211faf3aae6dc8df1de3acc1cc407ceeef1
40779,27/07/2017 20:40,Lecture & Tutorial,d1e0d5f4f19668034fb5374a08f59211faf3aae6dc8df1de3acc1cc407ceeef1
40780,27/07/2017 20:38,View Announcements,d1e0d5f4f19668034fb5374a08f59211faf3aae6dc8df1de3acc1cc407ceeef1
40781,27/07/2017 20:38,View Announcements,d1e0d5f4f19668034fb5374a08f59211faf3aae6dc8df1de3acc1cc407ceeef1
40782,27/07/2017 20:38,View Announcements,d1e0d5f4f19668034fb5374a08f59211faf3aae6dc8df1de3acc1cc407ceeef1
40783,27/07/2017 20:38,Lecture & Tutorial,d1e0d5f4f19668034fb5374a08f59211faf3aae6dc8df1de3acc1cc407ceeef1
40784,27/07/2017 20:38,View Announcements,d1e0d5f4f19668034fb5374a08f59211faf3aae6dc8df1de3acc1cc407ceeef1
40785,27/07/2017 20:38,Lecture & Tutorial,d1e0d5f4f19668034fb5374a08f59211faf3aae6dc8df1de3acc1cc407ceeef1
40786,27/07/2017 20:38,Projects,d1e0d5f4f19668034fb5374a08f59211faf3aae6dc8df1de3acc1cc407ceeef1
40787,27/07/2017 20:38,Lecture & Tutorial,d1e0d5f4f19668034fb5374a08f59211faf3aae6dc8df1de3acc1cc407ceeef1
40788,27/07/2017 20:38,View Announcements,d1e0d5f4f19668034fb5374a08f59211faf3aae6dc8df1de3acc1cc407ceeef1
40789,27/07/2017 20:38,Lecture & Tutorial,d1e0d5f4f19668034fb5374a08f59211faf3aae6dc8df1de3acc1cc407ceeef1
40790,27/07/2017 20:38,Materials,4b00a84e0ed88d470088a49cf46fba7469085f53008fcf152bc027a367d15c78
40791,27/07/2017 20:38,Materials,b50b27d2a90fe202c9f57d1290ae1cb679bb0465b913cf68a1cf80c3d90df65b
40792,27/07/2017 20:38,Assessment,b50b27d2a90fe202c9f57d1290ae1cb679bb0465b913cf68a1cf80c3d90df65b
40793,27/07/2017 20:38,Materials,4b00a84e0ed88d470088a49cf46fba7469085f53008fcf152bc027a367d15c78
40794,27/07/2017 20:38,Lecture & Tutorial,4b00a84e0ed88d470088a49cf46fba7469085f53008fcf152bc027a367d15c78
40795,27/07/2017 20:38,View Announcements,d1e0d5f4f19668034fb5374a08f59211faf3aae6dc8df1de3acc1cc407ceeef1
40796,27/07/2017 20:38,View Announcements,b50b27d2a90fe202c9f57d1290ae1cb679bb0465b913cf68a1cf80c3d90df65b
40797,27/07/2017 20:37,Lecture & Tutorial,e8da06b1265617edb046ae425b3a5c9953ae04bc45c7f478c1aa32e7481b7452
40798,27/07/2017 20:37,Lecture & Tutorial,e8da06b1265617edb046ae425b3a5c9953ae04bc45c7f478c1aa32e7481b7452
40799,27/07/2017 20:37,Lecture & Tutorial,e8da06b1265617edb046ae425b3a5c9953ae04bc45c7f478c1aa32e7481b7452
40800,27/07/2017 20:37,Lecture & Tutorial,e8da06b1265617edb046ae425b3a5c9953ae04bc45c7f478c1aa32e7481b7452
40801,27/07/2017 20:37,Materials,f75897248b0fac8423fca4044d9bf92e156aee14ca42e2319f1082306c3e989b
40802,27/07/2017 20:37,Materials,f75897248b0fac8423fca4044d9bf92e156aee14ca42e2319f1082306c3e989b
40803,27/07/2017 20:37,Materials,f75897248b0fac8423fca4044d9bf92e156aee14ca42e2319f1082306c3e989b
40804,27/07/2017 20:37,View Announcements,e8da06b1265617edb046ae425b3a5c9953ae04bc45c7f478c1aa32e7481b7452
40805,27/07/2017 20:37,View Announcements,e8da06b1265617edb046ae425b3a5c9953ae04bc45c7f478c1aa32e7481b7452
40806,27/07/2017 20:37,Materials,f75897248b0fac8423fca4044d9bf92e156aee14ca42e2319f1082306c3e989b
40807,27/07/2017 20:37,Materials,f75897248b0fac8423fca4044d9bf92e156aee14ca42e2319f1082306c3e989b
40808,27/07/2017 20:37,Materials,f75897248b0fac8423fca4044d9bf92e156aee14ca42e2319f1082306c3e989b
40809,27/07/2017 20:37,Materials,f75897248b0fac8423fca4044d9bf92e156aee14ca42e2319f1082306c3e989b
40810,27/07/2017 20:37,Materials,f75897248b0fac8423fca4044d9bf92e156aee14ca42e2319f1082306c3e989b
40811,27/07/2017 20:37,Materials,f75897248b0fac8423fca4044d9bf92e156aee14ca42e2319f1082306c3e989b
40812,27/07/2017 20:37,Lecture & Tutorial,f75897248b0fac8423fca4044d9bf92e156aee14ca42e2319f1082306c3e989b
40813,27/07/2017 20:37,Materials,f75897248b0fac8423fca4044d9bf92e156aee14ca42e2319f1082306c3e989b
40814,27/07/2017 20:36,Projects,963a19db20983f565308ae7c5f3c279e3674587004208873b0d4fb5a32b31d5a
40815,27/07/2017 20:36,Materials,f75897248b0fac8423fca4044d9bf92e156aee14ca42e2319f1082306c3e989b
40816,27/07/2017 20:36,Projects,963a19db20983f565308ae7c5f3c279e3674587004208873b0d4fb5a32b31d5a
40817,27/07/2017 20:36,Projects,963a19db20983f565308ae7c5f3c279e3674587004208873b0d4fb5a32b31d5a
40818,27/07/2017 20:36,Materials,f75897248b0fac8423fca4044d9bf92e156aee14ca42e2319f1082306c3e989b
40819,27/07/2017 20:36,Materials,f75897248b0fac8423fca4044d9bf92e156aee14ca42e2319f1082306c3e989b
40820,27/07/2017 20:36,Projects,963a19db20983f565308ae7c5f3c279e3674587004208873b0d4fb5a32b31d5a
40821,27/07/2017 20:36,Materials,f75897248b0fac8423fca4044d9bf92e156aee14ca42e2319f1082306c3e989b
40822,27/07/2017 20:36,Projects,963a19db20983f565308ae7c5f3c279e3674587004208873b0d4fb5a32b31d5a
40823,27/07/2017 20:36,Lecture & Tutorial,963a19db20983f565308ae7c5f3c279e3674587004208873b0d4fb5a32b31d5a
40824,27/07/2017 20:36,View Announcements,f75897248b0fac8423fca4044d9bf92e156aee14ca42e2319f1082306c3e989b
40825,27/07/2017 20:35,Materials,f75897248b0fac8423fca4044d9bf92e156aee14ca42e2319f1082306c3e989b
40826,27/07/2017 20:35,Materials,f75897248b0fac8423fca4044d9bf92e156aee14ca42e2319f1082306c3e989b
40827,27/07/2017 20:35,Materials,f75897248b0fac8423fca4044d9bf92e156aee14ca42e2319f1082306c3e989b
40828,27/07/2017 20:35,Materials,f75897248b0fac8423fca4044d9bf92e156aee14ca42e2319f1082306c3e989b
40829,27/07/2017 20:34,Materials,073afffef21e776d459405c3057275aa76489360f6a7ccab6784695907725134
40830,27/07/2017 20:34,Lecture & Tutorial,073afffef21e776d459405c3057275aa76489360f6a7ccab6784695907725134
40831,27/07/2017 20:34,Materials,f75897248b0fac8423fca4044d9bf92e156aee14ca42e2319f1082306c3e989b
40832,27/07/2017 20:34,Question & Help,4521baaa3ce7d7318c2190551731df5fd8a6ec9a61d054ac578b92960514d71c
40833,27/07/2017 20:34,Materials,f75897248b0fac8423fca4044d9bf92e156aee14ca42e2319f1082306c3e989b
40834,27/07/2017 20:34,Materials,f75897248b0fac8423fca4044d9bf92e156aee14ca42e2319f1082306c3e989b
40835,27/07/2017 20:34,Materials,f75897248b0fac8423fca4044d9bf92e156aee14ca42e2319f1082306c3e989b
40836,27/07/2017 20:34,Materials,f75897248b0fac8423fca4044d9bf92e156aee14ca42e2319f1082306c3e989b
40837,27/07/2017 20:33,Materials,4521baaa3ce7d7318c2190551731df5fd8a6ec9a61d054ac578b92960514d71c
40838,27/07/2017 20:33,Lecture & Tutorial,4521baaa3ce7d7318c2190551731df5fd8a6ec9a61d054ac578b92960514d71c
40839,27/07/2017 20:33,Materials,4521baaa3ce7d7318c2190551731df5fd8a6ec9a61d054ac578b92960514d71c
40840,27/07/2017 20:30,Problem Solving,4521baaa3ce7d7318c2190551731df5fd8a6ec9a61d054ac578b92960514d71c
40841,27/07/2017 20:30,Problem Solving,4521baaa3ce7d7318c2190551731df5fd8a6ec9a61d054ac578b92960514d71c
40842,27/07/2017 20:30,Problem Solving,4521baaa3ce7d7318c2190551731df5fd8a6ec9a61d054ac578b92960514d71c
40843,27/07/2017 20:29,Materials,f75897248b0fac8423fca4044d9bf92e156aee14ca42e2319f1082306c3e989b
40844,27/07/2017 20:29,Materials,f75897248b0fac8423fca4044d9bf92e156aee14ca42e2319f1082306c3e989b
40845,27/07/2017 20:29,Lecture & Tutorial,f75897248b0fac8423fca4044d9bf92e156aee14ca42e2319f1082306c3e989b
40846,27/07/2017 20:29,Lecture & Tutorial,02f32a165210d06e32badf4cfc8d98d0510b10f7bfd7f9eb24efae2b33c85c78
40847,27/07/2017 20:29,Lecture & Tutorial,02f32a165210d06e32badf4cfc8d98d0510b10f7bfd7f9eb24efae2b33c85c78
40848,27/07/2017 20:27,Projects,1e0ef00d334ef2f2241c8f2d6ba5de3484b50eaaad64d6fde3401314908cdf00
40849,27/07/2017 20:27,Lecture & Tutorial,1e0ef00d334ef2f2241c8f2d6ba5de3484b50eaaad64d6fde3401314908cdf00
40850,27/07/2017 20:27,Projects,1e0ef00d334ef2f2241c8f2d6ba5de3484b50eaaad64d6fde3401314908cdf00
40851,27/07/2017 20:27,Problem Solving,4521baaa3ce7d7318c2190551731df5fd8a6ec9a61d054ac578b92960514d71c
40852,27/07/2017 20:26,Problem Solving,4521baaa3ce7d7318c2190551731df5fd8a6ec9a61d054ac578b92960514d71c
40853,27/07/2017 20:26,Problem Solving,4521baaa3ce7d7318c2190551731df5fd8a6ec9a61d054ac578b92960514d71c
40854,27/07/2017 20:26,Lecture & Tutorial,4521baaa3ce7d7318c2190551731df5fd8a6ec9a61d054ac578b92960514d71c
40855,27/07/2017 20:25,View Announcements,e5f9007076d90733fa6060a445feb5f2d967214f2c645b0be4a42f3d9550abcc
40856,27/07/2017 20:25,Materials,4521baaa3ce7d7318c2190551731df5fd8a6ec9a61d054ac578b92960514d71c
40857,27/07/2017 20:24,Problem Solving,8a3b9ebdffd32d33d655c50a6274d8dd963d2eb7f8469cccefc5594c663ad798
40858,27/07/2017 20:24,Problem Solving,8a3b9ebdffd32d33d655c50a6274d8dd963d2eb7f8469cccefc5594c663ad798
40859,27/07/2017 20:24,Materials,4521baaa3ce7d7318c2190551731df5fd8a6ec9a61d054ac578b92960514d71c
40860,27/07/2017 20:24,Instruction file,e5f9007076d90733fa6060a445feb5f2d967214f2c645b0be4a42f3d9550abcc
40861,27/07/2017 20:24,Materials,4521baaa3ce7d7318c2190551731df5fd8a6ec9a61d054ac578b92960514d71c
40862,27/07/2017 20:22,Assessment,1e8911a45a2933d379840380242bab249e45c9759e415bd26f5b54a5a86417f8
40863,27/07/2017 20:22,Assessment,1e8911a45a2933d379840380242bab249e45c9759e415bd26f5b54a5a86417f8
40864,27/07/2017 20:22,View Announcements,1e8911a45a2933d379840380242bab249e45c9759e415bd26f5b54a5a86417f8
40865,27/07/2017 20:22,Question & Help,1e8911a45a2933d379840380242bab249e45c9759e415bd26f5b54a5a86417f8
40866,27/07/2017 20:20,View Announcements,e5f9007076d90733fa6060a445feb5f2d967214f2c645b0be4a42f3d9550abcc
40867,27/07/2017 20:20,Problem Solving,664e213d64ddcd9f5dafe97628eee92139fc89ae5649d72b2390bd719d42069f
40868,27/07/2017 20:20,Problem Solving,664e213d64ddcd9f5dafe97628eee92139fc89ae5649d72b2390bd719d42069f
40869,27/07/2017 20:19,Projects,e5f9007076d90733fa6060a445feb5f2d967214f2c645b0be4a42f3d9550abcc
40870,27/07/2017 20:19,Projects,e5f9007076d90733fa6060a445feb5f2d967214f2c645b0be4a42f3d9550abcc
40871,27/07/2017 20:18,Projects,e5f9007076d90733fa6060a445feb5f2d967214f2c645b0be4a42f3d9550abcc
40872,27/07/2017 20:18,Projects,e5f9007076d90733fa6060a445feb5f2d967214f2c645b0be4a42f3d9550abcc
40873,27/07/2017 20:18,Projects,e5f9007076d90733fa6060a445feb5f2d967214f2c645b0be4a42f3d9550abcc
40874,27/07/2017 20:18,Assessment,e5f9007076d90733fa6060a445feb5f2d967214f2c645b0be4a42f3d9550abcc
40875,27/07/2017 20:18,View Announcements,e5f9007076d90733fa6060a445feb5f2d967214f2c645b0be4a42f3d9550abcc
40876,27/07/2017 20:17,View Announcements,e5f9007076d90733fa6060a445feb5f2d967214f2c645b0be4a42f3d9550abcc
40877,27/07/2017 20:17,View Announcements,e5f9007076d90733fa6060a445feb5f2d967214f2c645b0be4a42f3d9550abcc
40878,27/07/2017 20:16,Problem Solving,8a3b9ebdffd32d33d655c50a6274d8dd963d2eb7f8469cccefc5594c663ad798
40879,27/07/2017 20:16,Problem Solving,664e213d64ddcd9f5dafe97628eee92139fc89ae5649d72b2390bd719d42069f
40880,27/07/2017 20:15,Problem Solving,8a3b9ebdffd32d33d655c50a6274d8dd963d2eb7f8469cccefc5594c663ad798
40881,27/07/2017 20:15,Problem Solving,20e3d6b7706d59792dada222d11ba4794b37aaccea4c3b59d2ae64a27be8003c
40882,27/07/2017 20:14,Problem Solving,20e3d6b7706d59792dada222d11ba4794b37aaccea4c3b59d2ae64a27be8003c
40883,27/07/2017 20:14,Problem Solving,20e3d6b7706d59792dada222d11ba4794b37aaccea4c3b59d2ae64a27be8003c
40884,27/07/2017 20:14,Problem Solving,20e3d6b7706d59792dada222d11ba4794b37aaccea4c3b59d2ae64a27be8003c
40885,27/07/2017 20:14,Assessment,20e3d6b7706d59792dada222d11ba4794b37aaccea4c3b59d2ae64a27be8003c
40886,27/07/2017 20:13,Projects,0c171dc6faed483b1a6e5ec46338505f4232663da0220d960b7998fa3a702edb
40887,27/07/2017 20:13,Projects,0c171dc6faed483b1a6e5ec46338505f4232663da0220d960b7998fa3a702edb
40888,27/07/2017 20:12,Problem Solving,664e213d64ddcd9f5dafe97628eee92139fc89ae5649d72b2390bd719d42069f
40889,27/07/2017 20:12,Problem Solving,8a3b9ebdffd32d33d655c50a6274d8dd963d2eb7f8469cccefc5594c663ad798
40890,27/07/2017 20:11,Problem Solving,8a3b9ebdffd32d33d655c50a6274d8dd963d2eb7f8469cccefc5594c663ad798
40891,27/07/2017 20:11,Problem Solving,664e213d64ddcd9f5dafe97628eee92139fc89ae5649d72b2390bd719d42069f
40892,27/07/2017 20:10,Assessment,ceaaf496583fb1b7380870121abc4f3042b1fe8c2314013589a0ebceab194efb
40893,27/07/2017 20:10,Assessment,ceaaf496583fb1b7380870121abc4f3042b1fe8c2314013589a0ebceab194efb
40894,27/07/2017 20:10,View Announcements,ceaaf496583fb1b7380870121abc4f3042b1fe8c2314013589a0ebceab194efb
40895,27/07/2017 20:10,Assessment,ceaaf496583fb1b7380870121abc4f3042b1fe8c2314013589a0ebceab194efb
40896,27/07/2017 20:10,Assessment,ceaaf496583fb1b7380870121abc4f3042b1fe8c2314013589a0ebceab194efb
40897,27/07/2017 20:10,Problem Solving,8a3b9ebdffd32d33d655c50a6274d8dd963d2eb7f8469cccefc5594c663ad798
40898,27/07/2017 20:10,Problem Solving,8a3b9ebdffd32d33d655c50a6274d8dd963d2eb7f8469cccefc5594c663ad798
40899,27/07/2017 20:10,View Announcements,ceaaf496583fb1b7380870121abc4f3042b1fe8c2314013589a0ebceab194efb
40900,27/07/2017 20:10,Assessment,8a3b9ebdffd32d33d655c50a6274d8dd963d2eb7f8469cccefc5594c663ad798
40901,27/07/2017 20:10,View Announcements,8a3b9ebdffd32d33d655c50a6274d8dd963d2eb7f8469cccefc5594c663ad798
40902,27/07/2017 20:10,View Announcements,8a3b9ebdffd32d33d655c50a6274d8dd963d2eb7f8469cccefc5594c663ad798
40903,27/07/2017 20:10,Projects,0c171dc6faed483b1a6e5ec46338505f4232663da0220d960b7998fa3a702edb
40904,27/07/2017 20:10,Projects,0c171dc6faed483b1a6e5ec46338505f4232663da0220d960b7998fa3a702edb
40905,27/07/2017 20:10,Assessment,0c171dc6faed483b1a6e5ec46338505f4232663da0220d960b7998fa3a702edb
40906,27/07/2017 20:10,View Announcements,0c171dc6faed483b1a6e5ec46338505f4232663da0220d960b7998fa3a702edb
40907,27/07/2017 20:09,Question & Help,8a3b9ebdffd32d33d655c50a6274d8dd963d2eb7f8469cccefc5594c663ad798
40908,27/07/2017 20:09,View Announcements,8a3b9ebdffd32d33d655c50a6274d8dd963d2eb7f8469cccefc5594c663ad798
40909,27/07/2017 20:09,Problem Solving,79a53f52a2ea52dfb15bf013002aceb83e0f73ff93cc8179203cc43d01d18612
40910,27/07/2017 20:08,Problem Solving,79a53f52a2ea52dfb15bf013002aceb83e0f73ff93cc8179203cc43d01d18612
40911,27/07/2017 20:08,Lecture & Tutorial,79a53f52a2ea52dfb15bf013002aceb83e0f73ff93cc8179203cc43d01d18612
40912,27/07/2017 20:08,Problem Solving,79a53f52a2ea52dfb15bf013002aceb83e0f73ff93cc8179203cc43d01d18612
40913,27/07/2017 20:06,Problem Solving,80617b4b5a18d991c11c261a81a3d3d0e2ad24335687d77c9674ab1a3c19247a
40914,27/07/2017 20:04,Problem Solving,664e213d64ddcd9f5dafe97628eee92139fc89ae5649d72b2390bd719d42069f
40915,27/07/2017 20:04,Problem Solving,664e213d64ddcd9f5dafe97628eee92139fc89ae5649d72b2390bd719d42069f
40916,27/07/2017 20:04,Problem Solving,664e213d64ddcd9f5dafe97628eee92139fc89ae5649d72b2390bd719d42069f
40917,27/07/2017 20:04,Lecture & Tutorial,664e213d64ddcd9f5dafe97628eee92139fc89ae5649d72b2390bd719d42069f
40918,27/07/2017 20:03,View Announcements,664e213d64ddcd9f5dafe97628eee92139fc89ae5649d72b2390bd719d42069f
40919,27/07/2017 20:03,Problem Solving,80617b4b5a18d991c11c261a81a3d3d0e2ad24335687d77c9674ab1a3c19247a
40920,27/07/2017 20:03,Problem Solving,80617b4b5a18d991c11c261a81a3d3d0e2ad24335687d77c9674ab1a3c19247a
40921,27/07/2017 20:03,Lecture & Tutorial,80617b4b5a18d991c11c261a81a3d3d0e2ad24335687d77c9674ab1a3c19247a
40922,27/07/2017 20:02,Problem Solving,51c2ed35ee7f07dcb568689f2b0f2c0ac01522ae1ba177cb57668e6143488f12
40923,27/07/2017 20:02,Problem Solving,51c2ed35ee7f07dcb568689f2b0f2c0ac01522ae1ba177cb57668e6143488f12
40924,27/07/2017 20:02,Problem Solving,51c2ed35ee7f07dcb568689f2b0f2c0ac01522ae1ba177cb57668e6143488f12
40925,27/07/2017 20:02,Problem Solving,51c2ed35ee7f07dcb568689f2b0f2c0ac01522ae1ba177cb57668e6143488f12
40926,27/07/2017 19:58,View Announcements,79a53f52a2ea52dfb15bf013002aceb83e0f73ff93cc8179203cc43d01d18612
40927,27/07/2017 19:58,View Announcements,79a53f52a2ea52dfb15bf013002aceb83e0f73ff93cc8179203cc43d01d18612
40928,27/07/2017 19:58,Materials,79a53f52a2ea52dfb15bf013002aceb83e0f73ff93cc8179203cc43d01d18612
40929,27/07/2017 19:58,Materials,79a53f52a2ea52dfb15bf013002aceb83e0f73ff93cc8179203cc43d01d18612
40930,27/07/2017 19:55,Question & Help,c836fc9fa0a30ac57d31ef61dc98958732679a8edd9dc4b272308fe366a4bcba
40931,27/07/2017 19:53,Assessment,5503ca7298f5f84a8ab9e991fb4c3712b6a23aefc605ca244acb7afbcbf723fc
40932,27/07/2017 19:53,Projects,5503ca7298f5f84a8ab9e991fb4c3712b6a23aefc605ca244acb7afbcbf723fc
40933,27/07/2017 19:53,Assessment,5503ca7298f5f84a8ab9e991fb4c3712b6a23aefc605ca244acb7afbcbf723fc
40934,27/07/2017 19:53,Lecture & Tutorial,5503ca7298f5f84a8ab9e991fb4c3712b6a23aefc605ca244acb7afbcbf723fc
40935,27/07/2017 19:52,Lecture & Tutorial,e069f95d2ee1205269526184a0312896e46932008748992e31a439a4d1ae2d99
40936,27/07/2017 19:52,Lecture & Tutorial,e069f95d2ee1205269526184a0312896e46932008748992e31a439a4d1ae2d99
40937,27/07/2017 19:52,Lecture & Tutorial,e069f95d2ee1205269526184a0312896e46932008748992e31a439a4d1ae2d99
40938,27/07/2017 19:52,Question & Help,e069f95d2ee1205269526184a0312896e46932008748992e31a439a4d1ae2d99
40939,27/07/2017 19:52,Lecture & Tutorial,e069f95d2ee1205269526184a0312896e46932008748992e31a439a4d1ae2d99
40940,27/07/2017 19:52,Lecture & Tutorial,e069f95d2ee1205269526184a0312896e46932008748992e31a439a4d1ae2d99
40941,27/07/2017 19:52,Lecture & Tutorial,e069f95d2ee1205269526184a0312896e46932008748992e31a439a4d1ae2d99
40942,27/07/2017 19:52,Lecture & Tutorial,e069f95d2ee1205269526184a0312896e46932008748992e31a439a4d1ae2d99
40943,27/07/2017 19:52,Lecture & Tutorial,e069f95d2ee1205269526184a0312896e46932008748992e31a439a4d1ae2d99
40944,27/07/2017 19:52,Lecture & Tutorial,e069f95d2ee1205269526184a0312896e46932008748992e31a439a4d1ae2d99
40945,27/07/2017 19:52,Lecture & Tutorial,e069f95d2ee1205269526184a0312896e46932008748992e31a439a4d1ae2d99
40946,27/07/2017 19:52,Lecture & Tutorial,e069f95d2ee1205269526184a0312896e46932008748992e31a439a4d1ae2d99
40947,27/07/2017 19:52,Lecture & Tutorial,e069f95d2ee1205269526184a0312896e46932008748992e31a439a4d1ae2d99
40948,27/07/2017 19:52,Lecture & Tutorial,e069f95d2ee1205269526184a0312896e46932008748992e31a439a4d1ae2d99
40949,27/07/2017 19:52,Lecture & Tutorial,e069f95d2ee1205269526184a0312896e46932008748992e31a439a4d1ae2d99
40950,27/07/2017 19:52,Lecture & Tutorial,e069f95d2ee1205269526184a0312896e46932008748992e31a439a4d1ae2d99
40951,27/07/2017 19:52,Lecture & Tutorial,e069f95d2ee1205269526184a0312896e46932008748992e31a439a4d1ae2d99
40952,27/07/2017 19:52,Assessment,058110354031836c459b09cd9daa9606114fb4dc19d05af32b2e06b447243a8e
40953,27/07/2017 19:52,View Announcements,058110354031836c459b09cd9daa9606114fb4dc19d05af32b2e06b447243a8e
40954,27/07/2017 19:51,Lecture & Tutorial,b5b2d07bf0984d5657d709857feffcdb78423851f429ca5969efddcb7b3ccca0
40955,27/07/2017 19:51,Problem Solving,b5b2d07bf0984d5657d709857feffcdb78423851f429ca5969efddcb7b3ccca0
40956,27/07/2017 19:50,Materials,058110354031836c459b09cd9daa9606114fb4dc19d05af32b2e06b447243a8e
40957,27/07/2017 19:50,Materials,b5b2d07bf0984d5657d709857feffcdb78423851f429ca5969efddcb7b3ccca0
40958,27/07/2017 19:50,Lecture & Tutorial,b5b2d07bf0984d5657d709857feffcdb78423851f429ca5969efddcb7b3ccca0
40959,27/07/2017 19:50,Lecture & Tutorial,058110354031836c459b09cd9daa9606114fb4dc19d05af32b2e06b447243a8e
40960,27/07/2017 19:50,Materials,058110354031836c459b09cd9daa9606114fb4dc19d05af32b2e06b447243a8e
40961,27/07/2017 19:49,Assessment,14dca7a5241f470a95173b60f0669b93d71aecd49c041760814e10499f4ee7aa
40962,27/07/2017 19:49,Assessment,14dca7a5241f470a95173b60f0669b93d71aecd49c041760814e10499f4ee7aa
40963,27/07/2017 19:49,Assessment,14dca7a5241f470a95173b60f0669b93d71aecd49c041760814e10499f4ee7aa
40964,27/07/2017 19:49,Assessment,14dca7a5241f470a95173b60f0669b93d71aecd49c041760814e10499f4ee7aa
40965,27/07/2017 19:49,Assessment,14dca7a5241f470a95173b60f0669b93d71aecd49c041760814e10499f4ee7aa
40966,27/07/2017 19:49,Assessment,14dca7a5241f470a95173b60f0669b93d71aecd49c041760814e10499f4ee7aa
40967,27/07/2017 19:49,Assessment,14dca7a5241f470a95173b60f0669b93d71aecd49c041760814e10499f4ee7aa
40968,27/07/2017 19:49,View Announcements,14dca7a5241f470a95173b60f0669b93d71aecd49c041760814e10499f4ee7aa
40969,27/07/2017 19:48,Question & Help,7d7b9abae36ea79ee7aeebe064b54fb544f4d7a1c8237ed012234d4b335322c0
40970,27/07/2017 19:47,Assessment,7d7b9abae36ea79ee7aeebe064b54fb544f4d7a1c8237ed012234d4b335322c0
40971,27/07/2017 19:47,Assessment,1e8911a45a2933d379840380242bab249e45c9759e415bd26f5b54a5a86417f8
40972,27/07/2017 19:47,Assessment,1e8911a45a2933d379840380242bab249e45c9759e415bd26f5b54a5a86417f8
40973,27/07/2017 19:47,Assessment,1e8911a45a2933d379840380242bab249e45c9759e415bd26f5b54a5a86417f8
40974,27/07/2017 19:47,Question & Help,1e8911a45a2933d379840380242bab249e45c9759e415bd26f5b54a5a86417f8
40975,27/07/2017 19:47,View Announcements,1e8911a45a2933d379840380242bab249e45c9759e415bd26f5b54a5a86417f8
40976,27/07/2017 19:47,View Announcements,1e8911a45a2933d379840380242bab249e45c9759e415bd26f5b54a5a86417f8
40977,27/07/2017 19:46,View Announcements,1e8911a45a2933d379840380242bab249e45c9759e415bd26f5b54a5a86417f8
40978,27/07/2017 19:46,Instruction file,1e8911a45a2933d379840380242bab249e45c9759e415bd26f5b54a5a86417f8
40979,27/07/2017 19:46,View Announcements,1e8911a45a2933d379840380242bab249e45c9759e415bd26f5b54a5a86417f8
40980,27/07/2017 19:46,Assessment,7d7b9abae36ea79ee7aeebe064b54fb544f4d7a1c8237ed012234d4b335322c0
40981,27/07/2017 19:46,Assessment,7d7b9abae36ea79ee7aeebe064b54fb544f4d7a1c8237ed012234d4b335322c0
40982,27/07/2017 19:46,View Announcements,7d7b9abae36ea79ee7aeebe064b54fb544f4d7a1c8237ed012234d4b335322c0
40983,27/07/2017 19:46,Question & Help,7d7b9abae36ea79ee7aeebe064b54fb544f4d7a1c8237ed012234d4b335322c0
40984,27/07/2017 19:45,Materials,4521baaa3ce7d7318c2190551731df5fd8a6ec9a61d054ac578b92960514d71c
40985,27/07/2017 19:45,Assessment,5503ca7298f5f84a8ab9e991fb4c3712b6a23aefc605ca244acb7afbcbf723fc
40986,27/07/2017 19:45,Projects,5503ca7298f5f84a8ab9e991fb4c3712b6a23aefc605ca244acb7afbcbf723fc
40987,27/07/2017 19:45,View Announcements,7d7b9abae36ea79ee7aeebe064b54fb544f4d7a1c8237ed012234d4b335322c0
40988,27/07/2017 19:45,View Announcements,7d7b9abae36ea79ee7aeebe064b54fb544f4d7a1c8237ed012234d4b335322c0
40989,27/07/2017 19:45,Lecture & Tutorial,5503ca7298f5f84a8ab9e991fb4c3712b6a23aefc605ca244acb7afbcbf723fc
40990,27/07/2017 19:45,Projects,5503ca7298f5f84a8ab9e991fb4c3712b6a23aefc605ca244acb7afbcbf723fc
40991,27/07/2017 19:45,Assessment,5503ca7298f5f84a8ab9e991fb4c3712b6a23aefc605ca244acb7afbcbf723fc
40992,27/07/2017 19:45,Lecture & Tutorial,5503ca7298f5f84a8ab9e991fb4c3712b6a23aefc605ca244acb7afbcbf723fc
40993,27/07/2017 19:45,Assessment,5503ca7298f5f84a8ab9e991fb4c3712b6a23aefc605ca244acb7afbcbf723fc
40994,27/07/2017 19:45,Materials,4521baaa3ce7d7318c2190551731df5fd8a6ec9a61d054ac578b92960514d71c
40995,27/07/2017 19:44,Assessment,5503ca7298f5f84a8ab9e991fb4c3712b6a23aefc605ca244acb7afbcbf723fc
40996,27/07/2017 19:44,Materials,4521baaa3ce7d7318c2190551731df5fd8a6ec9a61d054ac578b92960514d71c
40997,27/07/2017 19:44,Instruction file,058110354031836c459b09cd9daa9606114fb4dc19d05af32b2e06b447243a8e
40998,27/07/2017 19:44,Materials,4521baaa3ce7d7318c2190551731df5fd8a6ec9a61d054ac578b92960514d71c
40999,27/07/2017 19:44,Materials,4521baaa3ce7d7318c2190551731df5fd8a6ec9a61d054ac578b92960514d71c
41000,27/07/2017 19:44,Lecture & Tutorial,4521baaa3ce7d7318c2190551731df5fd8a6ec9a61d054ac578b92960514d71c
41001,27/07/2017 19:44,View Announcements,4521baaa3ce7d7318c2190551731df5fd8a6ec9a61d054ac578b92960514d71c
41002,27/07/2017 19:44,Materials,4521baaa3ce7d7318c2190551731df5fd8a6ec9a61d054ac578b92960514d71c
41003,27/07/2017 19:43,Assessment,4521baaa3ce7d7318c2190551731df5fd8a6ec9a61d054ac578b92960514d71c
41004,27/07/2017 19:43,View Announcements,4521baaa3ce7d7318c2190551731df5fd8a6ec9a61d054ac578b92960514d71c
41005,27/07/2017 19:43,Lecture & Tutorial,4521baaa3ce7d7318c2190551731df5fd8a6ec9a61d054ac578b92960514d71c
41006,27/07/2017 19:43,Materials,4521baaa3ce7d7318c2190551731df5fd8a6ec9a61d054ac578b92960514d71c
41007,27/07/2017 19:43,View Announcements,7d7b9abae36ea79ee7aeebe064b54fb544f4d7a1c8237ed012234d4b335322c0
41008,27/07/2017 19:43,View Announcements,7d7b9abae36ea79ee7aeebe064b54fb544f4d7a1c8237ed012234d4b335322c0
41009,27/07/2017 19:43,View Announcements,7d7b9abae36ea79ee7aeebe064b54fb544f4d7a1c8237ed012234d4b335322c0
41010,27/07/2017 19:40,Projects,164eb2ea7521de6dcda417c9d3f5eb0a50ab91ad11600d8be579ee364bf5a324
41011,27/07/2017 19:40,Projects,164eb2ea7521de6dcda417c9d3f5eb0a50ab91ad11600d8be579ee364bf5a324
41012,27/07/2017 19:40,Projects,164eb2ea7521de6dcda417c9d3f5eb0a50ab91ad11600d8be579ee364bf5a324
41013,27/07/2017 19:39,Lecture & Tutorial,164eb2ea7521de6dcda417c9d3f5eb0a50ab91ad11600d8be579ee364bf5a324
41014,27/07/2017 19:39,Projects,164eb2ea7521de6dcda417c9d3f5eb0a50ab91ad11600d8be579ee364bf5a324
41015,27/07/2017 19:39,Projects,164eb2ea7521de6dcda417c9d3f5eb0a50ab91ad11600d8be579ee364bf5a324
41016,27/07/2017 19:39,Projects,164eb2ea7521de6dcda417c9d3f5eb0a50ab91ad11600d8be579ee364bf5a324
41017,27/07/2017 19:39,Lecture & Tutorial,164eb2ea7521de6dcda417c9d3f5eb0a50ab91ad11600d8be579ee364bf5a324
41018,27/07/2017 19:39,Materials,de120e7c713464614054a090345b4293b7d35926b8b51f459cbf1558f38b4cea
41019,27/07/2017 19:39,Materials,de120e7c713464614054a090345b4293b7d35926b8b51f459cbf1558f38b4cea
41020,27/07/2017 19:39,Lecture & Tutorial,de120e7c713464614054a090345b4293b7d35926b8b51f459cbf1558f38b4cea
41021,27/07/2017 19:39,Materials,de120e7c713464614054a090345b4293b7d35926b8b51f459cbf1558f38b4cea
41022,27/07/2017 19:39,Materials,de120e7c713464614054a090345b4293b7d35926b8b51f459cbf1558f38b4cea
41023,27/07/2017 19:38,Materials,de120e7c713464614054a090345b4293b7d35926b8b51f459cbf1558f38b4cea
41024,27/07/2017 19:38,Materials,de120e7c713464614054a090345b4293b7d35926b8b51f459cbf1558f38b4cea
41025,27/07/2017 19:38,Materials,de120e7c713464614054a090345b4293b7d35926b8b51f459cbf1558f38b4cea
41026,27/07/2017 19:38,Materials,de120e7c713464614054a090345b4293b7d35926b8b51f459cbf1558f38b4cea
41027,27/07/2017 19:38,Materials,de120e7c713464614054a090345b4293b7d35926b8b51f459cbf1558f38b4cea
41028,27/07/2017 19:38,Materials,de120e7c713464614054a090345b4293b7d35926b8b51f459cbf1558f38b4cea
41029,27/07/2017 19:38,Materials,de120e7c713464614054a090345b4293b7d35926b8b51f459cbf1558f38b4cea
41030,27/07/2017 19:38,Materials,de120e7c713464614054a090345b4293b7d35926b8b51f459cbf1558f38b4cea
41031,27/07/2017 19:38,Materials,de120e7c713464614054a090345b4293b7d35926b8b51f459cbf1558f38b4cea
41032,27/07/2017 19:38,Materials,de120e7c713464614054a090345b4293b7d35926b8b51f459cbf1558f38b4cea
41033,27/07/2017 19:38,Materials,de120e7c713464614054a090345b4293b7d35926b8b51f459cbf1558f38b4cea
41034,27/07/2017 19:37,Materials,de120e7c713464614054a090345b4293b7d35926b8b51f459cbf1558f38b4cea
41035,27/07/2017 19:37,Materials,de120e7c713464614054a090345b4293b7d35926b8b51f459cbf1558f38b4cea
41036,27/07/2017 19:37,Materials,de120e7c713464614054a090345b4293b7d35926b8b51f459cbf1558f38b4cea
41037,27/07/2017 19:37,Materials,de120e7c713464614054a090345b4293b7d35926b8b51f459cbf1558f38b4cea
41038,27/07/2017 19:37,Materials,de120e7c713464614054a090345b4293b7d35926b8b51f459cbf1558f38b4cea
41039,27/07/2017 19:37,Materials,de120e7c713464614054a090345b4293b7d35926b8b51f459cbf1558f38b4cea
41040,27/07/2017 19:37,Materials,de120e7c713464614054a090345b4293b7d35926b8b51f459cbf1558f38b4cea
41041,27/07/2017 19:37,Materials,de120e7c713464614054a090345b4293b7d35926b8b51f459cbf1558f38b4cea
41042,27/07/2017 19:37,Materials,de120e7c713464614054a090345b4293b7d35926b8b51f459cbf1558f38b4cea
41043,27/07/2017 19:36,Materials,de120e7c713464614054a090345b4293b7d35926b8b51f459cbf1558f38b4cea
41044,27/07/2017 19:36,Materials,de120e7c713464614054a090345b4293b7d35926b8b51f459cbf1558f38b4cea
41045,27/07/2017 19:36,Materials,de120e7c713464614054a090345b4293b7d35926b8b51f459cbf1558f38b4cea
41046,27/07/2017 19:36,Materials,de120e7c713464614054a090345b4293b7d35926b8b51f459cbf1558f38b4cea
41047,27/07/2017 19:36,Materials,de120e7c713464614054a090345b4293b7d35926b8b51f459cbf1558f38b4cea
41048,27/07/2017 19:36,Lecture & Tutorial,de120e7c713464614054a090345b4293b7d35926b8b51f459cbf1558f38b4cea
41049,27/07/2017 19:36,Materials,de120e7c713464614054a090345b4293b7d35926b8b51f459cbf1558f38b4cea
41050,27/07/2017 19:36,Materials,de120e7c713464614054a090345b4293b7d35926b8b51f459cbf1558f38b4cea
41051,27/07/2017 19:36,Materials,de120e7c713464614054a090345b4293b7d35926b8b51f459cbf1558f38b4cea
41052,27/07/2017 19:36,Materials,de120e7c713464614054a090345b4293b7d35926b8b51f459cbf1558f38b4cea
41053,27/07/2017 19:35,Materials,de120e7c713464614054a090345b4293b7d35926b8b51f459cbf1558f38b4cea
41054,27/07/2017 19:35,Materials,de120e7c713464614054a090345b4293b7d35926b8b51f459cbf1558f38b4cea
41055,27/07/2017 19:35,Materials,de120e7c713464614054a090345b4293b7d35926b8b51f459cbf1558f38b4cea
41056,27/07/2017 19:35,Materials,de120e7c713464614054a090345b4293b7d35926b8b51f459cbf1558f38b4cea
41057,27/07/2017 19:35,Materials,de120e7c713464614054a090345b4293b7d35926b8b51f459cbf1558f38b4cea
41058,27/07/2017 19:35,Materials,de120e7c713464614054a090345b4293b7d35926b8b51f459cbf1558f38b4cea
41059,27/07/2017 19:35,Materials,de120e7c713464614054a090345b4293b7d35926b8b51f459cbf1558f38b4cea
41060,27/07/2017 19:34,Materials,de120e7c713464614054a090345b4293b7d35926b8b51f459cbf1558f38b4cea
41061,27/07/2017 19:34,Materials,de120e7c713464614054a090345b4293b7d35926b8b51f459cbf1558f38b4cea
41062,27/07/2017 19:34,Materials,de120e7c713464614054a090345b4293b7d35926b8b51f459cbf1558f38b4cea
41063,27/07/2017 19:34,Materials,de120e7c713464614054a090345b4293b7d35926b8b51f459cbf1558f38b4cea
41064,27/07/2017 19:34,View Announcements,b04987704a54224d83e8e62ea59720b8ec597ae6ee9f79040d891c3f32868df8
41065,27/07/2017 19:34,View Announcements,b04987704a54224d83e8e62ea59720b8ec597ae6ee9f79040d891c3f32868df8
41066,27/07/2017 19:34,View Announcements,b04987704a54224d83e8e62ea59720b8ec597ae6ee9f79040d891c3f32868df8
41067,27/07/2017 19:34,Problem Solving,51c2ed35ee7f07dcb568689f2b0f2c0ac01522ae1ba177cb57668e6143488f12
41068,27/07/2017 19:34,View Announcements,b04987704a54224d83e8e62ea59720b8ec597ae6ee9f79040d891c3f32868df8
41069,27/07/2017 19:34,Assessment,b04987704a54224d83e8e62ea59720b8ec597ae6ee9f79040d891c3f32868df8
41070,27/07/2017 19:34,Projects,b04987704a54224d83e8e62ea59720b8ec597ae6ee9f79040d891c3f32868df8
41071,27/07/2017 19:33,Assessment,b04987704a54224d83e8e62ea59720b8ec597ae6ee9f79040d891c3f32868df8
41072,27/07/2017 19:33,View Announcements,b04987704a54224d83e8e62ea59720b8ec597ae6ee9f79040d891c3f32868df8
41073,27/07/2017 19:33,Lecture & Tutorial,b04987704a54224d83e8e62ea59720b8ec597ae6ee9f79040d891c3f32868df8
41074,27/07/2017 19:33,Projects,b04987704a54224d83e8e62ea59720b8ec597ae6ee9f79040d891c3f32868df8
41075,27/07/2017 19:33,Materials,058110354031836c459b09cd9daa9606114fb4dc19d05af32b2e06b447243a8e
41076,27/07/2017 19:33,Lecture & Tutorial,058110354031836c459b09cd9daa9606114fb4dc19d05af32b2e06b447243a8e
41077,27/07/2017 19:32,View Announcements,de120e7c713464614054a090345b4293b7d35926b8b51f459cbf1558f38b4cea
41078,27/07/2017 19:32,Materials,79a53f52a2ea52dfb15bf013002aceb83e0f73ff93cc8179203cc43d01d18612
41079,27/07/2017 19:31,Lecture & Tutorial,79a53f52a2ea52dfb15bf013002aceb83e0f73ff93cc8179203cc43d01d18612
41080,27/07/2017 19:31,Materials,79a53f52a2ea52dfb15bf013002aceb83e0f73ff93cc8179203cc43d01d18612
41081,27/07/2017 19:31,Materials,79a53f52a2ea52dfb15bf013002aceb83e0f73ff93cc8179203cc43d01d18612
41082,27/07/2017 19:31,Materials,79a53f52a2ea52dfb15bf013002aceb83e0f73ff93cc8179203cc43d01d18612
41083,27/07/2017 19:31,Materials,79a53f52a2ea52dfb15bf013002aceb83e0f73ff93cc8179203cc43d01d18612
41084,27/07/2017 19:31,Materials,79a53f52a2ea52dfb15bf013002aceb83e0f73ff93cc8179203cc43d01d18612
41085,27/07/2017 19:30,Materials,79a53f52a2ea52dfb15bf013002aceb83e0f73ff93cc8179203cc43d01d18612
41086,27/07/2017 19:30,Materials,79a53f52a2ea52dfb15bf013002aceb83e0f73ff93cc8179203cc43d01d18612
41087,27/07/2017 19:30,Assessment,058110354031836c459b09cd9daa9606114fb4dc19d05af32b2e06b447243a8e
41088,27/07/2017 19:30,Problem Solving,51c2ed35ee7f07dcb568689f2b0f2c0ac01522ae1ba177cb57668e6143488f12
41089,27/07/2017 19:30,Materials,79a53f52a2ea52dfb15bf013002aceb83e0f73ff93cc8179203cc43d01d18612
41090,27/07/2017 19:30,Problem Solving,51c2ed35ee7f07dcb568689f2b0f2c0ac01522ae1ba177cb57668e6143488f12
41091,27/07/2017 19:30,Materials,79a53f52a2ea52dfb15bf013002aceb83e0f73ff93cc8179203cc43d01d18612
41092,27/07/2017 19:29,Lecture & Tutorial,e069f95d2ee1205269526184a0312896e46932008748992e31a439a4d1ae2d99
41093,27/07/2017 19:29,Lecture & Tutorial,e069f95d2ee1205269526184a0312896e46932008748992e31a439a4d1ae2d99
41094,27/07/2017 19:29,Lecture & Tutorial,e069f95d2ee1205269526184a0312896e46932008748992e31a439a4d1ae2d99
41095,27/07/2017 19:29,Lecture & Tutorial,e069f95d2ee1205269526184a0312896e46932008748992e31a439a4d1ae2d99
41096,27/07/2017 19:29,Lecture & Tutorial,e069f95d2ee1205269526184a0312896e46932008748992e31a439a4d1ae2d99
41097,27/07/2017 19:29,Lecture & Tutorial,e069f95d2ee1205269526184a0312896e46932008748992e31a439a4d1ae2d99
41098,27/07/2017 19:29,Lecture & Tutorial,e069f95d2ee1205269526184a0312896e46932008748992e31a439a4d1ae2d99
41099,27/07/2017 19:29,Lecture & Tutorial,e069f95d2ee1205269526184a0312896e46932008748992e31a439a4d1ae2d99
41100,27/07/2017 19:29,Lecture & Tutorial,e069f95d2ee1205269526184a0312896e46932008748992e31a439a4d1ae2d99
41101,27/07/2017 19:29,Lecture & Tutorial,e069f95d2ee1205269526184a0312896e46932008748992e31a439a4d1ae2d99
41102,27/07/2017 19:29,Question & Help,e069f95d2ee1205269526184a0312896e46932008748992e31a439a4d1ae2d99
41103,27/07/2017 19:29,Lecture & Tutorial,e069f95d2ee1205269526184a0312896e46932008748992e31a439a4d1ae2d99
41104,27/07/2017 19:29,Lecture & Tutorial,e069f95d2ee1205269526184a0312896e46932008748992e31a439a4d1ae2d99
41105,27/07/2017 19:29,Lecture & Tutorial,e069f95d2ee1205269526184a0312896e46932008748992e31a439a4d1ae2d99
41106,27/07/2017 19:29,Lecture & Tutorial,e069f95d2ee1205269526184a0312896e46932008748992e31a439a4d1ae2d99
41107,27/07/2017 19:29,Lecture & Tutorial,e069f95d2ee1205269526184a0312896e46932008748992e31a439a4d1ae2d99
41108,27/07/2017 19:29,Lecture & Tutorial,e069f95d2ee1205269526184a0312896e46932008748992e31a439a4d1ae2d99
41109,27/07/2017 19:28,View Announcements,058110354031836c459b09cd9daa9606114fb4dc19d05af32b2e06b447243a8e
41110,27/07/2017 19:26,Problem Solving,058110354031836c459b09cd9daa9606114fb4dc19d05af32b2e06b447243a8e
41111,27/07/2017 19:26,Lecture & Tutorial,058110354031836c459b09cd9daa9606114fb4dc19d05af32b2e06b447243a8e
41112,27/07/2017 19:26,Lecture & Tutorial,058110354031836c459b09cd9daa9606114fb4dc19d05af32b2e06b447243a8e
41113,27/07/2017 19:26,Instruction file,058110354031836c459b09cd9daa9606114fb4dc19d05af32b2e06b447243a8e
41114,27/07/2017 19:26,Problem Solving,51c2ed35ee7f07dcb568689f2b0f2c0ac01522ae1ba177cb57668e6143488f12
41115,27/07/2017 19:26,Problem Solving,9612d5c8a78495fc5ab9a8d67e46d6815910a14d04be045530fd7f039efa1483
41116,27/07/2017 19:25,Problem Solving,51c2ed35ee7f07dcb568689f2b0f2c0ac01522ae1ba177cb57668e6143488f12
41117,27/07/2017 19:25,Problem Solving,51c2ed35ee7f07dcb568689f2b0f2c0ac01522ae1ba177cb57668e6143488f12
41118,27/07/2017 19:25,Problem Solving,51c2ed35ee7f07dcb568689f2b0f2c0ac01522ae1ba177cb57668e6143488f12
41119,27/07/2017 19:22,Materials,de120e7c713464614054a090345b4293b7d35926b8b51f459cbf1558f38b4cea
41120,27/07/2017 19:22,Materials,de120e7c713464614054a090345b4293b7d35926b8b51f459cbf1558f38b4cea
41121,27/07/2017 19:22,View Announcements,14dca7a5241f470a95173b60f0669b93d71aecd49c041760814e10499f4ee7aa
41122,27/07/2017 19:22,Projects,5503ca7298f5f84a8ab9e991fb4c3712b6a23aefc605ca244acb7afbcbf723fc
41123,27/07/2017 19:22,Assessment,5503ca7298f5f84a8ab9e991fb4c3712b6a23aefc605ca244acb7afbcbf723fc
41124,27/07/2017 19:22,Lecture & Tutorial,5503ca7298f5f84a8ab9e991fb4c3712b6a23aefc605ca244acb7afbcbf723fc
41125,27/07/2017 19:22,Assessment,5503ca7298f5f84a8ab9e991fb4c3712b6a23aefc605ca244acb7afbcbf723fc
41126,27/07/2017 19:22,View Announcements,14dca7a5241f470a95173b60f0669b93d71aecd49c041760814e10499f4ee7aa
41127,27/07/2017 19:22,View Announcements,14dca7a5241f470a95173b60f0669b93d71aecd49c041760814e10499f4ee7aa
41128,27/07/2017 19:20,Assessment,5503ca7298f5f84a8ab9e991fb4c3712b6a23aefc605ca244acb7afbcbf723fc
41129,27/07/2017 19:20,Projects,5503ca7298f5f84a8ab9e991fb4c3712b6a23aefc605ca244acb7afbcbf723fc
41130,27/07/2017 19:20,Lecture & Tutorial,5503ca7298f5f84a8ab9e991fb4c3712b6a23aefc605ca244acb7afbcbf723fc
41131,27/07/2017 19:20,Assessment,5503ca7298f5f84a8ab9e991fb4c3712b6a23aefc605ca244acb7afbcbf723fc
41132,27/07/2017 19:20,Assessment,5503ca7298f5f84a8ab9e991fb4c3712b6a23aefc605ca244acb7afbcbf723fc
41133,27/07/2017 19:19,Lecture & Tutorial,d9f64e0415b7175339f50b0929f4667fbddb8b61cf4aee3c62c0bb407c812435
41134,27/07/2017 19:19,Lecture & Tutorial,d9f64e0415b7175339f50b0929f4667fbddb8b61cf4aee3c62c0bb407c812435
41135,27/07/2017 19:19,Lecture & Tutorial,d9f64e0415b7175339f50b0929f4667fbddb8b61cf4aee3c62c0bb407c812435
41136,27/07/2017 19:18,Materials,de120e7c713464614054a090345b4293b7d35926b8b51f459cbf1558f38b4cea
41137,27/07/2017 19:18,Lecture & Tutorial,de120e7c713464614054a090345b4293b7d35926b8b51f459cbf1558f38b4cea
41138,27/07/2017 19:18,Materials,de120e7c713464614054a090345b4293b7d35926b8b51f459cbf1558f38b4cea
41139,27/07/2017 19:17,Materials,de120e7c713464614054a090345b4293b7d35926b8b51f459cbf1558f38b4cea
41140,27/07/2017 19:17,Materials,de120e7c713464614054a090345b4293b7d35926b8b51f459cbf1558f38b4cea
41141,27/07/2017 19:17,Materials,de120e7c713464614054a090345b4293b7d35926b8b51f459cbf1558f38b4cea
41142,27/07/2017 19:17,Materials,de120e7c713464614054a090345b4293b7d35926b8b51f459cbf1558f38b4cea
41143,27/07/2017 19:16,Materials,de120e7c713464614054a090345b4293b7d35926b8b51f459cbf1558f38b4cea
41144,27/07/2017 19:16,Materials,de120e7c713464614054a090345b4293b7d35926b8b51f459cbf1558f38b4cea
41145,27/07/2017 19:16,Lecture & Tutorial,de120e7c713464614054a090345b4293b7d35926b8b51f459cbf1558f38b4cea
41146,27/07/2017 19:16,Materials,de120e7c713464614054a090345b4293b7d35926b8b51f459cbf1558f38b4cea
41147,27/07/2017 19:16,Materials,de120e7c713464614054a090345b4293b7d35926b8b51f459cbf1558f38b4cea
41148,27/07/2017 19:16,Materials,de120e7c713464614054a090345b4293b7d35926b8b51f459cbf1558f38b4cea
41149,27/07/2017 19:15,Materials,de120e7c713464614054a090345b4293b7d35926b8b51f459cbf1558f38b4cea
41150,27/07/2017 19:15,Assessment,058110354031836c459b09cd9daa9606114fb4dc19d05af32b2e06b447243a8e
41151,27/07/2017 19:15,Problem Solving,51c2ed35ee7f07dcb568689f2b0f2c0ac01522ae1ba177cb57668e6143488f12
41152,27/07/2017 19:15,Assessment,058110354031836c459b09cd9daa9606114fb4dc19d05af32b2e06b447243a8e
41153,27/07/2017 19:15,Problem Solving,51c2ed35ee7f07dcb568689f2b0f2c0ac01522ae1ba177cb57668e6143488f12
41154,27/07/2017 19:15,Assessment,058110354031836c459b09cd9daa9606114fb4dc19d05af32b2e06b447243a8e
41155,27/07/2017 19:15,Question & Help,058110354031836c459b09cd9daa9606114fb4dc19d05af32b2e06b447243a8e
41156,27/07/2017 19:15,View Announcements,058110354031836c459b09cd9daa9606114fb4dc19d05af32b2e06b447243a8e
41157,27/07/2017 19:15,Materials,de120e7c713464614054a090345b4293b7d35926b8b51f459cbf1558f38b4cea
41158,27/07/2017 19:15,Assessment,d9f64e0415b7175339f50b0929f4667fbddb8b61cf4aee3c62c0bb407c812435
41159,27/07/2017 19:15,Assessment,d9f64e0415b7175339f50b0929f4667fbddb8b61cf4aee3c62c0bb407c812435
41160,27/07/2017 19:15,Assessment,d9f64e0415b7175339f50b0929f4667fbddb8b61cf4aee3c62c0bb407c812435
41161,27/07/2017 19:15,Materials,de120e7c713464614054a090345b4293b7d35926b8b51f459cbf1558f38b4cea
41162,27/07/2017 19:15,Assessment,d9f64e0415b7175339f50b0929f4667fbddb8b61cf4aee3c62c0bb407c812435
41163,27/07/2017 19:15,View Announcements,d9f64e0415b7175339f50b0929f4667fbddb8b61cf4aee3c62c0bb407c812435
41164,27/07/2017 19:15,Question & Help,d9f64e0415b7175339f50b0929f4667fbddb8b61cf4aee3c62c0bb407c812435
41165,27/07/2017 19:15,Lecture & Tutorial,d9f64e0415b7175339f50b0929f4667fbddb8b61cf4aee3c62c0bb407c812435
41166,27/07/2017 19:15,Lecture & Tutorial,d9f64e0415b7175339f50b0929f4667fbddb8b61cf4aee3c62c0bb407c812435
41167,27/07/2017 19:15,Problem Solving,51c2ed35ee7f07dcb568689f2b0f2c0ac01522ae1ba177cb57668e6143488f12
41168,27/07/2017 19:15,Lecture & Tutorial,d9f64e0415b7175339f50b0929f4667fbddb8b61cf4aee3c62c0bb407c812435
41169,27/07/2017 19:15,Materials,de120e7c713464614054a090345b4293b7d35926b8b51f459cbf1558f38b4cea
41170,27/07/2017 19:15,Lecture & Tutorial,d9f64e0415b7175339f50b0929f4667fbddb8b61cf4aee3c62c0bb407c812435
41171,27/07/2017 19:15,Materials,de120e7c713464614054a090345b4293b7d35926b8b51f459cbf1558f38b4cea
41172,27/07/2017 19:15,Materials,de120e7c713464614054a090345b4293b7d35926b8b51f459cbf1558f38b4cea
41173,27/07/2017 19:14,Materials,de120e7c713464614054a090345b4293b7d35926b8b51f459cbf1558f38b4cea
41174,27/07/2017 19:14,Materials,de120e7c713464614054a090345b4293b7d35926b8b51f459cbf1558f38b4cea
41175,27/07/2017 19:14,Lecture & Tutorial,de120e7c713464614054a090345b4293b7d35926b8b51f459cbf1558f38b4cea
41176,27/07/2017 19:14,Problem Solving,51c2ed35ee7f07dcb568689f2b0f2c0ac01522ae1ba177cb57668e6143488f12
41177,27/07/2017 19:14,Lecture & Tutorial,51c2ed35ee7f07dcb568689f2b0f2c0ac01522ae1ba177cb57668e6143488f12
41178,27/07/2017 19:14,View Announcements,d9f64e0415b7175339f50b0929f4667fbddb8b61cf4aee3c62c0bb407c812435
41179,27/07/2017 19:14,View Announcements,d9f64e0415b7175339f50b0929f4667fbddb8b61cf4aee3c62c0bb407c812435
41180,27/07/2017 19:14,View Announcements,d9f64e0415b7175339f50b0929f4667fbddb8b61cf4aee3c62c0bb407c812435
41181,27/07/2017 19:14,Materials,de120e7c713464614054a090345b4293b7d35926b8b51f459cbf1558f38b4cea
41182,27/07/2017 19:14,Materials,de120e7c713464614054a090345b4293b7d35926b8b51f459cbf1558f38b4cea
41183,27/07/2017 19:13,Assessment,5503ca7298f5f84a8ab9e991fb4c3712b6a23aefc605ca244acb7afbcbf723fc
41184,27/07/2017 19:13,Assessment,5503ca7298f5f84a8ab9e991fb4c3712b6a23aefc605ca244acb7afbcbf723fc
41185,27/07/2017 19:13,Assessment,5503ca7298f5f84a8ab9e991fb4c3712b6a23aefc605ca244acb7afbcbf723fc
41186,27/07/2017 19:13,Assessment,5503ca7298f5f84a8ab9e991fb4c3712b6a23aefc605ca244acb7afbcbf723fc
41187,27/07/2017 19:11,Projects,dcac7bca9deb93353f6f39a1c021f6aa3bc84c16a3a64339b8b3caeaace7da22
41188,27/07/2017 19:11,Projects,dcac7bca9deb93353f6f39a1c021f6aa3bc84c16a3a64339b8b3caeaace7da22
41189,27/07/2017 19:10,Lecture & Tutorial,e1c6bace1f59856beb412fb50df0c061cd8b91d582a5ce0cf1a8d009413bd882
41190,27/07/2017 19:10,Lecture & Tutorial,e1c6bace1f59856beb412fb50df0c061cd8b91d582a5ce0cf1a8d009413bd882
41191,27/07/2017 19:10,Lecture & Tutorial,e1c6bace1f59856beb412fb50df0c061cd8b91d582a5ce0cf1a8d009413bd882
41192,27/07/2017 19:10,Instruction file,e1c6bace1f59856beb412fb50df0c061cd8b91d582a5ce0cf1a8d009413bd882
41193,27/07/2017 19:10,Lecture & Tutorial,e1c6bace1f59856beb412fb50df0c061cd8b91d582a5ce0cf1a8d009413bd882
41194,27/07/2017 19:10,Projects,dcac7bca9deb93353f6f39a1c021f6aa3bc84c16a3a64339b8b3caeaace7da22
41195,27/07/2017 19:10,Lecture & Tutorial,e1c6bace1f59856beb412fb50df0c061cd8b91d582a5ce0cf1a8d009413bd882
41196,27/07/2017 19:10,Projects,dcac7bca9deb93353f6f39a1c021f6aa3bc84c16a3a64339b8b3caeaace7da22
41197,27/07/2017 19:10,Lecture & Tutorial,dcac7bca9deb93353f6f39a1c021f6aa3bc84c16a3a64339b8b3caeaace7da22
41198,27/07/2017 19:10,Problem Solving,73d76c6c9d6f7d72cbabb1430e5e444ceaba1198836151a74b5ee682bef7176d
41199,27/07/2017 19:10,View Announcements,e1c6bace1f59856beb412fb50df0c061cd8b91d582a5ce0cf1a8d009413bd882
41200,27/07/2017 19:10,Projects,b294a9abca55d74ab86239905c059173c2b43765f962deecc59be89f81633969
41201,27/07/2017 19:10,Projects,b294a9abca55d74ab86239905c059173c2b43765f962deecc59be89f81633969
41202,27/07/2017 19:10,Lecture & Tutorial,b294a9abca55d74ab86239905c059173c2b43765f962deecc59be89f81633969
41203,27/07/2017 19:10,View Announcements,e1c6bace1f59856beb412fb50df0c061cd8b91d582a5ce0cf1a8d009413bd882
41204,27/07/2017 19:09,Materials,de120e7c713464614054a090345b4293b7d35926b8b51f459cbf1558f38b4cea
41205,27/07/2017 19:09,View Announcements,dcac7bca9deb93353f6f39a1c021f6aa3bc84c16a3a64339b8b3caeaace7da22
41206,27/07/2017 19:09,View Announcements,dcac7bca9deb93353f6f39a1c021f6aa3bc84c16a3a64339b8b3caeaace7da22
41207,27/07/2017 19:09,Problem Solving,f7e562dd4b0223ef44a3d988427feaf14b4c7d9db9044b16b1cc143c2b2dab4d
41208,27/07/2017 19:09,Problem Solving,f7e562dd4b0223ef44a3d988427feaf14b4c7d9db9044b16b1cc143c2b2dab4d
41209,27/07/2017 19:09,Materials,de120e7c713464614054a090345b4293b7d35926b8b51f459cbf1558f38b4cea
41210,27/07/2017 19:09,Materials,de120e7c713464614054a090345b4293b7d35926b8b51f459cbf1558f38b4cea
41211,27/07/2017 19:09,Materials,de120e7c713464614054a090345b4293b7d35926b8b51f459cbf1558f38b4cea
41212,27/07/2017 19:09,Materials,de120e7c713464614054a090345b4293b7d35926b8b51f459cbf1558f38b4cea
41213,27/07/2017 19:09,Materials,de120e7c713464614054a090345b4293b7d35926b8b51f459cbf1558f38b4cea
41214,27/07/2017 19:09,Materials,de120e7c713464614054a090345b4293b7d35926b8b51f459cbf1558f38b4cea
41215,27/07/2017 19:08,Materials,de120e7c713464614054a090345b4293b7d35926b8b51f459cbf1558f38b4cea
41216,27/07/2017 19:08,Problem Solving,73d76c6c9d6f7d72cbabb1430e5e444ceaba1198836151a74b5ee682bef7176d
41217,27/07/2017 19:08,Lecture & Tutorial,73d76c6c9d6f7d72cbabb1430e5e444ceaba1198836151a74b5ee682bef7176d
41218,27/07/2017 19:08,Materials,de120e7c713464614054a090345b4293b7d35926b8b51f459cbf1558f38b4cea
41219,27/07/2017 19:08,Materials,de120e7c713464614054a090345b4293b7d35926b8b51f459cbf1558f38b4cea
41220,27/07/2017 19:07,Materials,de120e7c713464614054a090345b4293b7d35926b8b51f459cbf1558f38b4cea
41221,27/07/2017 19:07,Materials,de120e7c713464614054a090345b4293b7d35926b8b51f459cbf1558f38b4cea
41222,27/07/2017 19:07,Materials,de120e7c713464614054a090345b4293b7d35926b8b51f459cbf1558f38b4cea
41223,27/07/2017 19:05,Lecture & Tutorial,dac16ea4ca2d4945c54fa23b545df0721cbffd70eaef501ad189cf350fbdd813
41224,27/07/2017 19:05,Projects,dac16ea4ca2d4945c54fa23b545df0721cbffd70eaef501ad189cf350fbdd813
41225,27/07/2017 19:05,View Announcements,de120e7c713464614054a090345b4293b7d35926b8b51f459cbf1558f38b4cea
41226,27/07/2017 19:05,Materials,dac16ea4ca2d4945c54fa23b545df0721cbffd70eaef501ad189cf350fbdd813
41227,27/07/2017 19:05,View Announcements,14dca7a5241f470a95173b60f0669b93d71aecd49c041760814e10499f4ee7aa
41228,27/07/2017 19:05,Problem Solving,dac16ea4ca2d4945c54fa23b545df0721cbffd70eaef501ad189cf350fbdd813
41229,27/07/2017 19:05,Lecture & Tutorial,dac16ea4ca2d4945c54fa23b545df0721cbffd70eaef501ad189cf350fbdd813
41230,27/07/2017 19:04,View Announcements,14dca7a5241f470a95173b60f0669b93d71aecd49c041760814e10499f4ee7aa
41231,27/07/2017 19:04,Lecture & Tutorial,dac16ea4ca2d4945c54fa23b545df0721cbffd70eaef501ad189cf350fbdd813
41232,27/07/2017 19:04,Instruction file,dac16ea4ca2d4945c54fa23b545df0721cbffd70eaef501ad189cf350fbdd813
41233,27/07/2017 19:04,View Announcements,14dca7a5241f470a95173b60f0669b93d71aecd49c041760814e10499f4ee7aa
41234,27/07/2017 19:04,View Announcements,14dca7a5241f470a95173b60f0669b93d71aecd49c041760814e10499f4ee7aa
41235,27/07/2017 19:04,Materials,dac16ea4ca2d4945c54fa23b545df0721cbffd70eaef501ad189cf350fbdd813
41236,27/07/2017 19:02,Assessment,dac16ea4ca2d4945c54fa23b545df0721cbffd70eaef501ad189cf350fbdd813
41237,27/07/2017 19:02,View Announcements,de120e7c713464614054a090345b4293b7d35926b8b51f459cbf1558f38b4cea
41238,27/07/2017 19:01,Problem Solving,f7e562dd4b0223ef44a3d988427feaf14b4c7d9db9044b16b1cc143c2b2dab4d
41239,27/07/2017 19:01,Problem Solving,f7e562dd4b0223ef44a3d988427feaf14b4c7d9db9044b16b1cc143c2b2dab4d
41240,27/07/2017 19:01,Problem Solving,f7e562dd4b0223ef44a3d988427feaf14b4c7d9db9044b16b1cc143c2b2dab4d
41241,27/07/2017 19:01,Lecture & Tutorial,f7e562dd4b0223ef44a3d988427feaf14b4c7d9db9044b16b1cc143c2b2dab4d
41242,27/07/2017 19:01,View Announcements,f7e562dd4b0223ef44a3d988427feaf14b4c7d9db9044b16b1cc143c2b2dab4d
41243,27/07/2017 19:01,View Announcements,dac16ea4ca2d4945c54fa23b545df0721cbffd70eaef501ad189cf350fbdd813
41244,27/07/2017 19:00,Materials,1cd5ae642fde5efa0acd913e7233d30f1ae2b537a951d4fef28d037e15cf41bd
41245,27/07/2017 19:00,Materials,1cd5ae642fde5efa0acd913e7233d30f1ae2b537a951d4fef28d037e15cf41bd
41246,27/07/2017 19:00,Lecture & Tutorial,1cd5ae642fde5efa0acd913e7233d30f1ae2b537a951d4fef28d037e15cf41bd
41247,27/07/2017 19:00,Materials,1cd5ae642fde5efa0acd913e7233d30f1ae2b537a951d4fef28d037e15cf41bd
41248,27/07/2017 19:00,Materials,1cd5ae642fde5efa0acd913e7233d30f1ae2b537a951d4fef28d037e15cf41bd
41249,27/07/2017 19:00,Lecture & Tutorial,f7e562dd4b0223ef44a3d988427feaf14b4c7d9db9044b16b1cc143c2b2dab4d
41250,27/07/2017 19:00,Problem Solving,f7e562dd4b0223ef44a3d988427feaf14b4c7d9db9044b16b1cc143c2b2dab4d
41251,27/07/2017 19:00,Materials,1cd5ae642fde5efa0acd913e7233d30f1ae2b537a951d4fef28d037e15cf41bd
41252,27/07/2017 19:00,Group Pages,1cd5ae642fde5efa0acd913e7233d30f1ae2b537a951d4fef28d037e15cf41bd
41253,27/07/2017 19:00,Group Pages,1cd5ae642fde5efa0acd913e7233d30f1ae2b537a951d4fef28d037e15cf41bd
41254,27/07/2017 19:00,Group Pages,1cd5ae642fde5efa0acd913e7233d30f1ae2b537a951d4fef28d037e15cf41bd
41255,27/07/2017 18:59,Question & Help,1cd5ae642fde5efa0acd913e7233d30f1ae2b537a951d4fef28d037e15cf41bd
41256,27/07/2017 18:59,Question & Help,1cd5ae642fde5efa0acd913e7233d30f1ae2b537a951d4fef28d037e15cf41bd
41257,27/07/2017 18:59,Question & Help,1cd5ae642fde5efa0acd913e7233d30f1ae2b537a951d4fef28d037e15cf41bd
41258,27/07/2017 18:59,Lecture & Tutorial,1cd5ae642fde5efa0acd913e7233d30f1ae2b537a951d4fef28d037e15cf41bd
41259,27/07/2017 18:58,Lecture & Tutorial,1cd5ae642fde5efa0acd913e7233d30f1ae2b537a951d4fef28d037e15cf41bd
41260,27/07/2017 18:57,Materials,de120e7c713464614054a090345b4293b7d35926b8b51f459cbf1558f38b4cea
41261,27/07/2017 18:57,Materials,de120e7c713464614054a090345b4293b7d35926b8b51f459cbf1558f38b4cea
41262,27/07/2017 18:57,Materials,de120e7c713464614054a090345b4293b7d35926b8b51f459cbf1558f38b4cea
41263,27/07/2017 18:57,Materials,de120e7c713464614054a090345b4293b7d35926b8b51f459cbf1558f38b4cea
41264,27/07/2017 18:56,Lecture & Tutorial,1cd5ae642fde5efa0acd913e7233d30f1ae2b537a951d4fef28d037e15cf41bd
41265,27/07/2017 18:56,Lecture & Tutorial,1cd5ae642fde5efa0acd913e7233d30f1ae2b537a951d4fef28d037e15cf41bd
41266,27/07/2017 18:56,Lecture & Tutorial,1cd5ae642fde5efa0acd913e7233d30f1ae2b537a951d4fef28d037e15cf41bd
41267,27/07/2017 18:56,Lecture & Tutorial,1cd5ae642fde5efa0acd913e7233d30f1ae2b537a951d4fef28d037e15cf41bd
41268,27/07/2017 18:56,Lecture & Tutorial,1cd5ae642fde5efa0acd913e7233d30f1ae2b537a951d4fef28d037e15cf41bd
41269,27/07/2017 18:55,Lecture & Tutorial,1cd5ae642fde5efa0acd913e7233d30f1ae2b537a951d4fef28d037e15cf41bd
41270,27/07/2017 18:55,Lecture & Tutorial,1cd5ae642fde5efa0acd913e7233d30f1ae2b537a951d4fef28d037e15cf41bd
41271,27/07/2017 18:55,Lecture & Tutorial,1cd5ae642fde5efa0acd913e7233d30f1ae2b537a951d4fef28d037e15cf41bd
41272,27/07/2017 18:55,Projects,1cd5ae642fde5efa0acd913e7233d30f1ae2b537a951d4fef28d037e15cf41bd
41273,27/07/2017 18:55,Projects,1cd5ae642fde5efa0acd913e7233d30f1ae2b537a951d4fef28d037e15cf41bd
41274,27/07/2017 18:54,Projects,1cd5ae642fde5efa0acd913e7233d30f1ae2b537a951d4fef28d037e15cf41bd
41275,27/07/2017 18:54,Projects,1cd5ae642fde5efa0acd913e7233d30f1ae2b537a951d4fef28d037e15cf41bd
41276,27/07/2017 18:54,Lecture & Tutorial,1cd5ae642fde5efa0acd913e7233d30f1ae2b537a951d4fef28d037e15cf41bd
41277,27/07/2017 18:54,Projects,1cd5ae642fde5efa0acd913e7233d30f1ae2b537a951d4fef28d037e15cf41bd
41278,27/07/2017 18:54,Instruction file,1cd5ae642fde5efa0acd913e7233d30f1ae2b537a951d4fef28d037e15cf41bd
41279,27/07/2017 18:54,Instruction file,1cd5ae642fde5efa0acd913e7233d30f1ae2b537a951d4fef28d037e15cf41bd
41280,27/07/2017 18:54,Problem Solving,1cd5ae642fde5efa0acd913e7233d30f1ae2b537a951d4fef28d037e15cf41bd
41281,27/07/2017 18:54,Lecture & Tutorial,1cd5ae642fde5efa0acd913e7233d30f1ae2b537a951d4fef28d037e15cf41bd
41282,27/07/2017 18:54,Lecture & Tutorial,1cd5ae642fde5efa0acd913e7233d30f1ae2b537a951d4fef28d037e15cf41bd
41283,27/07/2017 18:54,Lecture & Tutorial,1cd5ae642fde5efa0acd913e7233d30f1ae2b537a951d4fef28d037e15cf41bd
41284,27/07/2017 18:54,Lecture & Tutorial,1cd5ae642fde5efa0acd913e7233d30f1ae2b537a951d4fef28d037e15cf41bd
41285,27/07/2017 18:54,View Announcements,1cd5ae642fde5efa0acd913e7233d30f1ae2b537a951d4fef28d037e15cf41bd
41286,27/07/2017 18:53,Projects,1cd5ae642fde5efa0acd913e7233d30f1ae2b537a951d4fef28d037e15cf41bd
41287,27/07/2017 18:53,View Announcements,dcac7bca9deb93353f6f39a1c021f6aa3bc84c16a3a64339b8b3caeaace7da22
41288,27/07/2017 18:53,Lecture & Tutorial,1cd5ae642fde5efa0acd913e7233d30f1ae2b537a951d4fef28d037e15cf41bd
41289,27/07/2017 18:53,View Announcements,1cd5ae642fde5efa0acd913e7233d30f1ae2b537a951d4fef28d037e15cf41bd
41290,27/07/2017 18:52,Lecture & Tutorial,1cd5ae642fde5efa0acd913e7233d30f1ae2b537a951d4fef28d037e15cf41bd
41291,27/07/2017 18:49,Lecture & Tutorial,1cd5ae642fde5efa0acd913e7233d30f1ae2b537a951d4fef28d037e15cf41bd
41292,27/07/2017 18:49,View Announcements,1cd5ae642fde5efa0acd913e7233d30f1ae2b537a951d4fef28d037e15cf41bd
41293,27/07/2017 18:49,Projects,cc19de7908b96e99c521c177bb2d16413d8337902973120f5fe24728a4c563a7
41294,27/07/2017 18:49,Lecture & Tutorial,1cd5ae642fde5efa0acd913e7233d30f1ae2b537a951d4fef28d037e15cf41bd
41295,27/07/2017 18:49,Projects,cc19de7908b96e99c521c177bb2d16413d8337902973120f5fe24728a4c563a7
41296,27/07/2017 18:49,View Announcements,1cd5ae642fde5efa0acd913e7233d30f1ae2b537a951d4fef28d037e15cf41bd
41297,27/07/2017 18:49,Assessment,cc19de7908b96e99c521c177bb2d16413d8337902973120f5fe24728a4c563a7
41298,27/07/2017 18:49,View Announcements,cc19de7908b96e99c521c177bb2d16413d8337902973120f5fe24728a4c563a7
41299,27/07/2017 18:49,Lecture & Tutorial,cc19de7908b96e99c521c177bb2d16413d8337902973120f5fe24728a4c563a7
41300,27/07/2017 18:49,Projects,1cd5ae642fde5efa0acd913e7233d30f1ae2b537a951d4fef28d037e15cf41bd
41301,27/07/2017 18:49,Lecture & Tutorial,1cd5ae642fde5efa0acd913e7233d30f1ae2b537a951d4fef28d037e15cf41bd
41302,27/07/2017 18:49,View Announcements,cc19de7908b96e99c521c177bb2d16413d8337902973120f5fe24728a4c563a7
41303,27/07/2017 18:48,Projects,1cd5ae642fde5efa0acd913e7233d30f1ae2b537a951d4fef28d037e15cf41bd
41304,27/07/2017 18:48,Projects,1cd5ae642fde5efa0acd913e7233d30f1ae2b537a951d4fef28d037e15cf41bd
41305,27/07/2017 18:48,Projects,1cd5ae642fde5efa0acd913e7233d30f1ae2b537a951d4fef28d037e15cf41bd
41306,27/07/2017 18:48,Projects,1cd5ae642fde5efa0acd913e7233d30f1ae2b537a951d4fef28d037e15cf41bd
41307,27/07/2017 18:48,Lecture & Tutorial,1cd5ae642fde5efa0acd913e7233d30f1ae2b537a951d4fef28d037e15cf41bd
41308,27/07/2017 18:48,Projects,1cd5ae642fde5efa0acd913e7233d30f1ae2b537a951d4fef28d037e15cf41bd
41309,27/07/2017 18:48,Lecture & Tutorial,1cd5ae642fde5efa0acd913e7233d30f1ae2b537a951d4fef28d037e15cf41bd
41310,27/07/2017 18:48,View Announcements,1cd5ae642fde5efa0acd913e7233d30f1ae2b537a951d4fef28d037e15cf41bd
41311,27/07/2017 18:48,Lecture & Tutorial,1cd5ae642fde5efa0acd913e7233d30f1ae2b537a951d4fef28d037e15cf41bd
41312,27/07/2017 18:48,Problem Solving,1cd5ae642fde5efa0acd913e7233d30f1ae2b537a951d4fef28d037e15cf41bd
41313,27/07/2017 18:48,Lecture & Tutorial,1cd5ae642fde5efa0acd913e7233d30f1ae2b537a951d4fef28d037e15cf41bd
41314,27/07/2017 18:48,View Announcements,1cd5ae642fde5efa0acd913e7233d30f1ae2b537a951d4fef28d037e15cf41bd
41315,27/07/2017 18:47,Instruction file,1cd5ae642fde5efa0acd913e7233d30f1ae2b537a951d4fef28d037e15cf41bd
41316,27/07/2017 18:47,Instruction file,1cd5ae642fde5efa0acd913e7233d30f1ae2b537a951d4fef28d037e15cf41bd
41317,27/07/2017 18:47,Lecture & Tutorial,1cd5ae642fde5efa0acd913e7233d30f1ae2b537a951d4fef28d037e15cf41bd
41318,27/07/2017 18:47,Materials,cc19de7908b96e99c521c177bb2d16413d8337902973120f5fe24728a4c563a7
41319,27/07/2017 18:47,View Announcements,1cd5ae642fde5efa0acd913e7233d30f1ae2b537a951d4fef28d037e15cf41bd
41320,27/07/2017 18:47,Lecture & Tutorial,1cd5ae642fde5efa0acd913e7233d30f1ae2b537a951d4fef28d037e15cf41bd
41321,27/07/2017 18:47,Materials,1cd5ae642fde5efa0acd913e7233d30f1ae2b537a951d4fef28d037e15cf41bd
41322,27/07/2017 18:47,Materials,1cd5ae642fde5efa0acd913e7233d30f1ae2b537a951d4fef28d037e15cf41bd
41323,27/07/2017 18:47,Materials,1cd5ae642fde5efa0acd913e7233d30f1ae2b537a951d4fef28d037e15cf41bd
41324,27/07/2017 18:47,Lecture & Tutorial,1cd5ae642fde5efa0acd913e7233d30f1ae2b537a951d4fef28d037e15cf41bd
41325,27/07/2017 18:47,View Announcements,1cd5ae642fde5efa0acd913e7233d30f1ae2b537a951d4fef28d037e15cf41bd
41326,27/07/2017 18:46,Problem Solving,1cd5ae642fde5efa0acd913e7233d30f1ae2b537a951d4fef28d037e15cf41bd
41327,27/07/2017 18:46,Materials,de120e7c713464614054a090345b4293b7d35926b8b51f459cbf1558f38b4cea
41328,27/07/2017 18:45,Problem Solving,1cd5ae642fde5efa0acd913e7233d30f1ae2b537a951d4fef28d037e15cf41bd
41329,27/07/2017 18:45,Lecture & Tutorial,1cd5ae642fde5efa0acd913e7233d30f1ae2b537a951d4fef28d037e15cf41bd
41330,27/07/2017 18:45,Lecture & Tutorial,1cd5ae642fde5efa0acd913e7233d30f1ae2b537a951d4fef28d037e15cf41bd
41331,27/07/2017 18:45,Materials,1cd5ae642fde5efa0acd913e7233d30f1ae2b537a951d4fef28d037e15cf41bd
41332,27/07/2017 18:45,Materials,de120e7c713464614054a090345b4293b7d35926b8b51f459cbf1558f38b4cea
41333,27/07/2017 18:44,Lecture & Tutorial,350aaa5ffd76d0805ec258b130e15dcedcbf783a6ca8d5bfc6a2737cfa43e777
41334,27/07/2017 18:44,Lecture & Tutorial,350aaa5ffd76d0805ec258b130e15dcedcbf783a6ca8d5bfc6a2737cfa43e777
41335,27/07/2017 18:44,Lecture & Tutorial,350aaa5ffd76d0805ec258b130e15dcedcbf783a6ca8d5bfc6a2737cfa43e777
41336,27/07/2017 18:44,Lecture & Tutorial,350aaa5ffd76d0805ec258b130e15dcedcbf783a6ca8d5bfc6a2737cfa43e777
41337,27/07/2017 18:43,Problem Solving,b52f9f116cf1ef2605831100f1dfe1942edce69e2cce0ac099a5ce48ed6c1524
41338,27/07/2017 18:43,Lecture & Tutorial,b52f9f116cf1ef2605831100f1dfe1942edce69e2cce0ac099a5ce48ed6c1524
41339,27/07/2017 18:43,Lecture & Tutorial,b52f9f116cf1ef2605831100f1dfe1942edce69e2cce0ac099a5ce48ed6c1524
41340,27/07/2017 18:42,Lecture & Tutorial,b52f9f116cf1ef2605831100f1dfe1942edce69e2cce0ac099a5ce48ed6c1524
41341,27/07/2017 18:42,Lecture & Tutorial,b52f9f116cf1ef2605831100f1dfe1942edce69e2cce0ac099a5ce48ed6c1524
41342,27/07/2017 18:42,Materials,b52f9f116cf1ef2605831100f1dfe1942edce69e2cce0ac099a5ce48ed6c1524
41343,27/07/2017 18:42,Instruction file,b52f9f116cf1ef2605831100f1dfe1942edce69e2cce0ac099a5ce48ed6c1524
41344,27/07/2017 18:42,Instruction file,b52f9f116cf1ef2605831100f1dfe1942edce69e2cce0ac099a5ce48ed6c1524
41345,27/07/2017 18:42,Instruction file,b52f9f116cf1ef2605831100f1dfe1942edce69e2cce0ac099a5ce48ed6c1524
41346,27/07/2017 18:42,Lecture & Tutorial,b52f9f116cf1ef2605831100f1dfe1942edce69e2cce0ac099a5ce48ed6c1524
41347,27/07/2017 18:42,Problem Solving,95aaa6d99465d6ae7a1c608975bb5e3a8cbef8d258a36069f483fc0428d6988a
41348,27/07/2017 18:41,Problem Solving,95aaa6d99465d6ae7a1c608975bb5e3a8cbef8d258a36069f483fc0428d6988a
41349,27/07/2017 18:41,Lecture & Tutorial,95aaa6d99465d6ae7a1c608975bb5e3a8cbef8d258a36069f483fc0428d6988a
41350,27/07/2017 18:41,Instruction file,b52f9f116cf1ef2605831100f1dfe1942edce69e2cce0ac099a5ce48ed6c1524
41351,27/07/2017 18:41,Instruction file,b52f9f116cf1ef2605831100f1dfe1942edce69e2cce0ac099a5ce48ed6c1524
41352,27/07/2017 18:41,Instruction file,b52f9f116cf1ef2605831100f1dfe1942edce69e2cce0ac099a5ce48ed6c1524
41353,27/07/2017 18:40,Instruction file,b52f9f116cf1ef2605831100f1dfe1942edce69e2cce0ac099a5ce48ed6c1524
41354,27/07/2017 18:40,Lecture & Tutorial,b52f9f116cf1ef2605831100f1dfe1942edce69e2cce0ac099a5ce48ed6c1524
41355,27/07/2017 18:40,Instruction file,b52f9f116cf1ef2605831100f1dfe1942edce69e2cce0ac099a5ce48ed6c1524
41356,27/07/2017 18:39,Materials,de120e7c713464614054a090345b4293b7d35926b8b51f459cbf1558f38b4cea
41357,27/07/2017 18:39,Lecture & Tutorial,de120e7c713464614054a090345b4293b7d35926b8b51f459cbf1558f38b4cea
41358,27/07/2017 18:39,Lecture & Tutorial,de120e7c713464614054a090345b4293b7d35926b8b51f459cbf1558f38b4cea
41359,27/07/2017 18:39,Materials,de120e7c713464614054a090345b4293b7d35926b8b51f459cbf1558f38b4cea
41360,27/07/2017 18:39,Materials,de120e7c713464614054a090345b4293b7d35926b8b51f459cbf1558f38b4cea
41361,27/07/2017 18:39,Lecture & Tutorial,de120e7c713464614054a090345b4293b7d35926b8b51f459cbf1558f38b4cea
41362,27/07/2017 18:39,Lecture & Tutorial,de120e7c713464614054a090345b4293b7d35926b8b51f459cbf1558f38b4cea
41363,27/07/2017 18:39,Materials,de120e7c713464614054a090345b4293b7d35926b8b51f459cbf1558f38b4cea
41364,27/07/2017 18:34,View Announcements,20e3d6b7706d59792dada222d11ba4794b37aaccea4c3b59d2ae64a27be8003c
41365,27/07/2017 18:34,View Announcements,20e3d6b7706d59792dada222d11ba4794b37aaccea4c3b59d2ae64a27be8003c
41366,27/07/2017 18:32,Question & Help,de120e7c713464614054a090345b4293b7d35926b8b51f459cbf1558f38b4cea
41367,27/07/2017 18:32,Materials,de120e7c713464614054a090345b4293b7d35926b8b51f459cbf1558f38b4cea
41368,27/07/2017 18:32,Lecture & Tutorial,de120e7c713464614054a090345b4293b7d35926b8b51f459cbf1558f38b4cea
41369,27/07/2017 18:31,Projects,164eb2ea7521de6dcda417c9d3f5eb0a50ab91ad11600d8be579ee364bf5a324
41370,27/07/2017 18:31,Projects,164eb2ea7521de6dcda417c9d3f5eb0a50ab91ad11600d8be579ee364bf5a324
41371,27/07/2017 18:31,Projects,54b3b6714dedec12be22a2e208bb909c195ab4a103ce7da7c2a13b9a927217fd
41372,27/07/2017 18:31,Projects,54b3b6714dedec12be22a2e208bb909c195ab4a103ce7da7c2a13b9a927217fd
41373,27/07/2017 18:31,Projects,54b3b6714dedec12be22a2e208bb909c195ab4a103ce7da7c2a13b9a927217fd
41374,27/07/2017 18:31,Projects,164eb2ea7521de6dcda417c9d3f5eb0a50ab91ad11600d8be579ee364bf5a324
41375,27/07/2017 18:31,Projects,164eb2ea7521de6dcda417c9d3f5eb0a50ab91ad11600d8be579ee364bf5a324
41376,27/07/2017 18:31,Lecture & Tutorial,164eb2ea7521de6dcda417c9d3f5eb0a50ab91ad11600d8be579ee364bf5a324
41377,27/07/2017 18:31,Projects,54b3b6714dedec12be22a2e208bb909c195ab4a103ce7da7c2a13b9a927217fd
41378,27/07/2017 18:31,Projects,54b3b6714dedec12be22a2e208bb909c195ab4a103ce7da7c2a13b9a927217fd
41379,27/07/2017 18:30,Projects,54b3b6714dedec12be22a2e208bb909c195ab4a103ce7da7c2a13b9a927217fd
41380,27/07/2017 18:30,Projects,54b3b6714dedec12be22a2e208bb909c195ab4a103ce7da7c2a13b9a927217fd
41381,27/07/2017 18:30,Lecture & Tutorial,54b3b6714dedec12be22a2e208bb909c195ab4a103ce7da7c2a13b9a927217fd
41382,27/07/2017 18:28,Projects,54b3b6714dedec12be22a2e208bb909c195ab4a103ce7da7c2a13b9a927217fd
41383,27/07/2017 18:28,Projects,54b3b6714dedec12be22a2e208bb909c195ab4a103ce7da7c2a13b9a927217fd
41384,27/07/2017 18:28,Lecture & Tutorial,54b3b6714dedec12be22a2e208bb909c195ab4a103ce7da7c2a13b9a927217fd
41385,27/07/2017 18:28,Problem Solving,54b3b6714dedec12be22a2e208bb909c195ab4a103ce7da7c2a13b9a927217fd
41386,27/07/2017 18:28,Lecture & Tutorial,54b3b6714dedec12be22a2e208bb909c195ab4a103ce7da7c2a13b9a927217fd
41387,27/07/2017 18:28,Projects,54b3b6714dedec12be22a2e208bb909c195ab4a103ce7da7c2a13b9a927217fd
41388,27/07/2017 18:28,Projects,54b3b6714dedec12be22a2e208bb909c195ab4a103ce7da7c2a13b9a927217fd
41389,27/07/2017 18:28,Projects,54b3b6714dedec12be22a2e208bb909c195ab4a103ce7da7c2a13b9a927217fd
41390,27/07/2017 18:28,Lecture & Tutorial,54b3b6714dedec12be22a2e208bb909c195ab4a103ce7da7c2a13b9a927217fd
41391,27/07/2017 18:28,Problem Solving,54b3b6714dedec12be22a2e208bb909c195ab4a103ce7da7c2a13b9a927217fd
41392,27/07/2017 18:28,Lecture & Tutorial,54b3b6714dedec12be22a2e208bb909c195ab4a103ce7da7c2a13b9a927217fd
41393,27/07/2017 18:28,Projects,54b3b6714dedec12be22a2e208bb909c195ab4a103ce7da7c2a13b9a927217fd
41394,27/07/2017 18:25,Projects,54b3b6714dedec12be22a2e208bb909c195ab4a103ce7da7c2a13b9a927217fd
41395,27/07/2017 18:25,Projects,54b3b6714dedec12be22a2e208bb909c195ab4a103ce7da7c2a13b9a927217fd
41396,27/07/2017 18:23,Projects,54b3b6714dedec12be22a2e208bb909c195ab4a103ce7da7c2a13b9a927217fd
41397,27/07/2017 18:23,Projects,54b3b6714dedec12be22a2e208bb909c195ab4a103ce7da7c2a13b9a927217fd
41398,27/07/2017 18:23,Projects,54b3b6714dedec12be22a2e208bb909c195ab4a103ce7da7c2a13b9a927217fd
41399,27/07/2017 18:23,Projects,54b3b6714dedec12be22a2e208bb909c195ab4a103ce7da7c2a13b9a927217fd
41400,27/07/2017 18:23,Projects,54b3b6714dedec12be22a2e208bb909c195ab4a103ce7da7c2a13b9a927217fd
41401,27/07/2017 18:23,Projects,54b3b6714dedec12be22a2e208bb909c195ab4a103ce7da7c2a13b9a927217fd
41402,27/07/2017 18:23,Lecture & Tutorial,54b3b6714dedec12be22a2e208bb909c195ab4a103ce7da7c2a13b9a927217fd
41403,27/07/2017 18:23,View Announcements,11d30b7db4da0f1d3cf3578f6c2afeac05a817500a3d404a0464813932813d6d
41404,27/07/2017 18:22,Problem Solving,725ce235a55b376514ee25e3b7a58febd1e3c2faf47a155be5f019b8526f8bf3
41405,27/07/2017 18:22,Projects,5118c010686e973890d5180d820bcc79f77eb5a7fb1cb79dbdb97d7101f99691
41406,27/07/2017 18:22,Projects,5118c010686e973890d5180d820bcc79f77eb5a7fb1cb79dbdb97d7101f99691
41407,27/07/2017 18:22,Problem Solving,725ce235a55b376514ee25e3b7a58febd1e3c2faf47a155be5f019b8526f8bf3
41408,27/07/2017 18:22,Problem Solving,725ce235a55b376514ee25e3b7a58febd1e3c2faf47a155be5f019b8526f8bf3
41409,27/07/2017 18:22,Problem Solving,de120e7c713464614054a090345b4293b7d35926b8b51f459cbf1558f38b4cea
41410,27/07/2017 18:22,Problem Solving,de120e7c713464614054a090345b4293b7d35926b8b51f459cbf1558f38b4cea
41411,27/07/2017 18:21,Problem Solving,725ce235a55b376514ee25e3b7a58febd1e3c2faf47a155be5f019b8526f8bf3
41412,27/07/2017 18:21,Problem Solving,725ce235a55b376514ee25e3b7a58febd1e3c2faf47a155be5f019b8526f8bf3
41413,27/07/2017 18:21,Problem Solving,de120e7c713464614054a090345b4293b7d35926b8b51f459cbf1558f38b4cea
41414,27/07/2017 18:21,Problem Solving,725ce235a55b376514ee25e3b7a58febd1e3c2faf47a155be5f019b8526f8bf3
41415,27/07/2017 18:21,Problem Solving,725ce235a55b376514ee25e3b7a58febd1e3c2faf47a155be5f019b8526f8bf3
41416,27/07/2017 18:21,Problem Solving,de120e7c713464614054a090345b4293b7d35926b8b51f459cbf1558f38b4cea
41417,27/07/2017 18:21,Problem Solving,de120e7c713464614054a090345b4293b7d35926b8b51f459cbf1558f38b4cea
41418,27/07/2017 18:21,Problem Solving,de120e7c713464614054a090345b4293b7d35926b8b51f459cbf1558f38b4cea
41419,27/07/2017 18:21,Problem Solving,de120e7c713464614054a090345b4293b7d35926b8b51f459cbf1558f38b4cea
41420,27/07/2017 18:21,Problem Solving,725ce235a55b376514ee25e3b7a58febd1e3c2faf47a155be5f019b8526f8bf3
41421,27/07/2017 18:21,Problem Solving,725ce235a55b376514ee25e3b7a58febd1e3c2faf47a155be5f019b8526f8bf3
41422,27/07/2017 18:21,Problem Solving,de120e7c713464614054a090345b4293b7d35926b8b51f459cbf1558f38b4cea
41423,27/07/2017 18:21,Problem Solving,de120e7c713464614054a090345b4293b7d35926b8b51f459cbf1558f38b4cea
41424,27/07/2017 18:21,Problem Solving,725ce235a55b376514ee25e3b7a58febd1e3c2faf47a155be5f019b8526f8bf3
41425,27/07/2017 18:21,Problem Solving,725ce235a55b376514ee25e3b7a58febd1e3c2faf47a155be5f019b8526f8bf3
41426,27/07/2017 18:21,Problem Solving,725ce235a55b376514ee25e3b7a58febd1e3c2faf47a155be5f019b8526f8bf3
41427,27/07/2017 18:21,Problem Solving,725ce235a55b376514ee25e3b7a58febd1e3c2faf47a155be5f019b8526f8bf3
41428,27/07/2017 18:20,Problem Solving,725ce235a55b376514ee25e3b7a58febd1e3c2faf47a155be5f019b8526f8bf3
41429,27/07/2017 18:20,Problem Solving,725ce235a55b376514ee25e3b7a58febd1e3c2faf47a155be5f019b8526f8bf3
41430,27/07/2017 18:20,Problem Solving,725ce235a55b376514ee25e3b7a58febd1e3c2faf47a155be5f019b8526f8bf3
41431,27/07/2017 18:20,Problem Solving,725ce235a55b376514ee25e3b7a58febd1e3c2faf47a155be5f019b8526f8bf3
41432,27/07/2017 18:20,Problem Solving,725ce235a55b376514ee25e3b7a58febd1e3c2faf47a155be5f019b8526f8bf3
41433,27/07/2017 18:20,Problem Solving,725ce235a55b376514ee25e3b7a58febd1e3c2faf47a155be5f019b8526f8bf3
41434,27/07/2017 18:20,Problem Solving,de120e7c713464614054a090345b4293b7d35926b8b51f459cbf1558f38b4cea
41435,27/07/2017 18:20,Problem Solving,de120e7c713464614054a090345b4293b7d35926b8b51f459cbf1558f38b4cea
41436,27/07/2017 18:20,Problem Solving,725ce235a55b376514ee25e3b7a58febd1e3c2faf47a155be5f019b8526f8bf3
41437,27/07/2017 18:20,Problem Solving,725ce235a55b376514ee25e3b7a58febd1e3c2faf47a155be5f019b8526f8bf3
41438,27/07/2017 18:20,Problem Solving,de120e7c713464614054a090345b4293b7d35926b8b51f459cbf1558f38b4cea
41439,27/07/2017 18:20,Problem Solving,de120e7c713464614054a090345b4293b7d35926b8b51f459cbf1558f38b4cea
41440,27/07/2017 18:20,Problem Solving,de120e7c713464614054a090345b4293b7d35926b8b51f459cbf1558f38b4cea
41441,27/07/2017 18:20,Problem Solving,de120e7c713464614054a090345b4293b7d35926b8b51f459cbf1558f38b4cea
41442,27/07/2017 18:19,Problem Solving,de120e7c713464614054a090345b4293b7d35926b8b51f459cbf1558f38b4cea
41443,27/07/2017 18:19,Problem Solving,de120e7c713464614054a090345b4293b7d35926b8b51f459cbf1558f38b4cea
41444,27/07/2017 18:19,Problem Solving,de120e7c713464614054a090345b4293b7d35926b8b51f459cbf1558f38b4cea
41445,27/07/2017 18:19,Problem Solving,de120e7c713464614054a090345b4293b7d35926b8b51f459cbf1558f38b4cea
41446,27/07/2017 18:19,Problem Solving,725ce235a55b376514ee25e3b7a58febd1e3c2faf47a155be5f019b8526f8bf3
41447,27/07/2017 18:19,Problem Solving,725ce235a55b376514ee25e3b7a58febd1e3c2faf47a155be5f019b8526f8bf3
41448,27/07/2017 18:19,Problem Solving,de120e7c713464614054a090345b4293b7d35926b8b51f459cbf1558f38b4cea
41449,27/07/2017 18:19,Problem Solving,de120e7c713464614054a090345b4293b7d35926b8b51f459cbf1558f38b4cea
41450,27/07/2017 18:19,Problem Solving,725ce235a55b376514ee25e3b7a58febd1e3c2faf47a155be5f019b8526f8bf3
41451,27/07/2017 18:19,Problem Solving,725ce235a55b376514ee25e3b7a58febd1e3c2faf47a155be5f019b8526f8bf3
41452,27/07/2017 18:19,Problem Solving,de120e7c713464614054a090345b4293b7d35926b8b51f459cbf1558f38b4cea
41453,27/07/2017 18:19,Problem Solving,de120e7c713464614054a090345b4293b7d35926b8b51f459cbf1558f38b4cea
41454,27/07/2017 18:19,Problem Solving,725ce235a55b376514ee25e3b7a58febd1e3c2faf47a155be5f019b8526f8bf3
41455,27/07/2017 18:19,Problem Solving,725ce235a55b376514ee25e3b7a58febd1e3c2faf47a155be5f019b8526f8bf3
41456,27/07/2017 18:19,Problem Solving,de120e7c713464614054a090345b4293b7d35926b8b51f459cbf1558f38b4cea
41457,27/07/2017 18:19,Problem Solving,de120e7c713464614054a090345b4293b7d35926b8b51f459cbf1558f38b4cea
41458,27/07/2017 18:19,Problem Solving,725ce235a55b376514ee25e3b7a58febd1e3c2faf47a155be5f019b8526f8bf3
41459,27/07/2017 18:19,Problem Solving,725ce235a55b376514ee25e3b7a58febd1e3c2faf47a155be5f019b8526f8bf3
41460,27/07/2017 18:19,Problem Solving,de120e7c713464614054a090345b4293b7d35926b8b51f459cbf1558f38b4cea
41461,27/07/2017 18:19,Problem Solving,de120e7c713464614054a090345b4293b7d35926b8b51f459cbf1558f38b4cea
41462,27/07/2017 18:19,Projects,5118c010686e973890d5180d820bcc79f77eb5a7fb1cb79dbdb97d7101f99691
41463,27/07/2017 18:18,Problem Solving,725ce235a55b376514ee25e3b7a58febd1e3c2faf47a155be5f019b8526f8bf3
41464,27/07/2017 18:18,Projects,5118c010686e973890d5180d820bcc79f77eb5a7fb1cb79dbdb97d7101f99691
41465,27/07/2017 18:18,Problem Solving,725ce235a55b376514ee25e3b7a58febd1e3c2faf47a155be5f019b8526f8bf3
41466,27/07/2017 18:18,Lecture & Tutorial,5118c010686e973890d5180d820bcc79f77eb5a7fb1cb79dbdb97d7101f99691
41467,27/07/2017 18:18,Problem Solving,de120e7c713464614054a090345b4293b7d35926b8b51f459cbf1558f38b4cea
41468,27/07/2017 18:18,Problem Solving,de120e7c713464614054a090345b4293b7d35926b8b51f459cbf1558f38b4cea
41469,27/07/2017 18:18,Problem Solving,725ce235a55b376514ee25e3b7a58febd1e3c2faf47a155be5f019b8526f8bf3
41470,27/07/2017 18:18,Problem Solving,725ce235a55b376514ee25e3b7a58febd1e3c2faf47a155be5f019b8526f8bf3
41471,27/07/2017 18:18,Problem Solving,725ce235a55b376514ee25e3b7a58febd1e3c2faf47a155be5f019b8526f8bf3
41472,27/07/2017 18:18,Problem Solving,725ce235a55b376514ee25e3b7a58febd1e3c2faf47a155be5f019b8526f8bf3
41473,27/07/2017 18:18,Problem Solving,de120e7c713464614054a090345b4293b7d35926b8b51f459cbf1558f38b4cea
41474,27/07/2017 18:18,Problem Solving,725ce235a55b376514ee25e3b7a58febd1e3c2faf47a155be5f019b8526f8bf3
41475,27/07/2017 18:18,Problem Solving,725ce235a55b376514ee25e3b7a58febd1e3c2faf47a155be5f019b8526f8bf3
41476,27/07/2017 18:18,Problem Solving,de120e7c713464614054a090345b4293b7d35926b8b51f459cbf1558f38b4cea
41477,27/07/2017 18:18,Problem Solving,de120e7c713464614054a090345b4293b7d35926b8b51f459cbf1558f38b4cea
41478,27/07/2017 18:18,Problem Solving,de120e7c713464614054a090345b4293b7d35926b8b51f459cbf1558f38b4cea
41479,27/07/2017 18:18,Problem Solving,de120e7c713464614054a090345b4293b7d35926b8b51f459cbf1558f38b4cea
41480,27/07/2017 18:17,Problem Solving,725ce235a55b376514ee25e3b7a58febd1e3c2faf47a155be5f019b8526f8bf3
41481,27/07/2017 18:17,Problem Solving,725ce235a55b376514ee25e3b7a58febd1e3c2faf47a155be5f019b8526f8bf3
41482,27/07/2017 18:17,View Announcements,5430431444134cf9c56185321f7b772eac848e2327b3ce34fcb8df1f9a7f9c0d
41483,27/07/2017 18:16,Problem Solving,725ce235a55b376514ee25e3b7a58febd1e3c2faf47a155be5f019b8526f8bf3
41484,27/07/2017 18:16,Problem Solving,725ce235a55b376514ee25e3b7a58febd1e3c2faf47a155be5f019b8526f8bf3
41485,27/07/2017 18:16,Problem Solving,725ce235a55b376514ee25e3b7a58febd1e3c2faf47a155be5f019b8526f8bf3
41486,27/07/2017 18:16,Problem Solving,725ce235a55b376514ee25e3b7a58febd1e3c2faf47a155be5f019b8526f8bf3
41487,27/07/2017 18:16,Problem Solving,725ce235a55b376514ee25e3b7a58febd1e3c2faf47a155be5f019b8526f8bf3
41488,27/07/2017 18:16,Problem Solving,725ce235a55b376514ee25e3b7a58febd1e3c2faf47a155be5f019b8526f8bf3
41489,27/07/2017 18:16,Problem Solving,de120e7c713464614054a090345b4293b7d35926b8b51f459cbf1558f38b4cea
41490,27/07/2017 18:16,Problem Solving,de120e7c713464614054a090345b4293b7d35926b8b51f459cbf1558f38b4cea
41491,27/07/2017 18:16,Problem Solving,de120e7c713464614054a090345b4293b7d35926b8b51f459cbf1558f38b4cea
41492,27/07/2017 18:16,Problem Solving,de120e7c713464614054a090345b4293b7d35926b8b51f459cbf1558f38b4cea
41493,27/07/2017 18:16,Problem Solving,725ce235a55b376514ee25e3b7a58febd1e3c2faf47a155be5f019b8526f8bf3
41494,27/07/2017 18:16,Problem Solving,725ce235a55b376514ee25e3b7a58febd1e3c2faf47a155be5f019b8526f8bf3
41495,27/07/2017 18:16,Problem Solving,de120e7c713464614054a090345b4293b7d35926b8b51f459cbf1558f38b4cea
41496,27/07/2017 18:16,Problem Solving,de120e7c713464614054a090345b4293b7d35926b8b51f459cbf1558f38b4cea
41497,27/07/2017 18:16,Problem Solving,725ce235a55b376514ee25e3b7a58febd1e3c2faf47a155be5f019b8526f8bf3
41498,27/07/2017 18:16,Problem Solving,725ce235a55b376514ee25e3b7a58febd1e3c2faf47a155be5f019b8526f8bf3
41499,27/07/2017 18:16,Problem Solving,de120e7c713464614054a090345b4293b7d35926b8b51f459cbf1558f38b4cea
41500,27/07/2017 18:16,Problem Solving,de120e7c713464614054a090345b4293b7d35926b8b51f459cbf1558f38b4cea
41501,27/07/2017 18:15,Problem Solving,725ce235a55b376514ee25e3b7a58febd1e3c2faf47a155be5f019b8526f8bf3
41502,27/07/2017 18:15,Problem Solving,725ce235a55b376514ee25e3b7a58febd1e3c2faf47a155be5f019b8526f8bf3
41503,27/07/2017 18:15,Problem Solving,de120e7c713464614054a090345b4293b7d35926b8b51f459cbf1558f38b4cea
41504,27/07/2017 18:15,Problem Solving,de120e7c713464614054a090345b4293b7d35926b8b51f459cbf1558f38b4cea
41505,27/07/2017 18:15,Problem Solving,725ce235a55b376514ee25e3b7a58febd1e3c2faf47a155be5f019b8526f8bf3
41506,27/07/2017 18:15,Problem Solving,725ce235a55b376514ee25e3b7a58febd1e3c2faf47a155be5f019b8526f8bf3
41507,27/07/2017 18:15,Problem Solving,de120e7c713464614054a090345b4293b7d35926b8b51f459cbf1558f38b4cea
41508,27/07/2017 18:15,Problem Solving,de120e7c713464614054a090345b4293b7d35926b8b51f459cbf1558f38b4cea
41509,27/07/2017 18:15,Problem Solving,de120e7c713464614054a090345b4293b7d35926b8b51f459cbf1558f38b4cea
41510,27/07/2017 18:15,Problem Solving,de120e7c713464614054a090345b4293b7d35926b8b51f459cbf1558f38b4cea
41511,27/07/2017 18:15,Problem Solving,de120e7c713464614054a090345b4293b7d35926b8b51f459cbf1558f38b4cea
41512,27/07/2017 18:15,Problem Solving,de120e7c713464614054a090345b4293b7d35926b8b51f459cbf1558f38b4cea
41513,27/07/2017 18:15,Problem Solving,de120e7c713464614054a090345b4293b7d35926b8b51f459cbf1558f38b4cea
41514,27/07/2017 18:15,Problem Solving,de120e7c713464614054a090345b4293b7d35926b8b51f459cbf1558f38b4cea
41515,27/07/2017 18:15,Problem Solving,de120e7c713464614054a090345b4293b7d35926b8b51f459cbf1558f38b4cea
41516,27/07/2017 18:15,Problem Solving,de120e7c713464614054a090345b4293b7d35926b8b51f459cbf1558f38b4cea
41517,27/07/2017 18:14,Problem Solving,de120e7c713464614054a090345b4293b7d35926b8b51f459cbf1558f38b4cea
41518,27/07/2017 18:14,Problem Solving,de120e7c713464614054a090345b4293b7d35926b8b51f459cbf1558f38b4cea
41519,27/07/2017 18:14,Problem Solving,de120e7c713464614054a090345b4293b7d35926b8b51f459cbf1558f38b4cea
41520,27/07/2017 18:14,Problem Solving,de120e7c713464614054a090345b4293b7d35926b8b51f459cbf1558f38b4cea
41521,27/07/2017 18:14,Problem Solving,de120e7c713464614054a090345b4293b7d35926b8b51f459cbf1558f38b4cea
41522,27/07/2017 18:14,Problem Solving,de120e7c713464614054a090345b4293b7d35926b8b51f459cbf1558f38b4cea
41523,27/07/2017 18:14,Problem Solving,de120e7c713464614054a090345b4293b7d35926b8b51f459cbf1558f38b4cea
41524,27/07/2017 18:14,Problem Solving,de120e7c713464614054a090345b4293b7d35926b8b51f459cbf1558f38b4cea
41525,27/07/2017 18:14,Problem Solving,de120e7c713464614054a090345b4293b7d35926b8b51f459cbf1558f38b4cea
41526,27/07/2017 18:14,Problem Solving,de120e7c713464614054a090345b4293b7d35926b8b51f459cbf1558f38b4cea
41527,27/07/2017 18:14,Problem Solving,de120e7c713464614054a090345b4293b7d35926b8b51f459cbf1558f38b4cea
41528,27/07/2017 18:14,Problem Solving,de120e7c713464614054a090345b4293b7d35926b8b51f459cbf1558f38b4cea
41529,27/07/2017 18:14,Problem Solving,de120e7c713464614054a090345b4293b7d35926b8b51f459cbf1558f38b4cea
41530,27/07/2017 18:14,Problem Solving,de120e7c713464614054a090345b4293b7d35926b8b51f459cbf1558f38b4cea
41531,27/07/2017 18:13,Problem Solving,725ce235a55b376514ee25e3b7a58febd1e3c2faf47a155be5f019b8526f8bf3
41532,27/07/2017 18:13,Problem Solving,725ce235a55b376514ee25e3b7a58febd1e3c2faf47a155be5f019b8526f8bf3
41533,27/07/2017 18:13,Problem Solving,de120e7c713464614054a090345b4293b7d35926b8b51f459cbf1558f38b4cea
41534,27/07/2017 18:13,Problem Solving,de120e7c713464614054a090345b4293b7d35926b8b51f459cbf1558f38b4cea
41535,27/07/2017 18:13,Problem Solving,725ce235a55b376514ee25e3b7a58febd1e3c2faf47a155be5f019b8526f8bf3
41536,27/07/2017 18:13,Problem Solving,725ce235a55b376514ee25e3b7a58febd1e3c2faf47a155be5f019b8526f8bf3
41537,27/07/2017 18:13,Problem Solving,de120e7c713464614054a090345b4293b7d35926b8b51f459cbf1558f38b4cea
41538,27/07/2017 18:13,Problem Solving,725ce235a55b376514ee25e3b7a58febd1e3c2faf47a155be5f019b8526f8bf3
41539,27/07/2017 18:13,Problem Solving,725ce235a55b376514ee25e3b7a58febd1e3c2faf47a155be5f019b8526f8bf3
41540,27/07/2017 18:13,Problem Solving,de120e7c713464614054a090345b4293b7d35926b8b51f459cbf1558f38b4cea
41541,27/07/2017 18:13,Problem Solving,de120e7c713464614054a090345b4293b7d35926b8b51f459cbf1558f38b4cea
41542,27/07/2017 18:13,Problem Solving,de120e7c713464614054a090345b4293b7d35926b8b51f459cbf1558f38b4cea
41543,27/07/2017 18:13,Problem Solving,725ce235a55b376514ee25e3b7a58febd1e3c2faf47a155be5f019b8526f8bf3
41544,27/07/2017 18:13,Problem Solving,de120e7c713464614054a090345b4293b7d35926b8b51f459cbf1558f38b4cea
41545,27/07/2017 18:13,Problem Solving,725ce235a55b376514ee25e3b7a58febd1e3c2faf47a155be5f019b8526f8bf3
41546,27/07/2017 18:13,Problem Solving,de120e7c713464614054a090345b4293b7d35926b8b51f459cbf1558f38b4cea
41547,27/07/2017 18:13,Problem Solving,725ce235a55b376514ee25e3b7a58febd1e3c2faf47a155be5f019b8526f8bf3
41548,27/07/2017 18:13,Problem Solving,725ce235a55b376514ee25e3b7a58febd1e3c2faf47a155be5f019b8526f8bf3
41549,27/07/2017 18:13,Problem Solving,de120e7c713464614054a090345b4293b7d35926b8b51f459cbf1558f38b4cea
41550,27/07/2017 18:13,Problem Solving,de120e7c713464614054a090345b4293b7d35926b8b51f459cbf1558f38b4cea
41551,27/07/2017 18:12,Problem Solving,725ce235a55b376514ee25e3b7a58febd1e3c2faf47a155be5f019b8526f8bf3
41552,27/07/2017 18:12,Problem Solving,725ce235a55b376514ee25e3b7a58febd1e3c2faf47a155be5f019b8526f8bf3
41553,27/07/2017 18:12,Problem Solving,725ce235a55b376514ee25e3b7a58febd1e3c2faf47a155be5f019b8526f8bf3
41554,27/07/2017 18:12,Problem Solving,725ce235a55b376514ee25e3b7a58febd1e3c2faf47a155be5f019b8526f8bf3
41555,27/07/2017 18:12,Problem Solving,725ce235a55b376514ee25e3b7a58febd1e3c2faf47a155be5f019b8526f8bf3
41556,27/07/2017 18:12,Problem Solving,de120e7c713464614054a090345b4293b7d35926b8b51f459cbf1558f38b4cea
41557,27/07/2017 18:12,Problem Solving,725ce235a55b376514ee25e3b7a58febd1e3c2faf47a155be5f019b8526f8bf3
41558,27/07/2017 18:12,Problem Solving,de120e7c713464614054a090345b4293b7d35926b8b51f459cbf1558f38b4cea
41559,27/07/2017 18:12,Problem Solving,725ce235a55b376514ee25e3b7a58febd1e3c2faf47a155be5f019b8526f8bf3
41560,27/07/2017 18:12,Problem Solving,725ce235a55b376514ee25e3b7a58febd1e3c2faf47a155be5f019b8526f8bf3
41561,27/07/2017 18:12,Problem Solving,725ce235a55b376514ee25e3b7a58febd1e3c2faf47a155be5f019b8526f8bf3
41562,27/07/2017 18:12,Problem Solving,725ce235a55b376514ee25e3b7a58febd1e3c2faf47a155be5f019b8526f8bf3
41563,27/07/2017 18:12,Problem Solving,725ce235a55b376514ee25e3b7a58febd1e3c2faf47a155be5f019b8526f8bf3
41564,27/07/2017 18:12,Problem Solving,725ce235a55b376514ee25e3b7a58febd1e3c2faf47a155be5f019b8526f8bf3
41565,27/07/2017 18:11,Problem Solving,725ce235a55b376514ee25e3b7a58febd1e3c2faf47a155be5f019b8526f8bf3
41566,27/07/2017 18:11,Problem Solving,725ce235a55b376514ee25e3b7a58febd1e3c2faf47a155be5f019b8526f8bf3
41567,27/07/2017 18:11,Problem Solving,de120e7c713464614054a090345b4293b7d35926b8b51f459cbf1558f38b4cea
41568,27/07/2017 18:11,Problem Solving,de120e7c713464614054a090345b4293b7d35926b8b51f459cbf1558f38b4cea
41569,27/07/2017 18:11,Problem Solving,725ce235a55b376514ee25e3b7a58febd1e3c2faf47a155be5f019b8526f8bf3
41570,27/07/2017 18:11,Problem Solving,725ce235a55b376514ee25e3b7a58febd1e3c2faf47a155be5f019b8526f8bf3
41571,27/07/2017 18:11,Problem Solving,de120e7c713464614054a090345b4293b7d35926b8b51f459cbf1558f38b4cea
41572,27/07/2017 18:11,Problem Solving,de120e7c713464614054a090345b4293b7d35926b8b51f459cbf1558f38b4cea
41573,27/07/2017 18:11,Problem Solving,725ce235a55b376514ee25e3b7a58febd1e3c2faf47a155be5f019b8526f8bf3
41574,27/07/2017 18:11,Problem Solving,725ce235a55b376514ee25e3b7a58febd1e3c2faf47a155be5f019b8526f8bf3
41575,27/07/2017 18:11,Problem Solving,725ce235a55b376514ee25e3b7a58febd1e3c2faf47a155be5f019b8526f8bf3
41576,27/07/2017 18:11,Problem Solving,725ce235a55b376514ee25e3b7a58febd1e3c2faf47a155be5f019b8526f8bf3
41577,27/07/2017 18:11,Problem Solving,725ce235a55b376514ee25e3b7a58febd1e3c2faf47a155be5f019b8526f8bf3
41578,27/07/2017 18:11,Problem Solving,725ce235a55b376514ee25e3b7a58febd1e3c2faf47a155be5f019b8526f8bf3
41579,27/07/2017 18:11,Problem Solving,de120e7c713464614054a090345b4293b7d35926b8b51f459cbf1558f38b4cea
41580,27/07/2017 18:11,Problem Solving,de120e7c713464614054a090345b4293b7d35926b8b51f459cbf1558f38b4cea
41581,27/07/2017 18:10,Problem Solving,725ce235a55b376514ee25e3b7a58febd1e3c2faf47a155be5f019b8526f8bf3
41582,27/07/2017 18:10,Problem Solving,725ce235a55b376514ee25e3b7a58febd1e3c2faf47a155be5f019b8526f8bf3
41583,27/07/2017 18:10,Problem Solving,de120e7c713464614054a090345b4293b7d35926b8b51f459cbf1558f38b4cea
41584,27/07/2017 18:10,Problem Solving,de120e7c713464614054a090345b4293b7d35926b8b51f459cbf1558f38b4cea
41585,27/07/2017 18:10,Problem Solving,de120e7c713464614054a090345b4293b7d35926b8b51f459cbf1558f38b4cea
41586,27/07/2017 18:10,Problem Solving,de120e7c713464614054a090345b4293b7d35926b8b51f459cbf1558f38b4cea
41587,27/07/2017 18:10,Problem Solving,de120e7c713464614054a090345b4293b7d35926b8b51f459cbf1558f38b4cea
41588,27/07/2017 18:10,Problem Solving,de120e7c713464614054a090345b4293b7d35926b8b51f459cbf1558f38b4cea
41589,27/07/2017 18:10,Problem Solving,de120e7c713464614054a090345b4293b7d35926b8b51f459cbf1558f38b4cea
41590,27/07/2017 18:10,Problem Solving,de120e7c713464614054a090345b4293b7d35926b8b51f459cbf1558f38b4cea
41591,27/07/2017 18:10,Problem Solving,de120e7c713464614054a090345b4293b7d35926b8b51f459cbf1558f38b4cea
41592,27/07/2017 18:10,Problem Solving,de120e7c713464614054a090345b4293b7d35926b8b51f459cbf1558f38b4cea
41593,27/07/2017 18:10,Problem Solving,de120e7c713464614054a090345b4293b7d35926b8b51f459cbf1558f38b4cea
41594,27/07/2017 18:10,Problem Solving,de120e7c713464614054a090345b4293b7d35926b8b51f459cbf1558f38b4cea
41595,27/07/2017 18:10,Problem Solving,de120e7c713464614054a090345b4293b7d35926b8b51f459cbf1558f38b4cea
41596,27/07/2017 18:10,Problem Solving,de120e7c713464614054a090345b4293b7d35926b8b51f459cbf1558f38b4cea
41597,27/07/2017 18:10,Problem Solving,725ce235a55b376514ee25e3b7a58febd1e3c2faf47a155be5f019b8526f8bf3
41598,27/07/2017 18:10,Problem Solving,de120e7c713464614054a090345b4293b7d35926b8b51f459cbf1558f38b4cea
41599,27/07/2017 18:10,Problem Solving,de120e7c713464614054a090345b4293b7d35926b8b51f459cbf1558f38b4cea
41600,27/07/2017 18:10,Problem Solving,725ce235a55b376514ee25e3b7a58febd1e3c2faf47a155be5f019b8526f8bf3
41601,27/07/2017 18:10,Problem Solving,de120e7c713464614054a090345b4293b7d35926b8b51f459cbf1558f38b4cea
41602,27/07/2017 18:10,Problem Solving,de120e7c713464614054a090345b4293b7d35926b8b51f459cbf1558f38b4cea
41603,27/07/2017 18:10,Problem Solving,de120e7c713464614054a090345b4293b7d35926b8b51f459cbf1558f38b4cea
41604,27/07/2017 18:10,Problem Solving,de120e7c713464614054a090345b4293b7d35926b8b51f459cbf1558f38b4cea
41605,27/07/2017 18:10,Problem Solving,de120e7c713464614054a090345b4293b7d35926b8b51f459cbf1558f38b4cea
41606,27/07/2017 18:10,Problem Solving,de120e7c713464614054a090345b4293b7d35926b8b51f459cbf1558f38b4cea
41607,27/07/2017 18:10,Problem Solving,725ce235a55b376514ee25e3b7a58febd1e3c2faf47a155be5f019b8526f8bf3
41608,27/07/2017 18:10,Problem Solving,725ce235a55b376514ee25e3b7a58febd1e3c2faf47a155be5f019b8526f8bf3
41609,27/07/2017 18:10,Problem Solving,de120e7c713464614054a090345b4293b7d35926b8b51f459cbf1558f38b4cea
41610,27/07/2017 18:10,Problem Solving,de120e7c713464614054a090345b4293b7d35926b8b51f459cbf1558f38b4cea
41611,27/07/2017 18:10,Problem Solving,de120e7c713464614054a090345b4293b7d35926b8b51f459cbf1558f38b4cea
41612,27/07/2017 18:10,Problem Solving,de120e7c713464614054a090345b4293b7d35926b8b51f459cbf1558f38b4cea
41613,27/07/2017 18:10,Problem Solving,de120e7c713464614054a090345b4293b7d35926b8b51f459cbf1558f38b4cea
41614,27/07/2017 18:09,Problem Solving,de120e7c713464614054a090345b4293b7d35926b8b51f459cbf1558f38b4cea
41615,27/07/2017 18:09,Problem Solving,de120e7c713464614054a090345b4293b7d35926b8b51f459cbf1558f38b4cea
41616,27/07/2017 18:09,Problem Solving,de120e7c713464614054a090345b4293b7d35926b8b51f459cbf1558f38b4cea
41617,27/07/2017 18:09,Problem Solving,de120e7c713464614054a090345b4293b7d35926b8b51f459cbf1558f38b4cea
41618,27/07/2017 18:08,Lecture & Tutorial,0be18255b71ceeaa5e16adf40ef815ab6914dc5204c92aa0cdac1509eb2ae7ff
41619,27/07/2017 18:08,Lecture & Tutorial,0be18255b71ceeaa5e16adf40ef815ab6914dc5204c92aa0cdac1509eb2ae7ff
41620,27/07/2017 18:08,Lecture & Tutorial,0be18255b71ceeaa5e16adf40ef815ab6914dc5204c92aa0cdac1509eb2ae7ff
41621,27/07/2017 18:08,Lecture & Tutorial,0be18255b71ceeaa5e16adf40ef815ab6914dc5204c92aa0cdac1509eb2ae7ff
41622,27/07/2017 18:08,Lecture & Tutorial,0be18255b71ceeaa5e16adf40ef815ab6914dc5204c92aa0cdac1509eb2ae7ff
41623,27/07/2017 18:08,Lecture & Tutorial,0be18255b71ceeaa5e16adf40ef815ab6914dc5204c92aa0cdac1509eb2ae7ff
41624,27/07/2017 18:08,Lecture & Tutorial,0be18255b71ceeaa5e16adf40ef815ab6914dc5204c92aa0cdac1509eb2ae7ff
41625,27/07/2017 18:08,Lecture & Tutorial,0be18255b71ceeaa5e16adf40ef815ab6914dc5204c92aa0cdac1509eb2ae7ff
41626,27/07/2017 18:08,Lecture & Tutorial,0be18255b71ceeaa5e16adf40ef815ab6914dc5204c92aa0cdac1509eb2ae7ff
41627,27/07/2017 18:08,Lecture & Tutorial,0be18255b71ceeaa5e16adf40ef815ab6914dc5204c92aa0cdac1509eb2ae7ff
41628,27/07/2017 18:08,Lecture & Tutorial,0be18255b71ceeaa5e16adf40ef815ab6914dc5204c92aa0cdac1509eb2ae7ff
41629,27/07/2017 18:08,Lecture & Tutorial,0be18255b71ceeaa5e16adf40ef815ab6914dc5204c92aa0cdac1509eb2ae7ff
41630,27/07/2017 18:08,Lecture & Tutorial,0be18255b71ceeaa5e16adf40ef815ab6914dc5204c92aa0cdac1509eb2ae7ff
41631,27/07/2017 18:08,Lecture & Tutorial,0be18255b71ceeaa5e16adf40ef815ab6914dc5204c92aa0cdac1509eb2ae7ff
41632,27/07/2017 18:08,Lecture & Tutorial,0be18255b71ceeaa5e16adf40ef815ab6914dc5204c92aa0cdac1509eb2ae7ff
41633,27/07/2017 18:08,Lecture & Tutorial,0be18255b71ceeaa5e16adf40ef815ab6914dc5204c92aa0cdac1509eb2ae7ff
41634,27/07/2017 18:07,Problem Solving,de120e7c713464614054a090345b4293b7d35926b8b51f459cbf1558f38b4cea
41635,27/07/2017 18:07,Problem Solving,de120e7c713464614054a090345b4293b7d35926b8b51f459cbf1558f38b4cea
41636,27/07/2017 18:07,Problem Solving,de120e7c713464614054a090345b4293b7d35926b8b51f459cbf1558f38b4cea
41637,27/07/2017 18:07,Problem Solving,de120e7c713464614054a090345b4293b7d35926b8b51f459cbf1558f38b4cea
41638,27/07/2017 18:06,Problem Solving,de120e7c713464614054a090345b4293b7d35926b8b51f459cbf1558f38b4cea
41639,27/07/2017 18:06,Problem Solving,de120e7c713464614054a090345b4293b7d35926b8b51f459cbf1558f38b4cea
41640,27/07/2017 18:06,Problem Solving,de120e7c713464614054a090345b4293b7d35926b8b51f459cbf1558f38b4cea
41641,27/07/2017 18:06,Problem Solving,de120e7c713464614054a090345b4293b7d35926b8b51f459cbf1558f38b4cea
41642,27/07/2017 18:06,Problem Solving,de120e7c713464614054a090345b4293b7d35926b8b51f459cbf1558f38b4cea
41643,27/07/2017 18:06,Problem Solving,de120e7c713464614054a090345b4293b7d35926b8b51f459cbf1558f38b4cea
41644,27/07/2017 18:06,Problem Solving,de120e7c713464614054a090345b4293b7d35926b8b51f459cbf1558f38b4cea
41645,27/07/2017 18:06,Problem Solving,de120e7c713464614054a090345b4293b7d35926b8b51f459cbf1558f38b4cea
41646,27/07/2017 18:06,Problem Solving,de120e7c713464614054a090345b4293b7d35926b8b51f459cbf1558f38b4cea
41647,27/07/2017 18:06,Problem Solving,de120e7c713464614054a090345b4293b7d35926b8b51f459cbf1558f38b4cea
41648,27/07/2017 18:06,Problem Solving,de120e7c713464614054a090345b4293b7d35926b8b51f459cbf1558f38b4cea
41649,27/07/2017 18:06,View Announcements,79a53f52a2ea52dfb15bf013002aceb83e0f73ff93cc8179203cc43d01d18612
41650,27/07/2017 18:06,Problem Solving,de120e7c713464614054a090345b4293b7d35926b8b51f459cbf1558f38b4cea
41651,27/07/2017 18:06,Lecture & Tutorial,de120e7c713464614054a090345b4293b7d35926b8b51f459cbf1558f38b4cea
41652,27/07/2017 18:04,Problem Solving,725ce235a55b376514ee25e3b7a58febd1e3c2faf47a155be5f019b8526f8bf3
41653,27/07/2017 18:04,Problem Solving,725ce235a55b376514ee25e3b7a58febd1e3c2faf47a155be5f019b8526f8bf3
41654,27/07/2017 17:58,View Announcements,05c52f8214648b37eae8ec1406d237b2c1627411a12dc6bb27a48cc639df6b0e
41655,27/07/2017 17:56,View Announcements,c0d50bd815954a4482302ac146d7b9a02ae3998a2e825a2e00ef331c8764a0b6
41656,27/07/2017 17:53,View Announcements,939d17cc9c35d36a287d54beec9c479deffb9879b8351eca30ced5e71e3337f8
41657,27/07/2017 17:50,Assessment,4b00a84e0ed88d470088a49cf46fba7469085f53008fcf152bc027a367d15c78
41658,27/07/2017 17:50,Assessment,4b00a84e0ed88d470088a49cf46fba7469085f53008fcf152bc027a367d15c78
41659,27/07/2017 17:50,Assessment,4b00a84e0ed88d470088a49cf46fba7469085f53008fcf152bc027a367d15c78
41660,27/07/2017 17:49,View Announcements,4b00a84e0ed88d470088a49cf46fba7469085f53008fcf152bc027a367d15c78
41661,27/07/2017 17:46,Problem Solving,ffceb8acdab9f83bbfda60f37e610058366a207a4ef88385a81167d148619232
41662,27/07/2017 17:46,Problem Solving,ffceb8acdab9f83bbfda60f37e610058366a207a4ef88385a81167d148619232
41663,27/07/2017 17:45,Problem Solving,ffceb8acdab9f83bbfda60f37e610058366a207a4ef88385a81167d148619232
41664,27/07/2017 17:45,Problem Solving,ffceb8acdab9f83bbfda60f37e610058366a207a4ef88385a81167d148619232
41665,27/07/2017 17:45,Lecture & Tutorial,ffceb8acdab9f83bbfda60f37e610058366a207a4ef88385a81167d148619232
41666,27/07/2017 17:45,Materials,ffceb8acdab9f83bbfda60f37e610058366a207a4ef88385a81167d148619232
41667,27/07/2017 17:43,Projects,80617b4b5a18d991c11c261a81a3d3d0e2ad24335687d77c9674ab1a3c19247a
41668,27/07/2017 17:43,Projects,80617b4b5a18d991c11c261a81a3d3d0e2ad24335687d77c9674ab1a3c19247a
41669,27/07/2017 17:43,Lecture & Tutorial,80617b4b5a18d991c11c261a81a3d3d0e2ad24335687d77c9674ab1a3c19247a
41670,27/07/2017 17:43,Projects,80617b4b5a18d991c11c261a81a3d3d0e2ad24335687d77c9674ab1a3c19247a
41671,27/07/2017 17:43,Materials,538d39dd52632917904f88360b87cd100e070a625698a7ef13fe777679e390c0
41672,27/07/2017 17:42,Projects,80617b4b5a18d991c11c261a81a3d3d0e2ad24335687d77c9674ab1a3c19247a
41673,27/07/2017 17:41,Materials,538d39dd52632917904f88360b87cd100e070a625698a7ef13fe777679e390c0
41674,27/07/2017 17:41,Lecture & Tutorial,538d39dd52632917904f88360b87cd100e070a625698a7ef13fe777679e390c0
41675,27/07/2017 17:41,Materials,538d39dd52632917904f88360b87cd100e070a625698a7ef13fe777679e390c0
41676,27/07/2017 17:41,Materials,538d39dd52632917904f88360b87cd100e070a625698a7ef13fe777679e390c0
41677,27/07/2017 17:41,Lecture & Tutorial,538d39dd52632917904f88360b87cd100e070a625698a7ef13fe777679e390c0
41678,27/07/2017 17:40,Materials,538d39dd52632917904f88360b87cd100e070a625698a7ef13fe777679e390c0
41679,27/07/2017 17:40,Lecture & Tutorial,538d39dd52632917904f88360b87cd100e070a625698a7ef13fe777679e390c0
41680,27/07/2017 17:40,Problem Solving,e3c38788094fb5d511d9dee9a05afea67d38a2e283e98ac465c4a059ecae274b
41681,27/07/2017 17:40,Problem Solving,e3c38788094fb5d511d9dee9a05afea67d38a2e283e98ac465c4a059ecae274b
41682,27/07/2017 17:39,Problem Solving,e3c38788094fb5d511d9dee9a05afea67d38a2e283e98ac465c4a059ecae274b
41683,27/07/2017 17:39,Lecture & Tutorial,80617b4b5a18d991c11c261a81a3d3d0e2ad24335687d77c9674ab1a3c19247a
41684,27/07/2017 17:39,Problem Solving,e3c38788094fb5d511d9dee9a05afea67d38a2e283e98ac465c4a059ecae274b
41685,27/07/2017 17:39,Projects,80617b4b5a18d991c11c261a81a3d3d0e2ad24335687d77c9674ab1a3c19247a
41686,27/07/2017 17:39,Lecture & Tutorial,e3c38788094fb5d511d9dee9a05afea67d38a2e283e98ac465c4a059ecae274b
41687,27/07/2017 17:39,MOOCchat,51c2ed35ee7f07dcb568689f2b0f2c0ac01522ae1ba177cb57668e6143488f12
41688,27/07/2017 17:38,Materials,51c2ed35ee7f07dcb568689f2b0f2c0ac01522ae1ba177cb57668e6143488f12
41689,27/07/2017 17:38,Assessment,51c2ed35ee7f07dcb568689f2b0f2c0ac01522ae1ba177cb57668e6143488f12
41690,27/07/2017 17:38,View Announcements,51c2ed35ee7f07dcb568689f2b0f2c0ac01522ae1ba177cb57668e6143488f12
41691,27/07/2017 17:37,Lecture & Tutorial,05c52f8214648b37eae8ec1406d237b2c1627411a12dc6bb27a48cc639df6b0e
41692,27/07/2017 17:37,Lecture & Tutorial,05c52f8214648b37eae8ec1406d237b2c1627411a12dc6bb27a48cc639df6b0e
41693,27/07/2017 17:37,Lecture & Tutorial,05c52f8214648b37eae8ec1406d237b2c1627411a12dc6bb27a48cc639df6b0e
41694,27/07/2017 17:37,Assessment,51c2ed35ee7f07dcb568689f2b0f2c0ac01522ae1ba177cb57668e6143488f12
41695,27/07/2017 17:37,Lecture & Tutorial,05c52f8214648b37eae8ec1406d237b2c1627411a12dc6bb27a48cc639df6b0e
41696,27/07/2017 17:37,Lecture & Tutorial,05c52f8214648b37eae8ec1406d237b2c1627411a12dc6bb27a48cc639df6b0e
41697,27/07/2017 17:37,Assessment,51c2ed35ee7f07dcb568689f2b0f2c0ac01522ae1ba177cb57668e6143488f12
41698,27/07/2017 17:37,Lecture & Tutorial,05c52f8214648b37eae8ec1406d237b2c1627411a12dc6bb27a48cc639df6b0e
41699,27/07/2017 17:37,Lecture & Tutorial,05c52f8214648b37eae8ec1406d237b2c1627411a12dc6bb27a48cc639df6b0e
41700,27/07/2017 17:37,Lecture & Tutorial,05c52f8214648b37eae8ec1406d237b2c1627411a12dc6bb27a48cc639df6b0e
41701,27/07/2017 17:37,Lecture & Tutorial,05c52f8214648b37eae8ec1406d237b2c1627411a12dc6bb27a48cc639df6b0e
41702,27/07/2017 17:37,Lecture & Tutorial,05c52f8214648b37eae8ec1406d237b2c1627411a12dc6bb27a48cc639df6b0e
41703,27/07/2017 17:37,Lecture & Tutorial,05c52f8214648b37eae8ec1406d237b2c1627411a12dc6bb27a48cc639df6b0e
41704,27/07/2017 17:37,Lecture & Tutorial,05c52f8214648b37eae8ec1406d237b2c1627411a12dc6bb27a48cc639df6b0e
41705,27/07/2017 17:37,Lecture & Tutorial,05c52f8214648b37eae8ec1406d237b2c1627411a12dc6bb27a48cc639df6b0e
41706,27/07/2017 17:37,Lecture & Tutorial,05c52f8214648b37eae8ec1406d237b2c1627411a12dc6bb27a48cc639df6b0e
41707,27/07/2017 17:37,Lecture & Tutorial,05c52f8214648b37eae8ec1406d237b2c1627411a12dc6bb27a48cc639df6b0e
41708,27/07/2017 17:37,Lecture & Tutorial,05c52f8214648b37eae8ec1406d237b2c1627411a12dc6bb27a48cc639df6b0e
41709,27/07/2017 17:37,Assessment,51c2ed35ee7f07dcb568689f2b0f2c0ac01522ae1ba177cb57668e6143488f12
41710,27/07/2017 17:37,Assessment,51c2ed35ee7f07dcb568689f2b0f2c0ac01522ae1ba177cb57668e6143488f12
41711,27/07/2017 17:37,Assessment,51c2ed35ee7f07dcb568689f2b0f2c0ac01522ae1ba177cb57668e6143488f12
41712,27/07/2017 17:37,View Announcements,51c2ed35ee7f07dcb568689f2b0f2c0ac01522ae1ba177cb57668e6143488f12
41713,27/07/2017 17:37,Lecture & Tutorial,51c2ed35ee7f07dcb568689f2b0f2c0ac01522ae1ba177cb57668e6143488f12
41714,27/07/2017 17:36,View Announcements,51c2ed35ee7f07dcb568689f2b0f2c0ac01522ae1ba177cb57668e6143488f12
41715,27/07/2017 17:36,Lecture & Tutorial,51c2ed35ee7f07dcb568689f2b0f2c0ac01522ae1ba177cb57668e6143488f12
41716,27/07/2017 17:36,View Announcements,51c2ed35ee7f07dcb568689f2b0f2c0ac01522ae1ba177cb57668e6143488f12
41717,27/07/2017 17:36,View Announcements,51c2ed35ee7f07dcb568689f2b0f2c0ac01522ae1ba177cb57668e6143488f12
41718,27/07/2017 17:36,View Announcements,c0d50bd815954a4482302ac146d7b9a02ae3998a2e825a2e00ef331c8764a0b6
41719,27/07/2017 17:36,Materials,79a53f52a2ea52dfb15bf013002aceb83e0f73ff93cc8179203cc43d01d18612
41720,27/07/2017 17:36,Materials,79a53f52a2ea52dfb15bf013002aceb83e0f73ff93cc8179203cc43d01d18612
41721,27/07/2017 17:35,Lecture & Tutorial,51c2ed35ee7f07dcb568689f2b0f2c0ac01522ae1ba177cb57668e6143488f12
41722,27/07/2017 17:35,Question & Help,e069f95d2ee1205269526184a0312896e46932008748992e31a439a4d1ae2d99
41723,27/07/2017 17:34,Lecture & Tutorial,e069f95d2ee1205269526184a0312896e46932008748992e31a439a4d1ae2d99
41724,27/07/2017 17:34,Lecture & Tutorial,e069f95d2ee1205269526184a0312896e46932008748992e31a439a4d1ae2d99
41725,27/07/2017 17:34,View Announcements,51c2ed35ee7f07dcb568689f2b0f2c0ac01522ae1ba177cb57668e6143488f12
41726,27/07/2017 17:34,Lecture & Tutorial,e069f95d2ee1205269526184a0312896e46932008748992e31a439a4d1ae2d99
41727,27/07/2017 17:34,Lecture & Tutorial,e069f95d2ee1205269526184a0312896e46932008748992e31a439a4d1ae2d99
41728,27/07/2017 17:34,Lecture & Tutorial,e069f95d2ee1205269526184a0312896e46932008748992e31a439a4d1ae2d99
41729,27/07/2017 17:34,View Announcements,e069f95d2ee1205269526184a0312896e46932008748992e31a439a4d1ae2d99
41730,27/07/2017 17:34,Lecture & Tutorial,e069f95d2ee1205269526184a0312896e46932008748992e31a439a4d1ae2d99
41731,27/07/2017 17:34,Lecture & Tutorial,51c2ed35ee7f07dcb568689f2b0f2c0ac01522ae1ba177cb57668e6143488f12
41732,27/07/2017 17:34,Projects,51c2ed35ee7f07dcb568689f2b0f2c0ac01522ae1ba177cb57668e6143488f12
41733,27/07/2017 17:34,Lecture & Tutorial,51c2ed35ee7f07dcb568689f2b0f2c0ac01522ae1ba177cb57668e6143488f12
41734,27/07/2017 17:34,View Announcements,51c2ed35ee7f07dcb568689f2b0f2c0ac01522ae1ba177cb57668e6143488f12
41735,27/07/2017 17:33,Materials,79a53f52a2ea52dfb15bf013002aceb83e0f73ff93cc8179203cc43d01d18612
41736,27/07/2017 17:33,Lecture & Tutorial,538d39dd52632917904f88360b87cd100e070a625698a7ef13fe777679e390c0
41737,27/07/2017 17:33,Lecture & Tutorial,538d39dd52632917904f88360b87cd100e070a625698a7ef13fe777679e390c0
41738,27/07/2017 17:33,Lecture & Tutorial,79a53f52a2ea52dfb15bf013002aceb83e0f73ff93cc8179203cc43d01d18612
41739,27/07/2017 17:33,Materials,79a53f52a2ea52dfb15bf013002aceb83e0f73ff93cc8179203cc43d01d18612
41740,27/07/2017 17:33,View Announcements,79a53f52a2ea52dfb15bf013002aceb83e0f73ff93cc8179203cc43d01d18612
41741,27/07/2017 17:33,View Announcements,79a53f52a2ea52dfb15bf013002aceb83e0f73ff93cc8179203cc43d01d18612
41742,27/07/2017 17:33,Lecture & Tutorial,538d39dd52632917904f88360b87cd100e070a625698a7ef13fe777679e390c0
41743,27/07/2017 17:33,Lecture & Tutorial,538d39dd52632917904f88360b87cd100e070a625698a7ef13fe777679e390c0
41744,27/07/2017 17:32,View Announcements,538d39dd52632917904f88360b87cd100e070a625698a7ef13fe777679e390c0
41745,27/07/2017 17:32,View Announcements,538d39dd52632917904f88360b87cd100e070a625698a7ef13fe777679e390c0
41746,27/07/2017 17:32,View Announcements,1bc382b69b250bf7a689646f5ba0feddaccf4c3e85a0023f524d69860bfd97dc
41747,27/07/2017 17:30,Assessment,454cac3c3ba2c5e3d643a3d3aa290cb1522386e5793a3215c16d87acba7f9f89
41748,27/07/2017 17:27,Lecture & Tutorial,4322187d2a4f0ca441b468c701ca97c37b495374fdc20f32f389c5f9bad8dea4
41749,27/07/2017 17:27,Lecture & Tutorial,4322187d2a4f0ca441b468c701ca97c37b495374fdc20f32f389c5f9bad8dea4
41750,27/07/2017 17:27,Materials,ffceb8acdab9f83bbfda60f37e610058366a207a4ef88385a81167d148619232
41751,27/07/2017 17:27,Lecture & Tutorial,ffceb8acdab9f83bbfda60f37e610058366a207a4ef88385a81167d148619232
41752,27/07/2017 17:27,Projects,2df0b082d1fc0febd63605b16ea9eea79fb3cd574f00995676bce1ca254ed7ab
41753,27/07/2017 17:26,Materials,4322187d2a4f0ca441b468c701ca97c37b495374fdc20f32f389c5f9bad8dea4
41754,27/07/2017 17:26,Problem Solving,3f675547579a293456be8a8ac07a8fe7aadfc5633fa0a84a3ce853a055d037c1
41755,27/07/2017 17:26,Materials,4322187d2a4f0ca441b468c701ca97c37b495374fdc20f32f389c5f9bad8dea4
41756,27/07/2017 17:26,Lecture & Tutorial,4322187d2a4f0ca441b468c701ca97c37b495374fdc20f32f389c5f9bad8dea4
41757,27/07/2017 17:26,Problem Solving,4322187d2a4f0ca441b468c701ca97c37b495374fdc20f32f389c5f9bad8dea4
41758,27/07/2017 17:26,Lecture & Tutorial,4322187d2a4f0ca441b468c701ca97c37b495374fdc20f32f389c5f9bad8dea4
41759,27/07/2017 17:25,View Announcements,2df0b082d1fc0febd63605b16ea9eea79fb3cd574f00995676bce1ca254ed7ab
41760,27/07/2017 17:25,View Announcements,2df0b082d1fc0febd63605b16ea9eea79fb3cd574f00995676bce1ca254ed7ab
41761,27/07/2017 17:24,Problem Solving,3f675547579a293456be8a8ac07a8fe7aadfc5633fa0a84a3ce853a055d037c1
41762,27/07/2017 17:24,Lecture & Tutorial,3f675547579a293456be8a8ac07a8fe7aadfc5633fa0a84a3ce853a055d037c1
41763,27/07/2017 17:20,Lecture & Tutorial,538d39dd52632917904f88360b87cd100e070a625698a7ef13fe777679e390c0
41764,27/07/2017 17:20,Lecture & Tutorial,538d39dd52632917904f88360b87cd100e070a625698a7ef13fe777679e390c0
41765,27/07/2017 17:20,Lecture & Tutorial,538d39dd52632917904f88360b87cd100e070a625698a7ef13fe777679e390c0
41766,27/07/2017 17:20,View Announcements,c273363f3e7cf8ed4ba127690dd5b6f3347598bd0c3b52de6cb57a1409a0d38a
41767,27/07/2017 17:19,View Announcements,3e04a61a7f23681b1871c146f200ba43bf63b679a162a71b80c71b1ae90c4bc9
41768,27/07/2017 17:19,Projects,d0bcfcd459ba5d4e371609634c83b43f871a99790fcf697b27bb6630a1106194
41769,27/07/2017 17:18,Projects,d0bcfcd459ba5d4e371609634c83b43f871a99790fcf697b27bb6630a1106194
41770,27/07/2017 17:18,Projects,d0bcfcd459ba5d4e371609634c83b43f871a99790fcf697b27bb6630a1106194
41771,27/07/2017 17:18,Lecture & Tutorial,d0bcfcd459ba5d4e371609634c83b43f871a99790fcf697b27bb6630a1106194
41772,27/07/2017 17:17,Lecture & Tutorial,538d39dd52632917904f88360b87cd100e070a625698a7ef13fe777679e390c0
41773,27/07/2017 17:17,Lecture & Tutorial,538d39dd52632917904f88360b87cd100e070a625698a7ef13fe777679e390c0
41774,27/07/2017 17:17,Lecture & Tutorial,538d39dd52632917904f88360b87cd100e070a625698a7ef13fe777679e390c0
41775,27/07/2017 17:14,Materials,9775f48652a6be427b6dffc24df916cc538fe2ab0df337c918fe179dce1a2dce
41776,27/07/2017 17:14,Materials,9775f48652a6be427b6dffc24df916cc538fe2ab0df337c918fe179dce1a2dce
41777,27/07/2017 17:14,Materials,9775f48652a6be427b6dffc24df916cc538fe2ab0df337c918fe179dce1a2dce
41778,27/07/2017 17:13,Lecture & Tutorial,9775f48652a6be427b6dffc24df916cc538fe2ab0df337c918fe179dce1a2dce
41779,27/07/2017 17:13,Materials,9775f48652a6be427b6dffc24df916cc538fe2ab0df337c918fe179dce1a2dce
41780,27/07/2017 17:13,Lecture & Tutorial,0be18255b71ceeaa5e16adf40ef815ab6914dc5204c92aa0cdac1509eb2ae7ff
41781,27/07/2017 17:13,Lecture & Tutorial,0be18255b71ceeaa5e16adf40ef815ab6914dc5204c92aa0cdac1509eb2ae7ff
41782,27/07/2017 17:13,Materials,9775f48652a6be427b6dffc24df916cc538fe2ab0df337c918fe179dce1a2dce
41783,27/07/2017 17:13,Lecture & Tutorial,0be18255b71ceeaa5e16adf40ef815ab6914dc5204c92aa0cdac1509eb2ae7ff
41784,27/07/2017 17:13,Lecture & Tutorial,0be18255b71ceeaa5e16adf40ef815ab6914dc5204c92aa0cdac1509eb2ae7ff
41785,27/07/2017 17:13,Lecture & Tutorial,0be18255b71ceeaa5e16adf40ef815ab6914dc5204c92aa0cdac1509eb2ae7ff
41786,27/07/2017 17:13,Lecture & Tutorial,0be18255b71ceeaa5e16adf40ef815ab6914dc5204c92aa0cdac1509eb2ae7ff
41787,27/07/2017 17:13,Lecture & Tutorial,0be18255b71ceeaa5e16adf40ef815ab6914dc5204c92aa0cdac1509eb2ae7ff
41788,27/07/2017 17:13,Lecture & Tutorial,0be18255b71ceeaa5e16adf40ef815ab6914dc5204c92aa0cdac1509eb2ae7ff
41789,27/07/2017 17:13,Lecture & Tutorial,0be18255b71ceeaa5e16adf40ef815ab6914dc5204c92aa0cdac1509eb2ae7ff
41790,27/07/2017 17:13,Lecture & Tutorial,0be18255b71ceeaa5e16adf40ef815ab6914dc5204c92aa0cdac1509eb2ae7ff
41791,27/07/2017 17:13,Lecture & Tutorial,0be18255b71ceeaa5e16adf40ef815ab6914dc5204c92aa0cdac1509eb2ae7ff
41792,27/07/2017 17:13,Lecture & Tutorial,0be18255b71ceeaa5e16adf40ef815ab6914dc5204c92aa0cdac1509eb2ae7ff
41793,27/07/2017 17:13,Lecture & Tutorial,0be18255b71ceeaa5e16adf40ef815ab6914dc5204c92aa0cdac1509eb2ae7ff
41794,27/07/2017 17:13,Lecture & Tutorial,0be18255b71ceeaa5e16adf40ef815ab6914dc5204c92aa0cdac1509eb2ae7ff
41795,27/07/2017 17:13,Lecture & Tutorial,0be18255b71ceeaa5e16adf40ef815ab6914dc5204c92aa0cdac1509eb2ae7ff
41796,27/07/2017 17:13,Lecture & Tutorial,0be18255b71ceeaa5e16adf40ef815ab6914dc5204c92aa0cdac1509eb2ae7ff
41797,27/07/2017 17:13,Materials,9775f48652a6be427b6dffc24df916cc538fe2ab0df337c918fe179dce1a2dce
41798,27/07/2017 17:13,Materials,9775f48652a6be427b6dffc24df916cc538fe2ab0df337c918fe179dce1a2dce
41799,27/07/2017 17:13,Materials,9775f48652a6be427b6dffc24df916cc538fe2ab0df337c918fe179dce1a2dce
41800,27/07/2017 17:13,Materials,9775f48652a6be427b6dffc24df916cc538fe2ab0df337c918fe179dce1a2dce
41801,27/07/2017 17:13,Materials,9775f48652a6be427b6dffc24df916cc538fe2ab0df337c918fe179dce1a2dce
41802,27/07/2017 17:12,Materials,9775f48652a6be427b6dffc24df916cc538fe2ab0df337c918fe179dce1a2dce
41803,27/07/2017 17:12,Materials,9775f48652a6be427b6dffc24df916cc538fe2ab0df337c918fe179dce1a2dce
41804,27/07/2017 17:12,Materials,9775f48652a6be427b6dffc24df916cc538fe2ab0df337c918fe179dce1a2dce
41805,27/07/2017 17:12,Problem Solving,0b37074853e2be7c6c989492a9d36d14c437dedd27e0b809e60671cf6daa3504
41806,27/07/2017 17:12,Problem Solving,0b37074853e2be7c6c989492a9d36d14c437dedd27e0b809e60671cf6daa3504
41807,27/07/2017 17:12,Problem Solving,0b37074853e2be7c6c989492a9d36d14c437dedd27e0b809e60671cf6daa3504
41808,27/07/2017 17:12,Materials,9775f48652a6be427b6dffc24df916cc538fe2ab0df337c918fe179dce1a2dce
41809,27/07/2017 17:12,Problem Solving,0b37074853e2be7c6c989492a9d36d14c437dedd27e0b809e60671cf6daa3504
41810,27/07/2017 17:12,Materials,9775f48652a6be427b6dffc24df916cc538fe2ab0df337c918fe179dce1a2dce
41811,27/07/2017 17:12,Problem Solving,0b37074853e2be7c6c989492a9d36d14c437dedd27e0b809e60671cf6daa3504
41812,27/07/2017 17:12,Materials,9775f48652a6be427b6dffc24df916cc538fe2ab0df337c918fe179dce1a2dce
41813,27/07/2017 17:12,Problem Solving,0b37074853e2be7c6c989492a9d36d14c437dedd27e0b809e60671cf6daa3504
41814,27/07/2017 17:12,View Announcements,00e0b81d964626fc05c211ca5ce3be1a295a68d4e22aa423662318c981a4a168
41815,27/07/2017 17:12,Materials,9775f48652a6be427b6dffc24df916cc538fe2ab0df337c918fe179dce1a2dce
41816,27/07/2017 17:12,Materials,9775f48652a6be427b6dffc24df916cc538fe2ab0df337c918fe179dce1a2dce
41817,27/07/2017 17:11,Materials,9775f48652a6be427b6dffc24df916cc538fe2ab0df337c918fe179dce1a2dce
41818,27/07/2017 17:11,Materials,9775f48652a6be427b6dffc24df916cc538fe2ab0df337c918fe179dce1a2dce
41819,27/07/2017 17:11,Materials,9775f48652a6be427b6dffc24df916cc538fe2ab0df337c918fe179dce1a2dce
41820,27/07/2017 17:11,Problem Solving,0b37074853e2be7c6c989492a9d36d14c437dedd27e0b809e60671cf6daa3504
41821,27/07/2017 17:11,Problem Solving,0b37074853e2be7c6c989492a9d36d14c437dedd27e0b809e60671cf6daa3504
41822,27/07/2017 17:11,Materials,9775f48652a6be427b6dffc24df916cc538fe2ab0df337c918fe179dce1a2dce
41823,27/07/2017 17:11,Materials,9775f48652a6be427b6dffc24df916cc538fe2ab0df337c918fe179dce1a2dce
41824,27/07/2017 17:11,Materials,9775f48652a6be427b6dffc24df916cc538fe2ab0df337c918fe179dce1a2dce
41825,27/07/2017 17:11,Materials,9775f48652a6be427b6dffc24df916cc538fe2ab0df337c918fe179dce1a2dce
41826,27/07/2017 17:11,Problem Solving,0b37074853e2be7c6c989492a9d36d14c437dedd27e0b809e60671cf6daa3504
41827,27/07/2017 17:11,Problem Solving,0b37074853e2be7c6c989492a9d36d14c437dedd27e0b809e60671cf6daa3504
41828,27/07/2017 17:11,Problem Solving,0b37074853e2be7c6c989492a9d36d14c437dedd27e0b809e60671cf6daa3504
41829,27/07/2017 17:11,Problem Solving,0b37074853e2be7c6c989492a9d36d14c437dedd27e0b809e60671cf6daa3504
41830,27/07/2017 17:10,Problem Solving,0b37074853e2be7c6c989492a9d36d14c437dedd27e0b809e60671cf6daa3504
41831,27/07/2017 17:10,Problem Solving,0b37074853e2be7c6c989492a9d36d14c437dedd27e0b809e60671cf6daa3504
41832,27/07/2017 17:10,Materials,9775f48652a6be427b6dffc24df916cc538fe2ab0df337c918fe179dce1a2dce
41833,27/07/2017 17:10,Materials,00e0b81d964626fc05c211ca5ce3be1a295a68d4e22aa423662318c981a4a168
41834,27/07/2017 17:10,Materials,00e0b81d964626fc05c211ca5ce3be1a295a68d4e22aa423662318c981a4a168
41835,27/07/2017 17:10,Problem Solving,0b37074853e2be7c6c989492a9d36d14c437dedd27e0b809e60671cf6daa3504
41836,27/07/2017 17:10,Problem Solving,0b37074853e2be7c6c989492a9d36d14c437dedd27e0b809e60671cf6daa3504
41837,27/07/2017 17:10,Problem Solving,0b37074853e2be7c6c989492a9d36d14c437dedd27e0b809e60671cf6daa3504
41838,27/07/2017 17:10,Problem Solving,0b37074853e2be7c6c989492a9d36d14c437dedd27e0b809e60671cf6daa3504
41839,27/07/2017 17:10,Materials,9775f48652a6be427b6dffc24df916cc538fe2ab0df337c918fe179dce1a2dce
41840,27/07/2017 17:10,Problem Solving,0b37074853e2be7c6c989492a9d36d14c437dedd27e0b809e60671cf6daa3504
41841,27/07/2017 17:10,Problem Solving,0b37074853e2be7c6c989492a9d36d14c437dedd27e0b809e60671cf6daa3504
41842,27/07/2017 17:09,Problem Solving,0b37074853e2be7c6c989492a9d36d14c437dedd27e0b809e60671cf6daa3504
41843,27/07/2017 17:09,Problem Solving,0b37074853e2be7c6c989492a9d36d14c437dedd27e0b809e60671cf6daa3504
41844,27/07/2017 17:09,Materials,9775f48652a6be427b6dffc24df916cc538fe2ab0df337c918fe179dce1a2dce
41845,27/07/2017 17:09,Materials,9775f48652a6be427b6dffc24df916cc538fe2ab0df337c918fe179dce1a2dce
41846,27/07/2017 17:09,Problem Solving,0b37074853e2be7c6c989492a9d36d14c437dedd27e0b809e60671cf6daa3504
41847,27/07/2017 17:09,Problem Solving,0b37074853e2be7c6c989492a9d36d14c437dedd27e0b809e60671cf6daa3504
41848,27/07/2017 17:09,Problem Solving,0b37074853e2be7c6c989492a9d36d14c437dedd27e0b809e60671cf6daa3504
41849,27/07/2017 17:09,Problem Solving,0b37074853e2be7c6c989492a9d36d14c437dedd27e0b809e60671cf6daa3504
41850,27/07/2017 17:09,Materials,00e0b81d964626fc05c211ca5ce3be1a295a68d4e22aa423662318c981a4a168
41851,27/07/2017 17:09,Problem Solving,0b37074853e2be7c6c989492a9d36d14c437dedd27e0b809e60671cf6daa3504
41852,27/07/2017 17:09,Problem Solving,0b37074853e2be7c6c989492a9d36d14c437dedd27e0b809e60671cf6daa3504
41853,27/07/2017 17:09,Problem Solving,0b37074853e2be7c6c989492a9d36d14c437dedd27e0b809e60671cf6daa3504
41854,27/07/2017 17:09,Problem Solving,0b37074853e2be7c6c989492a9d36d14c437dedd27e0b809e60671cf6daa3504
41855,27/07/2017 17:08,Problem Solving,0b37074853e2be7c6c989492a9d36d14c437dedd27e0b809e60671cf6daa3504
41856,27/07/2017 17:08,Problem Solving,0b37074853e2be7c6c989492a9d36d14c437dedd27e0b809e60671cf6daa3504
41857,27/07/2017 17:08,Problem Solving,0b37074853e2be7c6c989492a9d36d14c437dedd27e0b809e60671cf6daa3504
41858,27/07/2017 17:08,Problem Solving,0b37074853e2be7c6c989492a9d36d14c437dedd27e0b809e60671cf6daa3504
41859,27/07/2017 17:08,Materials,00e0b81d964626fc05c211ca5ce3be1a295a68d4e22aa423662318c981a4a168
41860,27/07/2017 17:08,Materials,00e0b81d964626fc05c211ca5ce3be1a295a68d4e22aa423662318c981a4a168
41861,27/07/2017 17:08,Problem Solving,0b37074853e2be7c6c989492a9d36d14c437dedd27e0b809e60671cf6daa3504
41862,27/07/2017 17:08,Problem Solving,0b37074853e2be7c6c989492a9d36d14c437dedd27e0b809e60671cf6daa3504
41863,27/07/2017 17:04,Projects,0be18255b71ceeaa5e16adf40ef815ab6914dc5204c92aa0cdac1509eb2ae7ff
41864,27/07/2017 17:04,Projects,0be18255b71ceeaa5e16adf40ef815ab6914dc5204c92aa0cdac1509eb2ae7ff
41865,27/07/2017 17:04,Assessment,0be18255b71ceeaa5e16adf40ef815ab6914dc5204c92aa0cdac1509eb2ae7ff
41866,27/07/2017 17:03,View Announcements,0be18255b71ceeaa5e16adf40ef815ab6914dc5204c92aa0cdac1509eb2ae7ff
41867,27/07/2017 17:03,Question & Help,e069f95d2ee1205269526184a0312896e46932008748992e31a439a4d1ae2d99
41868,27/07/2017 17:03,Problem Solving,0b37074853e2be7c6c989492a9d36d14c437dedd27e0b809e60671cf6daa3504
41869,27/07/2017 17:03,Problem Solving,0b37074853e2be7c6c989492a9d36d14c437dedd27e0b809e60671cf6daa3504
41870,27/07/2017 17:02,Materials,00e0b81d964626fc05c211ca5ce3be1a295a68d4e22aa423662318c981a4a168
41871,27/07/2017 17:02,Materials,00e0b81d964626fc05c211ca5ce3be1a295a68d4e22aa423662318c981a4a168
41872,27/07/2017 17:01,Problem Solving,0b37074853e2be7c6c989492a9d36d14c437dedd27e0b809e60671cf6daa3504
41873,27/07/2017 17:01,Problem Solving,0b37074853e2be7c6c989492a9d36d14c437dedd27e0b809e60671cf6daa3504
41874,27/07/2017 17:01,Problem Solving,0b37074853e2be7c6c989492a9d36d14c437dedd27e0b809e60671cf6daa3504
41875,27/07/2017 17:01,Problem Solving,0b37074853e2be7c6c989492a9d36d14c437dedd27e0b809e60671cf6daa3504
41876,27/07/2017 17:01,Problem Solving,0b37074853e2be7c6c989492a9d36d14c437dedd27e0b809e60671cf6daa3504
41877,27/07/2017 17:01,Problem Solving,0b37074853e2be7c6c989492a9d36d14c437dedd27e0b809e60671cf6daa3504
41878,27/07/2017 17:01,View Announcements,0be18255b71ceeaa5e16adf40ef815ab6914dc5204c92aa0cdac1509eb2ae7ff
41879,27/07/2017 17:01,Problem Solving,0b37074853e2be7c6c989492a9d36d14c437dedd27e0b809e60671cf6daa3504
41880,27/07/2017 17:01,Problem Solving,0b37074853e2be7c6c989492a9d36d14c437dedd27e0b809e60671cf6daa3504
41881,27/07/2017 17:01,Materials,00e0b81d964626fc05c211ca5ce3be1a295a68d4e22aa423662318c981a4a168
41882,27/07/2017 16:59,Problem Solving,0b37074853e2be7c6c989492a9d36d14c437dedd27e0b809e60671cf6daa3504
41883,27/07/2017 16:59,Problem Solving,0b37074853e2be7c6c989492a9d36d14c437dedd27e0b809e60671cf6daa3504
41884,27/07/2017 16:59,Problem Solving,0b37074853e2be7c6c989492a9d36d14c437dedd27e0b809e60671cf6daa3504
41885,27/07/2017 16:59,Problem Solving,0b37074853e2be7c6c989492a9d36d14c437dedd27e0b809e60671cf6daa3504
41886,27/07/2017 16:58,Materials,00e0b81d964626fc05c211ca5ce3be1a295a68d4e22aa423662318c981a4a168
41887,27/07/2017 16:58,Problem Solving,0b37074853e2be7c6c989492a9d36d14c437dedd27e0b809e60671cf6daa3504
41888,27/07/2017 16:58,Problem Solving,0b37074853e2be7c6c989492a9d36d14c437dedd27e0b809e60671cf6daa3504
41889,27/07/2017 16:58,Problem Solving,0b37074853e2be7c6c989492a9d36d14c437dedd27e0b809e60671cf6daa3504
41890,27/07/2017 16:58,Problem Solving,0b37074853e2be7c6c989492a9d36d14c437dedd27e0b809e60671cf6daa3504
41891,27/07/2017 16:58,Problem Solving,0b37074853e2be7c6c989492a9d36d14c437dedd27e0b809e60671cf6daa3504
41892,27/07/2017 16:58,Problem Solving,0b37074853e2be7c6c989492a9d36d14c437dedd27e0b809e60671cf6daa3504
41893,27/07/2017 16:57,Lecture & Tutorial,3f675547579a293456be8a8ac07a8fe7aadfc5633fa0a84a3ce853a055d037c1
41894,27/07/2017 16:57,Lecture & Tutorial,3f675547579a293456be8a8ac07a8fe7aadfc5633fa0a84a3ce853a055d037c1
41895,27/07/2017 16:57,Lecture & Tutorial,3f675547579a293456be8a8ac07a8fe7aadfc5633fa0a84a3ce853a055d037c1
41896,27/07/2017 16:54,Problem Solving,02e03248ac3ecd4493618e16a81be172cb72acfc75e31ab673dc07d23923068f
41897,27/07/2017 16:54,Problem Solving,02e03248ac3ecd4493618e16a81be172cb72acfc75e31ab673dc07d23923068f
41898,27/07/2017 16:54,Problem Solving,02e03248ac3ecd4493618e16a81be172cb72acfc75e31ab673dc07d23923068f
41899,27/07/2017 16:54,Problem Solving,02e03248ac3ecd4493618e16a81be172cb72acfc75e31ab673dc07d23923068f
41900,27/07/2017 16:54,Problem Solving,02e03248ac3ecd4493618e16a81be172cb72acfc75e31ab673dc07d23923068f
41901,27/07/2017 16:54,Problem Solving,02e03248ac3ecd4493618e16a81be172cb72acfc75e31ab673dc07d23923068f
41902,27/07/2017 16:54,Problem Solving,02e03248ac3ecd4493618e16a81be172cb72acfc75e31ab673dc07d23923068f
41903,27/07/2017 16:54,Problem Solving,02e03248ac3ecd4493618e16a81be172cb72acfc75e31ab673dc07d23923068f
41904,27/07/2017 16:54,Problem Solving,02e03248ac3ecd4493618e16a81be172cb72acfc75e31ab673dc07d23923068f
41905,27/07/2017 16:53,Problem Solving,02e03248ac3ecd4493618e16a81be172cb72acfc75e31ab673dc07d23923068f
41906,27/07/2017 16:53,Problem Solving,02e03248ac3ecd4493618e16a81be172cb72acfc75e31ab673dc07d23923068f
41907,27/07/2017 16:53,Problem Solving,02e03248ac3ecd4493618e16a81be172cb72acfc75e31ab673dc07d23923068f
41908,27/07/2017 16:53,Problem Solving,02e03248ac3ecd4493618e16a81be172cb72acfc75e31ab673dc07d23923068f
41909,27/07/2017 16:53,Lecture & Tutorial,e069f95d2ee1205269526184a0312896e46932008748992e31a439a4d1ae2d99
41910,27/07/2017 16:53,Lecture & Tutorial,e069f95d2ee1205269526184a0312896e46932008748992e31a439a4d1ae2d99
41911,27/07/2017 16:53,Lecture & Tutorial,e069f95d2ee1205269526184a0312896e46932008748992e31a439a4d1ae2d99
41912,27/07/2017 16:53,Lecture & Tutorial,e069f95d2ee1205269526184a0312896e46932008748992e31a439a4d1ae2d99
41913,27/07/2017 16:53,Question & Help,e069f95d2ee1205269526184a0312896e46932008748992e31a439a4d1ae2d99
41914,27/07/2017 16:53,Lecture & Tutorial,e069f95d2ee1205269526184a0312896e46932008748992e31a439a4d1ae2d99
41915,27/07/2017 16:53,Lecture & Tutorial,e069f95d2ee1205269526184a0312896e46932008748992e31a439a4d1ae2d99
41916,27/07/2017 16:53,Lecture & Tutorial,e069f95d2ee1205269526184a0312896e46932008748992e31a439a4d1ae2d99
41917,27/07/2017 16:53,Lecture & Tutorial,e069f95d2ee1205269526184a0312896e46932008748992e31a439a4d1ae2d99
41918,27/07/2017 16:53,Lecture & Tutorial,e069f95d2ee1205269526184a0312896e46932008748992e31a439a4d1ae2d99
41919,27/07/2017 16:53,Lecture & Tutorial,e069f95d2ee1205269526184a0312896e46932008748992e31a439a4d1ae2d99
41920,27/07/2017 16:53,Lecture & Tutorial,e069f95d2ee1205269526184a0312896e46932008748992e31a439a4d1ae2d99
41921,27/07/2017 16:53,Lecture & Tutorial,e069f95d2ee1205269526184a0312896e46932008748992e31a439a4d1ae2d99
41922,27/07/2017 16:53,Lecture & Tutorial,e069f95d2ee1205269526184a0312896e46932008748992e31a439a4d1ae2d99
41923,27/07/2017 16:53,Lecture & Tutorial,e069f95d2ee1205269526184a0312896e46932008748992e31a439a4d1ae2d99
41924,27/07/2017 16:53,Lecture & Tutorial,e069f95d2ee1205269526184a0312896e46932008748992e31a439a4d1ae2d99
41925,27/07/2017 16:53,Lecture & Tutorial,e069f95d2ee1205269526184a0312896e46932008748992e31a439a4d1ae2d99
41926,27/07/2017 16:53,Problem Solving,02e03248ac3ecd4493618e16a81be172cb72acfc75e31ab673dc07d23923068f
41927,27/07/2017 16:53,Problem Solving,02e03248ac3ecd4493618e16a81be172cb72acfc75e31ab673dc07d23923068f
41928,27/07/2017 16:53,Problem Solving,02e03248ac3ecd4493618e16a81be172cb72acfc75e31ab673dc07d23923068f
41929,27/07/2017 16:53,Problem Solving,02e03248ac3ecd4493618e16a81be172cb72acfc75e31ab673dc07d23923068f
41930,27/07/2017 16:52,Problem Solving,02e03248ac3ecd4493618e16a81be172cb72acfc75e31ab673dc07d23923068f
41931,27/07/2017 16:52,Problem Solving,02e03248ac3ecd4493618e16a81be172cb72acfc75e31ab673dc07d23923068f
41932,27/07/2017 16:52,Projects,f882355eb5aacde98d98bb66d73bd07d04b8eaee6b82302a8e60d211c9510d67
41933,27/07/2017 16:52,Projects,f882355eb5aacde98d98bb66d73bd07d04b8eaee6b82302a8e60d211c9510d67
41934,27/07/2017 16:52,Projects,f882355eb5aacde98d98bb66d73bd07d04b8eaee6b82302a8e60d211c9510d67
41935,27/07/2017 16:52,Projects,f882355eb5aacde98d98bb66d73bd07d04b8eaee6b82302a8e60d211c9510d67
41936,27/07/2017 16:52,View Announcements,f58be0016d63fdf438d6f43ac7b2a9d13bf1f2454a4cec0451676b2fd4d636ee
41937,27/07/2017 16:52,View Announcements,f58be0016d63fdf438d6f43ac7b2a9d13bf1f2454a4cec0451676b2fd4d636ee
41938,27/07/2017 16:52,Projects,f882355eb5aacde98d98bb66d73bd07d04b8eaee6b82302a8e60d211c9510d67
41939,27/07/2017 16:52,Projects,f882355eb5aacde98d98bb66d73bd07d04b8eaee6b82302a8e60d211c9510d67
41940,27/07/2017 16:52,Assessment,f882355eb5aacde98d98bb66d73bd07d04b8eaee6b82302a8e60d211c9510d67
41941,27/07/2017 16:51,View Announcements,f882355eb5aacde98d98bb66d73bd07d04b8eaee6b82302a8e60d211c9510d67
41942,27/07/2017 16:51,Projects,f882355eb5aacde98d98bb66d73bd07d04b8eaee6b82302a8e60d211c9510d67
41943,27/07/2017 16:51,Projects,f882355eb5aacde98d98bb66d73bd07d04b8eaee6b82302a8e60d211c9510d67
41944,27/07/2017 16:51,Projects,f882355eb5aacde98d98bb66d73bd07d04b8eaee6b82302a8e60d211c9510d67
41945,27/07/2017 16:51,Lecture & Tutorial,f882355eb5aacde98d98bb66d73bd07d04b8eaee6b82302a8e60d211c9510d67
41946,27/07/2017 16:51,View Announcements,f882355eb5aacde98d98bb66d73bd07d04b8eaee6b82302a8e60d211c9510d67
41947,27/07/2017 16:51,Problem Solving,02e03248ac3ecd4493618e16a81be172cb72acfc75e31ab673dc07d23923068f
41948,27/07/2017 16:51,Problem Solving,02e03248ac3ecd4493618e16a81be172cb72acfc75e31ab673dc07d23923068f
41949,27/07/2017 16:51,Problem Solving,02e03248ac3ecd4493618e16a81be172cb72acfc75e31ab673dc07d23923068f
41950,27/07/2017 16:51,Problem Solving,02e03248ac3ecd4493618e16a81be172cb72acfc75e31ab673dc07d23923068f
41951,27/07/2017 16:51,Problem Solving,02e03248ac3ecd4493618e16a81be172cb72acfc75e31ab673dc07d23923068f
41952,27/07/2017 16:51,Problem Solving,02e03248ac3ecd4493618e16a81be172cb72acfc75e31ab673dc07d23923068f
41953,27/07/2017 16:51,Problem Solving,02e03248ac3ecd4493618e16a81be172cb72acfc75e31ab673dc07d23923068f
41954,27/07/2017 16:51,Problem Solving,02e03248ac3ecd4493618e16a81be172cb72acfc75e31ab673dc07d23923068f
41955,27/07/2017 16:50,Problem Solving,02e03248ac3ecd4493618e16a81be172cb72acfc75e31ab673dc07d23923068f
41956,27/07/2017 16:50,Problem Solving,02e03248ac3ecd4493618e16a81be172cb72acfc75e31ab673dc07d23923068f
41957,27/07/2017 16:50,Problem Solving,02e03248ac3ecd4493618e16a81be172cb72acfc75e31ab673dc07d23923068f
41958,27/07/2017 16:50,Problem Solving,02e03248ac3ecd4493618e16a81be172cb72acfc75e31ab673dc07d23923068f
41959,27/07/2017 16:50,Problem Solving,02e03248ac3ecd4493618e16a81be172cb72acfc75e31ab673dc07d23923068f
41960,27/07/2017 16:50,Problem Solving,02e03248ac3ecd4493618e16a81be172cb72acfc75e31ab673dc07d23923068f
41961,27/07/2017 16:50,Problem Solving,02e03248ac3ecd4493618e16a81be172cb72acfc75e31ab673dc07d23923068f
41962,27/07/2017 16:50,Problem Solving,02e03248ac3ecd4493618e16a81be172cb72acfc75e31ab673dc07d23923068f
41963,27/07/2017 16:50,Lecture & Tutorial,cab7fd447474243dee4baf1c7289a84188cf9e70884f345774143c51e2eb18b4
41964,27/07/2017 16:50,Lecture & Tutorial,cab7fd447474243dee4baf1c7289a84188cf9e70884f345774143c51e2eb18b4
41965,27/07/2017 16:50,Lecture & Tutorial,cab7fd447474243dee4baf1c7289a84188cf9e70884f345774143c51e2eb18b4
41966,27/07/2017 16:50,Problem Solving,4cd6858b6f0e22a43d1195241e86f85d05fa7b88ac057af3c45f9522900eb716
41967,27/07/2017 16:50,Problem Solving,02e03248ac3ecd4493618e16a81be172cb72acfc75e31ab673dc07d23923068f
41968,27/07/2017 16:50,Problem Solving,02e03248ac3ecd4493618e16a81be172cb72acfc75e31ab673dc07d23923068f
41969,27/07/2017 16:50,View Announcements,cab7fd447474243dee4baf1c7289a84188cf9e70884f345774143c51e2eb18b4
41970,27/07/2017 16:50,View Announcements,cab7fd447474243dee4baf1c7289a84188cf9e70884f345774143c51e2eb18b4
41971,27/07/2017 16:50,Problem Solving,02e03248ac3ecd4493618e16a81be172cb72acfc75e31ab673dc07d23923068f
41972,27/07/2017 16:50,Problem Solving,02e03248ac3ecd4493618e16a81be172cb72acfc75e31ab673dc07d23923068f
41973,27/07/2017 16:50,View Announcements,cab7fd447474243dee4baf1c7289a84188cf9e70884f345774143c51e2eb18b4
41974,27/07/2017 16:50,Lecture & Tutorial,cab7fd447474243dee4baf1c7289a84188cf9e70884f345774143c51e2eb18b4
41975,27/07/2017 16:49,View Announcements,cab7fd447474243dee4baf1c7289a84188cf9e70884f345774143c51e2eb18b4
41976,27/07/2017 16:49,Lecture & Tutorial,cab7fd447474243dee4baf1c7289a84188cf9e70884f345774143c51e2eb18b4
41977,27/07/2017 16:49,Problem Solving,02e03248ac3ecd4493618e16a81be172cb72acfc75e31ab673dc07d23923068f
41978,27/07/2017 16:49,Problem Solving,02e03248ac3ecd4493618e16a81be172cb72acfc75e31ab673dc07d23923068f
41979,27/07/2017 16:49,Problem Solving,cab7fd447474243dee4baf1c7289a84188cf9e70884f345774143c51e2eb18b4
41980,27/07/2017 16:49,Lecture & Tutorial,cab7fd447474243dee4baf1c7289a84188cf9e70884f345774143c51e2eb18b4
41981,27/07/2017 16:49,View Announcements,cab7fd447474243dee4baf1c7289a84188cf9e70884f345774143c51e2eb18b4
41982,27/07/2017 16:49,Problem Solving,02e03248ac3ecd4493618e16a81be172cb72acfc75e31ab673dc07d23923068f
41983,27/07/2017 16:49,Problem Solving,02e03248ac3ecd4493618e16a81be172cb72acfc75e31ab673dc07d23923068f
41984,27/07/2017 16:49,Problem Solving,02e03248ac3ecd4493618e16a81be172cb72acfc75e31ab673dc07d23923068f
41985,27/07/2017 16:49,Problem Solving,02e03248ac3ecd4493618e16a81be172cb72acfc75e31ab673dc07d23923068f
41986,27/07/2017 16:49,Problem Solving,02e03248ac3ecd4493618e16a81be172cb72acfc75e31ab673dc07d23923068f
41987,27/07/2017 16:49,Problem Solving,02e03248ac3ecd4493618e16a81be172cb72acfc75e31ab673dc07d23923068f
41988,27/07/2017 16:48,Problem Solving,4cd6858b6f0e22a43d1195241e86f85d05fa7b88ac057af3c45f9522900eb716
41989,27/07/2017 16:48,Problem Solving,02e03248ac3ecd4493618e16a81be172cb72acfc75e31ab673dc07d23923068f
41990,27/07/2017 16:48,Problem Solving,02e03248ac3ecd4493618e16a81be172cb72acfc75e31ab673dc07d23923068f
41991,27/07/2017 16:48,Problem Solving,02e03248ac3ecd4493618e16a81be172cb72acfc75e31ab673dc07d23923068f
41992,27/07/2017 16:48,Problem Solving,02e03248ac3ecd4493618e16a81be172cb72acfc75e31ab673dc07d23923068f
41993,27/07/2017 16:48,Problem Solving,02e03248ac3ecd4493618e16a81be172cb72acfc75e31ab673dc07d23923068f
41994,27/07/2017 16:48,Problem Solving,4cd6858b6f0e22a43d1195241e86f85d05fa7b88ac057af3c45f9522900eb716
41995,27/07/2017 16:47,Problem Solving,4cd6858b6f0e22a43d1195241e86f85d05fa7b88ac057af3c45f9522900eb716
41996,27/07/2017 16:47,Problem Solving,02e03248ac3ecd4493618e16a81be172cb72acfc75e31ab673dc07d23923068f
41997,27/07/2017 16:47,Problem Solving,02e03248ac3ecd4493618e16a81be172cb72acfc75e31ab673dc07d23923068f
41998,27/07/2017 16:47,Lecture & Tutorial,4cd6858b6f0e22a43d1195241e86f85d05fa7b88ac057af3c45f9522900eb716
41999,27/07/2017 16:47,Problem Solving,4cd6858b6f0e22a43d1195241e86f85d05fa7b88ac057af3c45f9522900eb716
42000,27/07/2017 16:47,Problem Solving,4cd6858b6f0e22a43d1195241e86f85d05fa7b88ac057af3c45f9522900eb716
42001,27/07/2017 16:47,Projects,51c2ed35ee7f07dcb568689f2b0f2c0ac01522ae1ba177cb57668e6143488f12
42002,27/07/2017 16:47,Projects,51c2ed35ee7f07dcb568689f2b0f2c0ac01522ae1ba177cb57668e6143488f12
42003,27/07/2017 16:47,Projects,51c2ed35ee7f07dcb568689f2b0f2c0ac01522ae1ba177cb57668e6143488f12
42004,27/07/2017 16:47,Lecture & Tutorial,51c2ed35ee7f07dcb568689f2b0f2c0ac01522ae1ba177cb57668e6143488f12
42005,27/07/2017 16:47,Projects,51c2ed35ee7f07dcb568689f2b0f2c0ac01522ae1ba177cb57668e6143488f12
42006,27/07/2017 16:46,Problem Solving,4cd6858b6f0e22a43d1195241e86f85d05fa7b88ac057af3c45f9522900eb716
42007,27/07/2017 16:46,Problem Solving,4cd6858b6f0e22a43d1195241e86f85d05fa7b88ac057af3c45f9522900eb716
42008,27/07/2017 16:46,Lecture & Tutorial,4cd6858b6f0e22a43d1195241e86f85d05fa7b88ac057af3c45f9522900eb716
42009,27/07/2017 16:46,Materials,4cd6858b6f0e22a43d1195241e86f85d05fa7b88ac057af3c45f9522900eb716
42010,27/07/2017 16:46,Materials,4cd6858b6f0e22a43d1195241e86f85d05fa7b88ac057af3c45f9522900eb716
42011,27/07/2017 16:45,Materials,4cd6858b6f0e22a43d1195241e86f85d05fa7b88ac057af3c45f9522900eb716
42012,27/07/2017 16:45,Projects,51c2ed35ee7f07dcb568689f2b0f2c0ac01522ae1ba177cb57668e6143488f12
42013,27/07/2017 16:45,Projects,51c2ed35ee7f07dcb568689f2b0f2c0ac01522ae1ba177cb57668e6143488f12
42014,27/07/2017 16:45,Projects,51c2ed35ee7f07dcb568689f2b0f2c0ac01522ae1ba177cb57668e6143488f12
42015,27/07/2017 16:44,Projects,5118c010686e973890d5180d820bcc79f77eb5a7fb1cb79dbdb97d7101f99691
42016,27/07/2017 16:44,Materials,4cd6858b6f0e22a43d1195241e86f85d05fa7b88ac057af3c45f9522900eb716
42017,27/07/2017 16:44,Projects,5118c010686e973890d5180d820bcc79f77eb5a7fb1cb79dbdb97d7101f99691
42018,27/07/2017 16:44,Projects,5118c010686e973890d5180d820bcc79f77eb5a7fb1cb79dbdb97d7101f99691
42019,27/07/2017 16:44,Projects,5118c010686e973890d5180d820bcc79f77eb5a7fb1cb79dbdb97d7101f99691
42020,27/07/2017 16:44,Projects,5118c010686e973890d5180d820bcc79f77eb5a7fb1cb79dbdb97d7101f99691
42021,27/07/2017 16:44,Lecture & Tutorial,5118c010686e973890d5180d820bcc79f77eb5a7fb1cb79dbdb97d7101f99691
42022,27/07/2017 16:43,Materials,5118c010686e973890d5180d820bcc79f77eb5a7fb1cb79dbdb97d7101f99691
42023,27/07/2017 16:43,Lecture & Tutorial,5118c010686e973890d5180d820bcc79f77eb5a7fb1cb79dbdb97d7101f99691
42024,27/07/2017 16:43,Problem Solving,5118c010686e973890d5180d820bcc79f77eb5a7fb1cb79dbdb97d7101f99691
42025,27/07/2017 16:43,Problem Solving,5118c010686e973890d5180d820bcc79f77eb5a7fb1cb79dbdb97d7101f99691
42026,27/07/2017 16:43,Lecture & Tutorial,5118c010686e973890d5180d820bcc79f77eb5a7fb1cb79dbdb97d7101f99691
42027,27/07/2017 16:43,Materials,4cd6858b6f0e22a43d1195241e86f85d05fa7b88ac057af3c45f9522900eb716
42028,27/07/2017 16:43,Projects,51c2ed35ee7f07dcb568689f2b0f2c0ac01522ae1ba177cb57668e6143488f12
42029,27/07/2017 16:43,Lecture & Tutorial,51c2ed35ee7f07dcb568689f2b0f2c0ac01522ae1ba177cb57668e6143488f12
42030,27/07/2017 16:43,Projects,51c2ed35ee7f07dcb568689f2b0f2c0ac01522ae1ba177cb57668e6143488f12
42031,27/07/2017 16:43,Group Pages,a347a2098425f5b6c9f60f4a71135a9aceed2038b15cc80b9bf1f2e80c3905aa
42032,27/07/2017 16:43,Projects,a347a2098425f5b6c9f60f4a71135a9aceed2038b15cc80b9bf1f2e80c3905aa
42033,27/07/2017 16:43,View Announcements,939d17cc9c35d36a287d54beec9c479deffb9879b8351eca30ced5e71e3337f8
42034,27/07/2017 16:43,Projects,a347a2098425f5b6c9f60f4a71135a9aceed2038b15cc80b9bf1f2e80c3905aa
42035,27/07/2017 16:43,Lecture & Tutorial,939d17cc9c35d36a287d54beec9c479deffb9879b8351eca30ced5e71e3337f8
42036,27/07/2017 16:43,Materials,4cd6858b6f0e22a43d1195241e86f85d05fa7b88ac057af3c45f9522900eb716
42037,27/07/2017 16:43,Projects,939d17cc9c35d36a287d54beec9c479deffb9879b8351eca30ced5e71e3337f8
42038,27/07/2017 16:43,Projects,a347a2098425f5b6c9f60f4a71135a9aceed2038b15cc80b9bf1f2e80c3905aa
42039,27/07/2017 16:43,Materials,4cd6858b6f0e22a43d1195241e86f85d05fa7b88ac057af3c45f9522900eb716
42040,27/07/2017 16:43,Lecture & Tutorial,939d17cc9c35d36a287d54beec9c479deffb9879b8351eca30ced5e71e3337f8
42041,27/07/2017 16:43,Projects,a347a2098425f5b6c9f60f4a71135a9aceed2038b15cc80b9bf1f2e80c3905aa
42042,27/07/2017 16:43,Lecture & Tutorial,939d17cc9c35d36a287d54beec9c479deffb9879b8351eca30ced5e71e3337f8
42043,27/07/2017 16:43,Lecture & Tutorial,939d17cc9c35d36a287d54beec9c479deffb9879b8351eca30ced5e71e3337f8
42044,27/07/2017 16:43,View Announcements,939d17cc9c35d36a287d54beec9c479deffb9879b8351eca30ced5e71e3337f8
42045,27/07/2017 16:43,Lecture & Tutorial,939d17cc9c35d36a287d54beec9c479deffb9879b8351eca30ced5e71e3337f8
42046,27/07/2017 16:43,Lecture & Tutorial,939d17cc9c35d36a287d54beec9c479deffb9879b8351eca30ced5e71e3337f8
42047,27/07/2017 16:43,Lecture & Tutorial,939d17cc9c35d36a287d54beec9c479deffb9879b8351eca30ced5e71e3337f8
42048,27/07/2017 16:43,Lecture & Tutorial,939d17cc9c35d36a287d54beec9c479deffb9879b8351eca30ced5e71e3337f8
42049,27/07/2017 16:43,Lecture & Tutorial,939d17cc9c35d36a287d54beec9c479deffb9879b8351eca30ced5e71e3337f8
42050,27/07/2017 16:43,Lecture & Tutorial,939d17cc9c35d36a287d54beec9c479deffb9879b8351eca30ced5e71e3337f8
42051,27/07/2017 16:43,Lecture & Tutorial,939d17cc9c35d36a287d54beec9c479deffb9879b8351eca30ced5e71e3337f8
42052,27/07/2017 16:43,Lecture & Tutorial,939d17cc9c35d36a287d54beec9c479deffb9879b8351eca30ced5e71e3337f8
42053,27/07/2017 16:43,Lecture & Tutorial,939d17cc9c35d36a287d54beec9c479deffb9879b8351eca30ced5e71e3337f8
42054,27/07/2017 16:42,Lecture & Tutorial,939d17cc9c35d36a287d54beec9c479deffb9879b8351eca30ced5e71e3337f8
42055,27/07/2017 16:42,Lecture & Tutorial,939d17cc9c35d36a287d54beec9c479deffb9879b8351eca30ced5e71e3337f8
42056,27/07/2017 16:42,Lecture & Tutorial,939d17cc9c35d36a287d54beec9c479deffb9879b8351eca30ced5e71e3337f8
42057,27/07/2017 16:42,Projects,a347a2098425f5b6c9f60f4a71135a9aceed2038b15cc80b9bf1f2e80c3905aa
42058,27/07/2017 16:42,Lecture & Tutorial,939d17cc9c35d36a287d54beec9c479deffb9879b8351eca30ced5e71e3337f8
42059,27/07/2017 16:42,Lecture & Tutorial,939d17cc9c35d36a287d54beec9c479deffb9879b8351eca30ced5e71e3337f8
42060,27/07/2017 16:42,Lecture & Tutorial,a347a2098425f5b6c9f60f4a71135a9aceed2038b15cc80b9bf1f2e80c3905aa
42061,27/07/2017 16:42,Lecture & Tutorial,939d17cc9c35d36a287d54beec9c479deffb9879b8351eca30ced5e71e3337f8
42062,27/07/2017 16:42,Lecture & Tutorial,939d17cc9c35d36a287d54beec9c479deffb9879b8351eca30ced5e71e3337f8
42063,27/07/2017 16:42,Lecture & Tutorial,939d17cc9c35d36a287d54beec9c479deffb9879b8351eca30ced5e71e3337f8
42064,27/07/2017 16:42,Lecture & Tutorial,939d17cc9c35d36a287d54beec9c479deffb9879b8351eca30ced5e71e3337f8
42065,27/07/2017 16:40,Problem Solving,9612d5c8a78495fc5ab9a8d67e46d6815910a14d04be045530fd7f039efa1483
42066,27/07/2017 16:40,Problem Solving,0b37074853e2be7c6c989492a9d36d14c437dedd27e0b809e60671cf6daa3504
42067,27/07/2017 16:40,Problem Solving,0b37074853e2be7c6c989492a9d36d14c437dedd27e0b809e60671cf6daa3504
42068,27/07/2017 16:40,Problem Solving,0b37074853e2be7c6c989492a9d36d14c437dedd27e0b809e60671cf6daa3504
42069,27/07/2017 16:40,View Announcements,a347a2098425f5b6c9f60f4a71135a9aceed2038b15cc80b9bf1f2e80c3905aa
42070,27/07/2017 16:40,Problem Solving,0b37074853e2be7c6c989492a9d36d14c437dedd27e0b809e60671cf6daa3504
42071,27/07/2017 16:40,Problem Solving,0b37074853e2be7c6c989492a9d36d14c437dedd27e0b809e60671cf6daa3504
42072,27/07/2017 16:40,Problem Solving,0b37074853e2be7c6c989492a9d36d14c437dedd27e0b809e60671cf6daa3504
42073,27/07/2017 16:40,Problem Solving,0b37074853e2be7c6c989492a9d36d14c437dedd27e0b809e60671cf6daa3504
42074,27/07/2017 16:40,Problem Solving,0b37074853e2be7c6c989492a9d36d14c437dedd27e0b809e60671cf6daa3504
42075,27/07/2017 16:39,Problem Solving,0b37074853e2be7c6c989492a9d36d14c437dedd27e0b809e60671cf6daa3504
42076,27/07/2017 16:39,Problem Solving,0b37074853e2be7c6c989492a9d36d14c437dedd27e0b809e60671cf6daa3504
42077,27/07/2017 16:39,Problem Solving,0b37074853e2be7c6c989492a9d36d14c437dedd27e0b809e60671cf6daa3504
42078,27/07/2017 16:39,Problem Solving,0b37074853e2be7c6c989492a9d36d14c437dedd27e0b809e60671cf6daa3504
42079,27/07/2017 16:39,Problem Solving,0b37074853e2be7c6c989492a9d36d14c437dedd27e0b809e60671cf6daa3504
42080,27/07/2017 16:39,Problem Solving,0b37074853e2be7c6c989492a9d36d14c437dedd27e0b809e60671cf6daa3504
42081,27/07/2017 16:39,Problem Solving,0b37074853e2be7c6c989492a9d36d14c437dedd27e0b809e60671cf6daa3504
42082,27/07/2017 16:39,Problem Solving,0b37074853e2be7c6c989492a9d36d14c437dedd27e0b809e60671cf6daa3504
42083,27/07/2017 16:39,Problem Solving,0b37074853e2be7c6c989492a9d36d14c437dedd27e0b809e60671cf6daa3504
42084,27/07/2017 16:39,Problem Solving,0b37074853e2be7c6c989492a9d36d14c437dedd27e0b809e60671cf6daa3504
42085,27/07/2017 16:39,Problem Solving,0b37074853e2be7c6c989492a9d36d14c437dedd27e0b809e60671cf6daa3504
42086,27/07/2017 16:39,Problem Solving,0b37074853e2be7c6c989492a9d36d14c437dedd27e0b809e60671cf6daa3504
42087,27/07/2017 16:38,Problem Solving,0b37074853e2be7c6c989492a9d36d14c437dedd27e0b809e60671cf6daa3504
42088,27/07/2017 16:38,Problem Solving,0b37074853e2be7c6c989492a9d36d14c437dedd27e0b809e60671cf6daa3504
42089,27/07/2017 16:38,Problem Solving,0b37074853e2be7c6c989492a9d36d14c437dedd27e0b809e60671cf6daa3504
42090,27/07/2017 16:38,Problem Solving,0b37074853e2be7c6c989492a9d36d14c437dedd27e0b809e60671cf6daa3504
42091,27/07/2017 16:38,Instruction file,8894134f14eac15385ac4c4680d59d7f241473f1664b9f2cb9fd17977e3e6ca2
42092,27/07/2017 16:38,Lecture & Tutorial,8894134f14eac15385ac4c4680d59d7f241473f1664b9f2cb9fd17977e3e6ca2
42093,27/07/2017 16:38,Materials,4cd6858b6f0e22a43d1195241e86f85d05fa7b88ac057af3c45f9522900eb716
42094,27/07/2017 16:38,Materials,4cd6858b6f0e22a43d1195241e86f85d05fa7b88ac057af3c45f9522900eb716
42095,27/07/2017 16:38,Problem Solving,0b37074853e2be7c6c989492a9d36d14c437dedd27e0b809e60671cf6daa3504
42096,27/07/2017 16:38,Problem Solving,0b37074853e2be7c6c989492a9d36d14c437dedd27e0b809e60671cf6daa3504
42097,27/07/2017 16:38,Problem Solving,0b37074853e2be7c6c989492a9d36d14c437dedd27e0b809e60671cf6daa3504
42098,27/07/2017 16:38,Problem Solving,0b37074853e2be7c6c989492a9d36d14c437dedd27e0b809e60671cf6daa3504
42099,27/07/2017 16:38,Problem Solving,0b37074853e2be7c6c989492a9d36d14c437dedd27e0b809e60671cf6daa3504
42100,27/07/2017 16:38,Problem Solving,0b37074853e2be7c6c989492a9d36d14c437dedd27e0b809e60671cf6daa3504
42101,27/07/2017 16:38,Problem Solving,0b37074853e2be7c6c989492a9d36d14c437dedd27e0b809e60671cf6daa3504
42102,27/07/2017 16:38,Problem Solving,0b37074853e2be7c6c989492a9d36d14c437dedd27e0b809e60671cf6daa3504
42103,27/07/2017 16:37,Problem Solving,8894134f14eac15385ac4c4680d59d7f241473f1664b9f2cb9fd17977e3e6ca2
42104,27/07/2017 16:37,Problem Solving,8894134f14eac15385ac4c4680d59d7f241473f1664b9f2cb9fd17977e3e6ca2
42105,27/07/2017 16:37,Lecture & Tutorial,8894134f14eac15385ac4c4680d59d7f241473f1664b9f2cb9fd17977e3e6ca2
42106,27/07/2017 16:37,View Announcements,e3cacfd30350c441ee57af6571e1295dc3d25654cae738b99cd2a86c64fe0bb3
42107,27/07/2017 16:37,Problem Solving,0b37074853e2be7c6c989492a9d36d14c437dedd27e0b809e60671cf6daa3504
42108,27/07/2017 16:37,Problem Solving,0b37074853e2be7c6c989492a9d36d14c437dedd27e0b809e60671cf6daa3504
42109,27/07/2017 16:37,View Announcements,e3cacfd30350c441ee57af6571e1295dc3d25654cae738b99cd2a86c64fe0bb3
42110,27/07/2017 16:37,Problem Solving,0b37074853e2be7c6c989492a9d36d14c437dedd27e0b809e60671cf6daa3504
42111,27/07/2017 16:37,Problem Solving,0b37074853e2be7c6c989492a9d36d14c437dedd27e0b809e60671cf6daa3504
42112,27/07/2017 16:37,Problem Solving,0b37074853e2be7c6c989492a9d36d14c437dedd27e0b809e60671cf6daa3504
42113,27/07/2017 16:37,Problem Solving,0b37074853e2be7c6c989492a9d36d14c437dedd27e0b809e60671cf6daa3504
42114,27/07/2017 16:37,Problem Solving,0b37074853e2be7c6c989492a9d36d14c437dedd27e0b809e60671cf6daa3504
42115,27/07/2017 16:37,Problem Solving,0b37074853e2be7c6c989492a9d36d14c437dedd27e0b809e60671cf6daa3504
42116,27/07/2017 16:37,Problem Solving,0b37074853e2be7c6c989492a9d36d14c437dedd27e0b809e60671cf6daa3504
42117,27/07/2017 16:37,Problem Solving,0b37074853e2be7c6c989492a9d36d14c437dedd27e0b809e60671cf6daa3504
42118,27/07/2017 16:37,Materials,756099877e429cbee89561d14cf0256641de7807cc34d2a62bc3bd510c6a30a5
42119,27/07/2017 16:37,Problem Solving,0b37074853e2be7c6c989492a9d36d14c437dedd27e0b809e60671cf6daa3504
42120,27/07/2017 16:37,Problem Solving,0b37074853e2be7c6c989492a9d36d14c437dedd27e0b809e60671cf6daa3504
42121,27/07/2017 16:36,Materials,756099877e429cbee89561d14cf0256641de7807cc34d2a62bc3bd510c6a30a5
42122,27/07/2017 16:36,Materials,4cd6858b6f0e22a43d1195241e86f85d05fa7b88ac057af3c45f9522900eb716
42123,27/07/2017 16:36,Problem Solving,0b37074853e2be7c6c989492a9d36d14c437dedd27e0b809e60671cf6daa3504
42124,27/07/2017 16:36,Problem Solving,0b37074853e2be7c6c989492a9d36d14c437dedd27e0b809e60671cf6daa3504
42125,27/07/2017 16:36,Assessment,756099877e429cbee89561d14cf0256641de7807cc34d2a62bc3bd510c6a30a5
42126,27/07/2017 16:36,View Announcements,756099877e429cbee89561d14cf0256641de7807cc34d2a62bc3bd510c6a30a5
42127,27/07/2017 16:36,Problem Solving,0b37074853e2be7c6c989492a9d36d14c437dedd27e0b809e60671cf6daa3504
42128,27/07/2017 16:36,Problem Solving,0b37074853e2be7c6c989492a9d36d14c437dedd27e0b809e60671cf6daa3504
42129,27/07/2017 16:36,Problem Solving,0b37074853e2be7c6c989492a9d36d14c437dedd27e0b809e60671cf6daa3504
42130,27/07/2017 16:36,Problem Solving,0b37074853e2be7c6c989492a9d36d14c437dedd27e0b809e60671cf6daa3504
42131,27/07/2017 16:36,Problem Solving,0b37074853e2be7c6c989492a9d36d14c437dedd27e0b809e60671cf6daa3504
42132,27/07/2017 16:36,Problem Solving,0b37074853e2be7c6c989492a9d36d14c437dedd27e0b809e60671cf6daa3504
42133,27/07/2017 16:36,Problem Solving,0b37074853e2be7c6c989492a9d36d14c437dedd27e0b809e60671cf6daa3504
42134,27/07/2017 16:36,Problem Solving,0b37074853e2be7c6c989492a9d36d14c437dedd27e0b809e60671cf6daa3504
42135,27/07/2017 16:35,Problem Solving,0b37074853e2be7c6c989492a9d36d14c437dedd27e0b809e60671cf6daa3504
42136,27/07/2017 16:35,Problem Solving,0b37074853e2be7c6c989492a9d36d14c437dedd27e0b809e60671cf6daa3504
42137,27/07/2017 16:35,Projects,51c2ed35ee7f07dcb568689f2b0f2c0ac01522ae1ba177cb57668e6143488f12
42138,27/07/2017 16:35,Projects,51c2ed35ee7f07dcb568689f2b0f2c0ac01522ae1ba177cb57668e6143488f12
42139,27/07/2017 16:35,Projects,51c2ed35ee7f07dcb568689f2b0f2c0ac01522ae1ba177cb57668e6143488f12
42140,27/07/2017 16:35,Projects,51c2ed35ee7f07dcb568689f2b0f2c0ac01522ae1ba177cb57668e6143488f12
42141,27/07/2017 16:35,Projects,51c2ed35ee7f07dcb568689f2b0f2c0ac01522ae1ba177cb57668e6143488f12
42142,27/07/2017 16:35,Lecture & Tutorial,51c2ed35ee7f07dcb568689f2b0f2c0ac01522ae1ba177cb57668e6143488f12
42143,27/07/2017 16:34,Instruction file,b1e90e27aa7f325c61fdb5c7b79dc4bfc21e255aeff34a45ee3458d231f392de
42144,27/07/2017 16:34,Lecture & Tutorial,4cd6858b6f0e22a43d1195241e86f85d05fa7b88ac057af3c45f9522900eb716
42145,27/07/2017 16:34,Materials,4cd6858b6f0e22a43d1195241e86f85d05fa7b88ac057af3c45f9522900eb716
42146,27/07/2017 16:32,Problem Solving,0b37074853e2be7c6c989492a9d36d14c437dedd27e0b809e60671cf6daa3504
42147,27/07/2017 16:32,Problem Solving,0b37074853e2be7c6c989492a9d36d14c437dedd27e0b809e60671cf6daa3504
42148,27/07/2017 16:32,Materials,51c2ed35ee7f07dcb568689f2b0f2c0ac01522ae1ba177cb57668e6143488f12
42149,27/07/2017 16:32,Materials,51c2ed35ee7f07dcb568689f2b0f2c0ac01522ae1ba177cb57668e6143488f12
42150,27/07/2017 16:32,Materials,51c2ed35ee7f07dcb568689f2b0f2c0ac01522ae1ba177cb57668e6143488f12
42151,27/07/2017 16:31,Lecture & Tutorial,51c2ed35ee7f07dcb568689f2b0f2c0ac01522ae1ba177cb57668e6143488f12
42152,27/07/2017 16:31,Materials,51c2ed35ee7f07dcb568689f2b0f2c0ac01522ae1ba177cb57668e6143488f12
42153,27/07/2017 16:30,View Announcements,d451f443a0ed3f34e5336ac3ad20dbf21a287d79845cdd185b8ab1e9e3bf4cf0
42154,27/07/2017 16:30,View Announcements,b5b2d07bf0984d5657d709857feffcdb78423851f429ca5969efddcb7b3ccca0
42155,27/07/2017 16:28,Problem Solving,e069f95d2ee1205269526184a0312896e46932008748992e31a439a4d1ae2d99
42156,27/07/2017 16:27,Lecture & Tutorial,201184d073407a1a4d5e875747dc59ba7f9dc04f1ddf993f60c77bcc7db8545b
42157,27/07/2017 16:27,Lecture & Tutorial,201184d073407a1a4d5e875747dc59ba7f9dc04f1ddf993f60c77bcc7db8545b
42158,27/07/2017 16:27,Lecture & Tutorial,201184d073407a1a4d5e875747dc59ba7f9dc04f1ddf993f60c77bcc7db8545b
42159,27/07/2017 16:27,Problem Solving,725ce235a55b376514ee25e3b7a58febd1e3c2faf47a155be5f019b8526f8bf3
42160,27/07/2017 16:27,Instruction file,201184d073407a1a4d5e875747dc59ba7f9dc04f1ddf993f60c77bcc7db8545b
42161,27/07/2017 16:26,Instruction file,201184d073407a1a4d5e875747dc59ba7f9dc04f1ddf993f60c77bcc7db8545b
42162,27/07/2017 16:26,Instruction file,201184d073407a1a4d5e875747dc59ba7f9dc04f1ddf993f60c77bcc7db8545b
42163,27/07/2017 16:26,Problem Solving,725ce235a55b376514ee25e3b7a58febd1e3c2faf47a155be5f019b8526f8bf3
42164,27/07/2017 16:26,Problem Solving,725ce235a55b376514ee25e3b7a58febd1e3c2faf47a155be5f019b8526f8bf3
42165,27/07/2017 16:26,Instruction file,201184d073407a1a4d5e875747dc59ba7f9dc04f1ddf993f60c77bcc7db8545b
42166,27/07/2017 16:26,Lecture & Tutorial,201184d073407a1a4d5e875747dc59ba7f9dc04f1ddf993f60c77bcc7db8545b
42167,27/07/2017 16:24,Problem Solving,725ce235a55b376514ee25e3b7a58febd1e3c2faf47a155be5f019b8526f8bf3
42168,27/07/2017 16:24,Problem Solving,725ce235a55b376514ee25e3b7a58febd1e3c2faf47a155be5f019b8526f8bf3
42169,27/07/2017 16:24,Lecture & Tutorial,725ce235a55b376514ee25e3b7a58febd1e3c2faf47a155be5f019b8526f8bf3
42170,27/07/2017 16:22,Projects,756099877e429cbee89561d14cf0256641de7807cc34d2a62bc3bd510c6a30a5
42171,27/07/2017 16:22,Projects,756099877e429cbee89561d14cf0256641de7807cc34d2a62bc3bd510c6a30a5
42172,27/07/2017 16:22,Assessment,756099877e429cbee89561d14cf0256641de7807cc34d2a62bc3bd510c6a30a5
42173,27/07/2017 16:22,View Announcements,756099877e429cbee89561d14cf0256641de7807cc34d2a62bc3bd510c6a30a5
42174,27/07/2017 16:21,Problem Solving,02e03248ac3ecd4493618e16a81be172cb72acfc75e31ab673dc07d23923068f
42175,27/07/2017 16:21,Lecture & Tutorial,201184d073407a1a4d5e875747dc59ba7f9dc04f1ddf993f60c77bcc7db8545b
42176,27/07/2017 16:21,Materials,201184d073407a1a4d5e875747dc59ba7f9dc04f1ddf993f60c77bcc7db8545b
42177,27/07/2017 16:21,View Announcements,201184d073407a1a4d5e875747dc59ba7f9dc04f1ddf993f60c77bcc7db8545b
42178,27/07/2017 16:21,View Announcements,201184d073407a1a4d5e875747dc59ba7f9dc04f1ddf993f60c77bcc7db8545b
42179,27/07/2017 16:21,View Announcements,201184d073407a1a4d5e875747dc59ba7f9dc04f1ddf993f60c77bcc7db8545b
42180,27/07/2017 16:20,View Announcements,201184d073407a1a4d5e875747dc59ba7f9dc04f1ddf993f60c77bcc7db8545b
42181,27/07/2017 16:20,Problem Solving,02e03248ac3ecd4493618e16a81be172cb72acfc75e31ab673dc07d23923068f
42182,27/07/2017 16:20,View Announcements,201184d073407a1a4d5e875747dc59ba7f9dc04f1ddf993f60c77bcc7db8545b
42183,27/07/2017 16:20,Projects,201184d073407a1a4d5e875747dc59ba7f9dc04f1ddf993f60c77bcc7db8545b
42184,27/07/2017 16:20,Lecture & Tutorial,201184d073407a1a4d5e875747dc59ba7f9dc04f1ddf993f60c77bcc7db8545b
42185,27/07/2017 16:20,View Announcements,201184d073407a1a4d5e875747dc59ba7f9dc04f1ddf993f60c77bcc7db8545b
42186,27/07/2017 16:20,Problem Solving,02e03248ac3ecd4493618e16a81be172cb72acfc75e31ab673dc07d23923068f
42187,27/07/2017 16:20,Assessment,201184d073407a1a4d5e875747dc59ba7f9dc04f1ddf993f60c77bcc7db8545b
42188,27/07/2017 16:19,View Announcements,201184d073407a1a4d5e875747dc59ba7f9dc04f1ddf993f60c77bcc7db8545b
42189,27/07/2017 16:19,View Announcements,201184d073407a1a4d5e875747dc59ba7f9dc04f1ddf993f60c77bcc7db8545b
42190,27/07/2017 16:19,View Announcements,201184d073407a1a4d5e875747dc59ba7f9dc04f1ddf993f60c77bcc7db8545b
42191,27/07/2017 16:18,Materials,201184d073407a1a4d5e875747dc59ba7f9dc04f1ddf993f60c77bcc7db8545b
42192,27/07/2017 16:18,Materials,201184d073407a1a4d5e875747dc59ba7f9dc04f1ddf993f60c77bcc7db8545b
42193,27/07/2017 16:18,Projects,f58be0016d63fdf438d6f43ac7b2a9d13bf1f2454a4cec0451676b2fd4d636ee
42194,27/07/2017 16:18,Problem Solving,725ce235a55b376514ee25e3b7a58febd1e3c2faf47a155be5f019b8526f8bf3
42195,27/07/2017 16:18,Problem Solving,725ce235a55b376514ee25e3b7a58febd1e3c2faf47a155be5f019b8526f8bf3
42196,27/07/2017 16:18,Problem Solving,725ce235a55b376514ee25e3b7a58febd1e3c2faf47a155be5f019b8526f8bf3
42197,27/07/2017 16:18,Projects,f58be0016d63fdf438d6f43ac7b2a9d13bf1f2454a4cec0451676b2fd4d636ee
42198,27/07/2017 16:18,Projects,f58be0016d63fdf438d6f43ac7b2a9d13bf1f2454a4cec0451676b2fd4d636ee
42199,27/07/2017 16:18,Materials,201184d073407a1a4d5e875747dc59ba7f9dc04f1ddf993f60c77bcc7db8545b
42200,27/07/2017 16:18,Materials,201184d073407a1a4d5e875747dc59ba7f9dc04f1ddf993f60c77bcc7db8545b
42201,27/07/2017 16:18,Materials,201184d073407a1a4d5e875747dc59ba7f9dc04f1ddf993f60c77bcc7db8545b
42202,27/07/2017 16:18,Problem Solving,725ce235a55b376514ee25e3b7a58febd1e3c2faf47a155be5f019b8526f8bf3
42203,27/07/2017 16:17,Lecture & Tutorial,939d17cc9c35d36a287d54beec9c479deffb9879b8351eca30ced5e71e3337f8
42204,27/07/2017 16:17,Lecture & Tutorial,939d17cc9c35d36a287d54beec9c479deffb9879b8351eca30ced5e71e3337f8
42205,27/07/2017 16:17,Lecture & Tutorial,939d17cc9c35d36a287d54beec9c479deffb9879b8351eca30ced5e71e3337f8
42206,27/07/2017 16:17,Lecture & Tutorial,939d17cc9c35d36a287d54beec9c479deffb9879b8351eca30ced5e71e3337f8
42207,27/07/2017 16:17,Lecture & Tutorial,939d17cc9c35d36a287d54beec9c479deffb9879b8351eca30ced5e71e3337f8
42208,27/07/2017 16:17,Lecture & Tutorial,939d17cc9c35d36a287d54beec9c479deffb9879b8351eca30ced5e71e3337f8
42209,27/07/2017 16:17,Lecture & Tutorial,939d17cc9c35d36a287d54beec9c479deffb9879b8351eca30ced5e71e3337f8
42210,27/07/2017 16:17,Lecture & Tutorial,939d17cc9c35d36a287d54beec9c479deffb9879b8351eca30ced5e71e3337f8
42211,27/07/2017 16:17,Lecture & Tutorial,939d17cc9c35d36a287d54beec9c479deffb9879b8351eca30ced5e71e3337f8
42212,27/07/2017 16:17,Lecture & Tutorial,939d17cc9c35d36a287d54beec9c479deffb9879b8351eca30ced5e71e3337f8
42213,27/07/2017 16:17,Lecture & Tutorial,939d17cc9c35d36a287d54beec9c479deffb9879b8351eca30ced5e71e3337f8
42214,27/07/2017 16:17,Lecture & Tutorial,939d17cc9c35d36a287d54beec9c479deffb9879b8351eca30ced5e71e3337f8
42215,27/07/2017 16:17,Lecture & Tutorial,939d17cc9c35d36a287d54beec9c479deffb9879b8351eca30ced5e71e3337f8
42216,27/07/2017 16:17,Lecture & Tutorial,939d17cc9c35d36a287d54beec9c479deffb9879b8351eca30ced5e71e3337f8
42217,27/07/2017 16:17,Lecture & Tutorial,939d17cc9c35d36a287d54beec9c479deffb9879b8351eca30ced5e71e3337f8
42218,27/07/2017 16:17,Lecture & Tutorial,939d17cc9c35d36a287d54beec9c479deffb9879b8351eca30ced5e71e3337f8
42219,27/07/2017 16:17,Projects,f58be0016d63fdf438d6f43ac7b2a9d13bf1f2454a4cec0451676b2fd4d636ee
42220,27/07/2017 16:17,Materials,201184d073407a1a4d5e875747dc59ba7f9dc04f1ddf993f60c77bcc7db8545b
42221,27/07/2017 16:16,Materials,201184d073407a1a4d5e875747dc59ba7f9dc04f1ddf993f60c77bcc7db8545b
42222,27/07/2017 16:16,Materials,201184d073407a1a4d5e875747dc59ba7f9dc04f1ddf993f60c77bcc7db8545b
42223,27/07/2017 16:16,Materials,201184d073407a1a4d5e875747dc59ba7f9dc04f1ddf993f60c77bcc7db8545b
42224,27/07/2017 16:16,Materials,201184d073407a1a4d5e875747dc59ba7f9dc04f1ddf993f60c77bcc7db8545b
42225,27/07/2017 16:16,Materials,201184d073407a1a4d5e875747dc59ba7f9dc04f1ddf993f60c77bcc7db8545b
42226,27/07/2017 16:16,Materials,201184d073407a1a4d5e875747dc59ba7f9dc04f1ddf993f60c77bcc7db8545b
42227,27/07/2017 16:16,Materials,201184d073407a1a4d5e875747dc59ba7f9dc04f1ddf993f60c77bcc7db8545b
42228,27/07/2017 16:15,Materials,201184d073407a1a4d5e875747dc59ba7f9dc04f1ddf993f60c77bcc7db8545b
42229,27/07/2017 16:15,Materials,201184d073407a1a4d5e875747dc59ba7f9dc04f1ddf993f60c77bcc7db8545b
42230,27/07/2017 16:15,Materials,201184d073407a1a4d5e875747dc59ba7f9dc04f1ddf993f60c77bcc7db8545b
42231,27/07/2017 16:15,Materials,201184d073407a1a4d5e875747dc59ba7f9dc04f1ddf993f60c77bcc7db8545b
42232,27/07/2017 16:15,Materials,201184d073407a1a4d5e875747dc59ba7f9dc04f1ddf993f60c77bcc7db8545b
42233,27/07/2017 16:14,Materials,201184d073407a1a4d5e875747dc59ba7f9dc04f1ddf993f60c77bcc7db8545b
42234,27/07/2017 16:14,Materials,201184d073407a1a4d5e875747dc59ba7f9dc04f1ddf993f60c77bcc7db8545b
42235,27/07/2017 16:14,Problem Solving,de120e7c713464614054a090345b4293b7d35926b8b51f459cbf1558f38b4cea
42236,27/07/2017 16:14,Problem Solving,de120e7c713464614054a090345b4293b7d35926b8b51f459cbf1558f38b4cea
42237,27/07/2017 16:14,Problem Solving,de120e7c713464614054a090345b4293b7d35926b8b51f459cbf1558f38b4cea
42238,27/07/2017 16:14,View Announcements,ed556cdc0404b786c3103af3dd6280287a0c4d23736f376ebd927c791ff9d5ca
42239,27/07/2017 16:14,Problem Solving,de120e7c713464614054a090345b4293b7d35926b8b51f459cbf1558f38b4cea
42240,27/07/2017 16:14,Problem Solving,de120e7c713464614054a090345b4293b7d35926b8b51f459cbf1558f38b4cea
42241,27/07/2017 16:14,Problem Solving,02e03248ac3ecd4493618e16a81be172cb72acfc75e31ab673dc07d23923068f
42242,27/07/2017 16:14,View Announcements,ed556cdc0404b786c3103af3dd6280287a0c4d23736f376ebd927c791ff9d5ca
42243,27/07/2017 16:14,Materials,ed556cdc0404b786c3103af3dd6280287a0c4d23736f376ebd927c791ff9d5ca
42244,27/07/2017 16:14,View Announcements,0de83e2c21562138c639482c2017b6c767bac89d340f7ce4c2d0061b249c0ea3
42245,27/07/2017 16:14,Lecture & Tutorial,02e03248ac3ecd4493618e16a81be172cb72acfc75e31ab673dc07d23923068f
42246,27/07/2017 16:14,Problem Solving,02e03248ac3ecd4493618e16a81be172cb72acfc75e31ab673dc07d23923068f
42247,27/07/2017 16:14,Problem Solving,02e03248ac3ecd4493618e16a81be172cb72acfc75e31ab673dc07d23923068f
42248,27/07/2017 16:13,Lecture & Tutorial,02e03248ac3ecd4493618e16a81be172cb72acfc75e31ab673dc07d23923068f
42249,27/07/2017 16:13,Materials,02e03248ac3ecd4493618e16a81be172cb72acfc75e31ab673dc07d23923068f
42250,27/07/2017 16:13,Materials,ed556cdc0404b786c3103af3dd6280287a0c4d23736f376ebd927c791ff9d5ca
42251,27/07/2017 16:13,Materials,ed556cdc0404b786c3103af3dd6280287a0c4d23736f376ebd927c791ff9d5ca
42252,27/07/2017 16:13,Materials,ed556cdc0404b786c3103af3dd6280287a0c4d23736f376ebd927c791ff9d5ca
42253,27/07/2017 16:13,Materials,ed556cdc0404b786c3103af3dd6280287a0c4d23736f376ebd927c791ff9d5ca
42254,27/07/2017 16:13,Lecture & Tutorial,ed556cdc0404b786c3103af3dd6280287a0c4d23736f376ebd927c791ff9d5ca
42255,27/07/2017 16:13,View Announcements,ed556cdc0404b786c3103af3dd6280287a0c4d23736f376ebd927c791ff9d5ca
42256,27/07/2017 16:13,View Announcements,ed556cdc0404b786c3103af3dd6280287a0c4d23736f376ebd927c791ff9d5ca
42257,27/07/2017 16:13,Assessment,ed556cdc0404b786c3103af3dd6280287a0c4d23736f376ebd927c791ff9d5ca
42258,27/07/2017 16:13,Materials,ed556cdc0404b786c3103af3dd6280287a0c4d23736f376ebd927c791ff9d5ca
42259,27/07/2017 16:13,Materials,ed556cdc0404b786c3103af3dd6280287a0c4d23736f376ebd927c791ff9d5ca
42260,27/07/2017 16:12,Materials,ed556cdc0404b786c3103af3dd6280287a0c4d23736f376ebd927c791ff9d5ca
42261,27/07/2017 16:12,Problem Solving,de120e7c713464614054a090345b4293b7d35926b8b51f459cbf1558f38b4cea
42262,27/07/2017 16:12,Problem Solving,de120e7c713464614054a090345b4293b7d35926b8b51f459cbf1558f38b4cea
42263,27/07/2017 16:12,Problem Solving,de120e7c713464614054a090345b4293b7d35926b8b51f459cbf1558f38b4cea
42264,27/07/2017 16:12,Problem Solving,de120e7c713464614054a090345b4293b7d35926b8b51f459cbf1558f38b4cea
42265,27/07/2017 16:12,Problem Solving,de120e7c713464614054a090345b4293b7d35926b8b51f459cbf1558f38b4cea
42266,27/07/2017 16:12,Problem Solving,de120e7c713464614054a090345b4293b7d35926b8b51f459cbf1558f38b4cea
42267,27/07/2017 16:12,Problem Solving,de120e7c713464614054a090345b4293b7d35926b8b51f459cbf1558f38b4cea
42268,27/07/2017 16:12,Problem Solving,de120e7c713464614054a090345b4293b7d35926b8b51f459cbf1558f38b4cea
42269,27/07/2017 16:12,Materials,ed556cdc0404b786c3103af3dd6280287a0c4d23736f376ebd927c791ff9d5ca
42270,27/07/2017 16:12,Materials,ed556cdc0404b786c3103af3dd6280287a0c4d23736f376ebd927c791ff9d5ca
42271,27/07/2017 16:12,Problem Solving,de120e7c713464614054a090345b4293b7d35926b8b51f459cbf1558f38b4cea
42272,27/07/2017 16:12,Problem Solving,de120e7c713464614054a090345b4293b7d35926b8b51f459cbf1558f38b4cea
42273,27/07/2017 16:12,Problem Solving,de120e7c713464614054a090345b4293b7d35926b8b51f459cbf1558f38b4cea
42274,27/07/2017 16:12,Problem Solving,de120e7c713464614054a090345b4293b7d35926b8b51f459cbf1558f38b4cea
42275,27/07/2017 16:12,Lecture & Tutorial,de120e7c713464614054a090345b4293b7d35926b8b51f459cbf1558f38b4cea
42276,27/07/2017 16:12,Problem Solving,de120e7c713464614054a090345b4293b7d35926b8b51f459cbf1558f38b4cea
42277,27/07/2017 16:12,Lecture & Tutorial,de120e7c713464614054a090345b4293b7d35926b8b51f459cbf1558f38b4cea
42278,27/07/2017 16:12,Materials,de120e7c713464614054a090345b4293b7d35926b8b51f459cbf1558f38b4cea
42279,27/07/2017 16:12,Problem Solving,0b37074853e2be7c6c989492a9d36d14c437dedd27e0b809e60671cf6daa3504
42280,27/07/2017 16:12,Materials,ed556cdc0404b786c3103af3dd6280287a0c4d23736f376ebd927c791ff9d5ca
42281,27/07/2017 16:12,Problem Solving,0b37074853e2be7c6c989492a9d36d14c437dedd27e0b809e60671cf6daa3504
42282,27/07/2017 16:12,Problem Solving,0b37074853e2be7c6c989492a9d36d14c437dedd27e0b809e60671cf6daa3504
42283,27/07/2017 16:12,Materials,ed556cdc0404b786c3103af3dd6280287a0c4d23736f376ebd927c791ff9d5ca
42284,27/07/2017 16:11,Materials,ed556cdc0404b786c3103af3dd6280287a0c4d23736f376ebd927c791ff9d5ca
42285,27/07/2017 16:11,Materials,ed556cdc0404b786c3103af3dd6280287a0c4d23736f376ebd927c791ff9d5ca
42286,27/07/2017 16:11,Materials,ed556cdc0404b786c3103af3dd6280287a0c4d23736f376ebd927c791ff9d5ca
42287,27/07/2017 16:11,Problem Solving,9612d5c8a78495fc5ab9a8d67e46d6815910a14d04be045530fd7f039efa1483
42288,27/07/2017 16:11,Materials,ed556cdc0404b786c3103af3dd6280287a0c4d23736f376ebd927c791ff9d5ca
42289,27/07/2017 16:11,Materials,ed556cdc0404b786c3103af3dd6280287a0c4d23736f376ebd927c791ff9d5ca
42290,27/07/2017 16:11,Materials,ed556cdc0404b786c3103af3dd6280287a0c4d23736f376ebd927c791ff9d5ca
42291,27/07/2017 16:11,Problem Solving,9612d5c8a78495fc5ab9a8d67e46d6815910a14d04be045530fd7f039efa1483
42292,27/07/2017 16:11,Problem Solving,9612d5c8a78495fc5ab9a8d67e46d6815910a14d04be045530fd7f039efa1483
42293,27/07/2017 16:10,Problem Solving,de120e7c713464614054a090345b4293b7d35926b8b51f459cbf1558f38b4cea
42294,27/07/2017 16:10,Materials,4a00cb9716b48eca4fd984334247de25f2bd2378ea6d54710c009eb588d36a11
42295,27/07/2017 16:10,Materials,4a00cb9716b48eca4fd984334247de25f2bd2378ea6d54710c009eb588d36a11
42296,27/07/2017 16:10,Problem Solving,de120e7c713464614054a090345b4293b7d35926b8b51f459cbf1558f38b4cea
42297,27/07/2017 16:10,Problem Solving,de120e7c713464614054a090345b4293b7d35926b8b51f459cbf1558f38b4cea
42298,27/07/2017 16:10,Materials,201184d073407a1a4d5e875747dc59ba7f9dc04f1ddf993f60c77bcc7db8545b
42299,27/07/2017 16:10,Materials,201184d073407a1a4d5e875747dc59ba7f9dc04f1ddf993f60c77bcc7db8545b
42300,27/07/2017 16:10,Materials,201184d073407a1a4d5e875747dc59ba7f9dc04f1ddf993f60c77bcc7db8545b
42301,27/07/2017 16:10,Materials,ed556cdc0404b786c3103af3dd6280287a0c4d23736f376ebd927c791ff9d5ca
42302,27/07/2017 16:10,Materials,201184d073407a1a4d5e875747dc59ba7f9dc04f1ddf993f60c77bcc7db8545b
42303,27/07/2017 16:09,Materials,ed556cdc0404b786c3103af3dd6280287a0c4d23736f376ebd927c791ff9d5ca
42304,27/07/2017 16:09,Materials,ed556cdc0404b786c3103af3dd6280287a0c4d23736f376ebd927c791ff9d5ca
42305,27/07/2017 16:09,Problem Solving,de120e7c713464614054a090345b4293b7d35926b8b51f459cbf1558f38b4cea
42306,27/07/2017 16:09,Problem Solving,de120e7c713464614054a090345b4293b7d35926b8b51f459cbf1558f38b4cea
42307,27/07/2017 16:09,Materials,ed556cdc0404b786c3103af3dd6280287a0c4d23736f376ebd927c791ff9d5ca
42308,27/07/2017 16:09,Materials,ed556cdc0404b786c3103af3dd6280287a0c4d23736f376ebd927c791ff9d5ca
42309,27/07/2017 16:09,Problem Solving,de120e7c713464614054a090345b4293b7d35926b8b51f459cbf1558f38b4cea
42310,27/07/2017 16:09,Problem Solving,de120e7c713464614054a090345b4293b7d35926b8b51f459cbf1558f38b4cea
42311,27/07/2017 16:09,Problem Solving,9612d5c8a78495fc5ab9a8d67e46d6815910a14d04be045530fd7f039efa1483
42312,27/07/2017 16:09,Materials,201184d073407a1a4d5e875747dc59ba7f9dc04f1ddf993f60c77bcc7db8545b
42313,27/07/2017 16:09,Problem Solving,9612d5c8a78495fc5ab9a8d67e46d6815910a14d04be045530fd7f039efa1483
42314,27/07/2017 16:09,Assessment,9612d5c8a78495fc5ab9a8d67e46d6815910a14d04be045530fd7f039efa1483
42315,27/07/2017 16:09,Materials,201184d073407a1a4d5e875747dc59ba7f9dc04f1ddf993f60c77bcc7db8545b
42316,27/07/2017 16:09,Materials,201184d073407a1a4d5e875747dc59ba7f9dc04f1ddf993f60c77bcc7db8545b
42317,27/07/2017 16:09,View Announcements,9612d5c8a78495fc5ab9a8d67e46d6815910a14d04be045530fd7f039efa1483
42318,27/07/2017 16:09,Problem Solving,de120e7c713464614054a090345b4293b7d35926b8b51f459cbf1558f38b4cea
42319,27/07/2017 16:09,Problem Solving,de120e7c713464614054a090345b4293b7d35926b8b51f459cbf1558f38b4cea
42320,27/07/2017 16:09,Materials,201184d073407a1a4d5e875747dc59ba7f9dc04f1ddf993f60c77bcc7db8545b
42321,27/07/2017 16:09,Problem Solving,de120e7c713464614054a090345b4293b7d35926b8b51f459cbf1558f38b4cea
42322,27/07/2017 16:09,Problem Solving,de120e7c713464614054a090345b4293b7d35926b8b51f459cbf1558f38b4cea
42323,27/07/2017 16:09,Problem Solving,0b37074853e2be7c6c989492a9d36d14c437dedd27e0b809e60671cf6daa3504
42324,27/07/2017 16:09,Materials,ed556cdc0404b786c3103af3dd6280287a0c4d23736f376ebd927c791ff9d5ca
42325,27/07/2017 16:09,Materials,201184d073407a1a4d5e875747dc59ba7f9dc04f1ddf993f60c77bcc7db8545b
42326,27/07/2017 16:09,Materials,ed556cdc0404b786c3103af3dd6280287a0c4d23736f376ebd927c791ff9d5ca
42327,27/07/2017 16:09,Problem Solving,de120e7c713464614054a090345b4293b7d35926b8b51f459cbf1558f38b4cea
42328,27/07/2017 16:09,Problem Solving,de120e7c713464614054a090345b4293b7d35926b8b51f459cbf1558f38b4cea
42329,27/07/2017 16:08,Materials,201184d073407a1a4d5e875747dc59ba7f9dc04f1ddf993f60c77bcc7db8545b
42330,27/07/2017 16:08,Materials,201184d073407a1a4d5e875747dc59ba7f9dc04f1ddf993f60c77bcc7db8545b
42331,27/07/2017 16:08,Materials,ed556cdc0404b786c3103af3dd6280287a0c4d23736f376ebd927c791ff9d5ca
42332,27/07/2017 16:08,Materials,ed556cdc0404b786c3103af3dd6280287a0c4d23736f376ebd927c791ff9d5ca
42333,27/07/2017 16:08,Problem Solving,725ce235a55b376514ee25e3b7a58febd1e3c2faf47a155be5f019b8526f8bf3
42334,27/07/2017 16:08,View Announcements,201184d073407a1a4d5e875747dc59ba7f9dc04f1ddf993f60c77bcc7db8545b
42335,27/07/2017 16:08,Problem Solving,de120e7c713464614054a090345b4293b7d35926b8b51f459cbf1558f38b4cea
42336,27/07/2017 16:08,Problem Solving,de120e7c713464614054a090345b4293b7d35926b8b51f459cbf1558f38b4cea
42337,27/07/2017 16:08,Problem Solving,de120e7c713464614054a090345b4293b7d35926b8b51f459cbf1558f38b4cea
42338,27/07/2017 16:08,Problem Solving,de120e7c713464614054a090345b4293b7d35926b8b51f459cbf1558f38b4cea
42339,27/07/2017 16:08,Problem Solving,de120e7c713464614054a090345b4293b7d35926b8b51f459cbf1558f38b4cea
42340,27/07/2017 16:08,Problem Solving,de120e7c713464614054a090345b4293b7d35926b8b51f459cbf1558f38b4cea
42341,27/07/2017 16:08,Materials,ed556cdc0404b786c3103af3dd6280287a0c4d23736f376ebd927c791ff9d5ca
42342,27/07/2017 16:08,Problem Solving,de120e7c713464614054a090345b4293b7d35926b8b51f459cbf1558f38b4cea
42343,27/07/2017 16:08,Materials,ed556cdc0404b786c3103af3dd6280287a0c4d23736f376ebd927c791ff9d5ca
42344,27/07/2017 16:08,Problem Solving,de120e7c713464614054a090345b4293b7d35926b8b51f459cbf1558f38b4cea
42345,27/07/2017 16:07,Problem Solving,de120e7c713464614054a090345b4293b7d35926b8b51f459cbf1558f38b4cea
42346,27/07/2017 16:07,Lecture & Tutorial,78c046463641fc775d30a4111b13df778f336f5bfd6e9cc4cdae835615d05213
42347,27/07/2017 16:07,Problem Solving,de120e7c713464614054a090345b4293b7d35926b8b51f459cbf1558f38b4cea
42348,27/07/2017 16:07,Lecture & Tutorial,78c046463641fc775d30a4111b13df778f336f5bfd6e9cc4cdae835615d05213
42349,27/07/2017 16:07,Lecture & Tutorial,78c046463641fc775d30a4111b13df778f336f5bfd6e9cc4cdae835615d05213
42350,27/07/2017 16:07,Lecture & Tutorial,78c046463641fc775d30a4111b13df778f336f5bfd6e9cc4cdae835615d05213
42351,27/07/2017 16:07,Lecture & Tutorial,78c046463641fc775d30a4111b13df778f336f5bfd6e9cc4cdae835615d05213
42352,27/07/2017 16:07,Problem Solving,de120e7c713464614054a090345b4293b7d35926b8b51f459cbf1558f38b4cea
42353,27/07/2017 16:07,Problem Solving,de120e7c713464614054a090345b4293b7d35926b8b51f459cbf1558f38b4cea
42354,27/07/2017 16:07,Materials,201184d073407a1a4d5e875747dc59ba7f9dc04f1ddf993f60c77bcc7db8545b
42355,27/07/2017 16:07,Problem Solving,de120e7c713464614054a090345b4293b7d35926b8b51f459cbf1558f38b4cea
42356,27/07/2017 16:07,Problem Solving,de120e7c713464614054a090345b4293b7d35926b8b51f459cbf1558f38b4cea
42357,27/07/2017 16:07,Problem Solving,725ce235a55b376514ee25e3b7a58febd1e3c2faf47a155be5f019b8526f8bf3
42358,27/07/2017 16:07,Materials,201184d073407a1a4d5e875747dc59ba7f9dc04f1ddf993f60c77bcc7db8545b
42359,27/07/2017 16:07,Problem Solving,de120e7c713464614054a090345b4293b7d35926b8b51f459cbf1558f38b4cea
42360,27/07/2017 16:07,Problem Solving,de120e7c713464614054a090345b4293b7d35926b8b51f459cbf1558f38b4cea
42361,27/07/2017 16:07,Materials,201184d073407a1a4d5e875747dc59ba7f9dc04f1ddf993f60c77bcc7db8545b
42362,27/07/2017 16:07,Materials,201184d073407a1a4d5e875747dc59ba7f9dc04f1ddf993f60c77bcc7db8545b
42363,27/07/2017 16:07,Materials,201184d073407a1a4d5e875747dc59ba7f9dc04f1ddf993f60c77bcc7db8545b
42364,27/07/2017 16:07,Problem Solving,de120e7c713464614054a090345b4293b7d35926b8b51f459cbf1558f38b4cea
42365,27/07/2017 16:07,Problem Solving,de120e7c713464614054a090345b4293b7d35926b8b51f459cbf1558f38b4cea
42366,27/07/2017 16:07,Assessment,c231590f7844593c994a2fc4b91c90c6ab8ec68567b53a1c27794e3ee1321ad2
42367,27/07/2017 16:07,Problem Solving,de120e7c713464614054a090345b4293b7d35926b8b51f459cbf1558f38b4cea
42368,27/07/2017 16:07,Problem Solving,de120e7c713464614054a090345b4293b7d35926b8b51f459cbf1558f38b4cea
42369,27/07/2017 16:07,Assessment,c231590f7844593c994a2fc4b91c90c6ab8ec68567b53a1c27794e3ee1321ad2
42370,27/07/2017 16:07,View Announcements,c231590f7844593c994a2fc4b91c90c6ab8ec68567b53a1c27794e3ee1321ad2
42371,27/07/2017 16:07,Materials,201184d073407a1a4d5e875747dc59ba7f9dc04f1ddf993f60c77bcc7db8545b
42372,27/07/2017 16:06,Assessment,c231590f7844593c994a2fc4b91c90c6ab8ec68567b53a1c27794e3ee1321ad2
42373,27/07/2017 16:06,Problem Solving,de120e7c713464614054a090345b4293b7d35926b8b51f459cbf1558f38b4cea
42374,27/07/2017 16:06,Problem Solving,de120e7c713464614054a090345b4293b7d35926b8b51f459cbf1558f38b4cea
42375,27/07/2017 16:06,View Announcements,c231590f7844593c994a2fc4b91c90c6ab8ec68567b53a1c27794e3ee1321ad2
42376,27/07/2017 16:06,Materials,201184d073407a1a4d5e875747dc59ba7f9dc04f1ddf993f60c77bcc7db8545b
42377,27/07/2017 16:06,Problem Solving,de120e7c713464614054a090345b4293b7d35926b8b51f459cbf1558f38b4cea
42378,27/07/2017 16:06,Problem Solving,de120e7c713464614054a090345b4293b7d35926b8b51f459cbf1558f38b4cea
42379,27/07/2017 16:06,Problem Solving,de120e7c713464614054a090345b4293b7d35926b8b51f459cbf1558f38b4cea
42380,27/07/2017 16:06,Problem Solving,de120e7c713464614054a090345b4293b7d35926b8b51f459cbf1558f38b4cea
42381,27/07/2017 16:06,Materials,201184d073407a1a4d5e875747dc59ba7f9dc04f1ddf993f60c77bcc7db8545b
42382,27/07/2017 16:06,Materials,201184d073407a1a4d5e875747dc59ba7f9dc04f1ddf993f60c77bcc7db8545b
42383,27/07/2017 16:06,Problem Solving,de120e7c713464614054a090345b4293b7d35926b8b51f459cbf1558f38b4cea
42384,27/07/2017 16:06,Problem Solving,de120e7c713464614054a090345b4293b7d35926b8b51f459cbf1558f38b4cea
42385,27/07/2017 16:06,Problem Solving,de120e7c713464614054a090345b4293b7d35926b8b51f459cbf1558f38b4cea
42386,27/07/2017 16:06,Problem Solving,de120e7c713464614054a090345b4293b7d35926b8b51f459cbf1558f38b4cea
42387,27/07/2017 16:06,View Announcements,201184d073407a1a4d5e875747dc59ba7f9dc04f1ddf993f60c77bcc7db8545b
42388,27/07/2017 16:06,Problem Solving,de120e7c713464614054a090345b4293b7d35926b8b51f459cbf1558f38b4cea
42389,27/07/2017 16:06,Problem Solving,de120e7c713464614054a090345b4293b7d35926b8b51f459cbf1558f38b4cea
42390,27/07/2017 16:05,Problem Solving,de120e7c713464614054a090345b4293b7d35926b8b51f459cbf1558f38b4cea
42391,27/07/2017 16:05,Problem Solving,de120e7c713464614054a090345b4293b7d35926b8b51f459cbf1558f38b4cea
42392,27/07/2017 16:05,Problem Solving,de120e7c713464614054a090345b4293b7d35926b8b51f459cbf1558f38b4cea
42393,27/07/2017 16:05,Problem Solving,de120e7c713464614054a090345b4293b7d35926b8b51f459cbf1558f38b4cea
42394,27/07/2017 16:05,Problem Solving,de120e7c713464614054a090345b4293b7d35926b8b51f459cbf1558f38b4cea
42395,27/07/2017 16:05,Problem Solving,de120e7c713464614054a090345b4293b7d35926b8b51f459cbf1558f38b4cea
42396,27/07/2017 16:05,Lecture & Tutorial,f58be0016d63fdf438d6f43ac7b2a9d13bf1f2454a4cec0451676b2fd4d636ee
42397,27/07/2017 16:05,Lecture & Tutorial,f58be0016d63fdf438d6f43ac7b2a9d13bf1f2454a4cec0451676b2fd4d636ee
42398,27/07/2017 16:05,Problem Solving,de120e7c713464614054a090345b4293b7d35926b8b51f459cbf1558f38b4cea
42399,27/07/2017 16:05,Problem Solving,de120e7c713464614054a090345b4293b7d35926b8b51f459cbf1558f38b4cea
42400,27/07/2017 16:05,Problem Solving,725ce235a55b376514ee25e3b7a58febd1e3c2faf47a155be5f019b8526f8bf3
42401,27/07/2017 16:05,Problem Solving,725ce235a55b376514ee25e3b7a58febd1e3c2faf47a155be5f019b8526f8bf3
42402,27/07/2017 16:05,Problem Solving,725ce235a55b376514ee25e3b7a58febd1e3c2faf47a155be5f019b8526f8bf3
42403,27/07/2017 16:05,Problem Solving,de120e7c713464614054a090345b4293b7d35926b8b51f459cbf1558f38b4cea
42404,27/07/2017 16:05,Problem Solving,de120e7c713464614054a090345b4293b7d35926b8b51f459cbf1558f38b4cea
42405,27/07/2017 16:05,Assessment,0de83e2c21562138c639482c2017b6c767bac89d340f7ce4c2d0061b249c0ea3
42406,27/07/2017 16:05,Assessment,0de83e2c21562138c639482c2017b6c767bac89d340f7ce4c2d0061b249c0ea3
42407,27/07/2017 16:05,Assessment,0de83e2c21562138c639482c2017b6c767bac89d340f7ce4c2d0061b249c0ea3
42408,27/07/2017 16:05,Problem Solving,de120e7c713464614054a090345b4293b7d35926b8b51f459cbf1558f38b4cea
42409,27/07/2017 16:05,Problem Solving,de120e7c713464614054a090345b4293b7d35926b8b51f459cbf1558f38b4cea
42410,27/07/2017 16:05,Projects,5523e4f127adfe7f92436fcd2eb497735ba3d93e0e2685f1da8e7a76c9514f74
42411,27/07/2017 16:05,View Announcements,0de83e2c21562138c639482c2017b6c767bac89d340f7ce4c2d0061b249c0ea3
42412,27/07/2017 16:04,Problem Solving,725ce235a55b376514ee25e3b7a58febd1e3c2faf47a155be5f019b8526f8bf3
42413,27/07/2017 16:04,Projects,5523e4f127adfe7f92436fcd2eb497735ba3d93e0e2685f1da8e7a76c9514f74
42414,27/07/2017 16:04,Assessment,5523e4f127adfe7f92436fcd2eb497735ba3d93e0e2685f1da8e7a76c9514f74
42415,27/07/2017 16:04,Problem Solving,de120e7c713464614054a090345b4293b7d35926b8b51f459cbf1558f38b4cea
42416,27/07/2017 16:04,Problem Solving,de120e7c713464614054a090345b4293b7d35926b8b51f459cbf1558f38b4cea
42417,27/07/2017 16:04,View Announcements,5523e4f127adfe7f92436fcd2eb497735ba3d93e0e2685f1da8e7a76c9514f74
42418,27/07/2017 16:04,Problem Solving,de120e7c713464614054a090345b4293b7d35926b8b51f459cbf1558f38b4cea
42419,27/07/2017 16:04,Problem Solving,de120e7c713464614054a090345b4293b7d35926b8b51f459cbf1558f38b4cea
42420,27/07/2017 16:04,Problem Solving,725ce235a55b376514ee25e3b7a58febd1e3c2faf47a155be5f019b8526f8bf3
42421,27/07/2017 16:04,Problem Solving,0de83e2c21562138c639482c2017b6c767bac89d340f7ce4c2d0061b249c0ea3
42422,27/07/2017 16:04,Problem Solving,de120e7c713464614054a090345b4293b7d35926b8b51f459cbf1558f38b4cea
42423,27/07/2017 16:04,Problem Solving,de120e7c713464614054a090345b4293b7d35926b8b51f459cbf1558f38b4cea
42424,27/07/2017 16:04,Lecture & Tutorial,0de83e2c21562138c639482c2017b6c767bac89d340f7ce4c2d0061b249c0ea3
42425,27/07/2017 16:04,Problem Solving,0de83e2c21562138c639482c2017b6c767bac89d340f7ce4c2d0061b249c0ea3
42426,27/07/2017 16:04,Problem Solving,725ce235a55b376514ee25e3b7a58febd1e3c2faf47a155be5f019b8526f8bf3
42427,27/07/2017 16:04,Materials,201184d073407a1a4d5e875747dc59ba7f9dc04f1ddf993f60c77bcc7db8545b
42428,27/07/2017 16:04,Materials,201184d073407a1a4d5e875747dc59ba7f9dc04f1ddf993f60c77bcc7db8545b
42429,27/07/2017 16:04,Problem Solving,de120e7c713464614054a090345b4293b7d35926b8b51f459cbf1558f38b4cea
42430,27/07/2017 16:04,Problem Solving,de120e7c713464614054a090345b4293b7d35926b8b51f459cbf1558f38b4cea
42431,27/07/2017 16:04,Problem Solving,de120e7c713464614054a090345b4293b7d35926b8b51f459cbf1558f38b4cea
42432,27/07/2017 16:04,Problem Solving,de120e7c713464614054a090345b4293b7d35926b8b51f459cbf1558f38b4cea
42433,27/07/2017 16:04,Problem Solving,de120e7c713464614054a090345b4293b7d35926b8b51f459cbf1558f38b4cea
42434,27/07/2017 16:04,Problem Solving,de120e7c713464614054a090345b4293b7d35926b8b51f459cbf1558f38b4cea
42435,27/07/2017 16:03,Problem Solving,de120e7c713464614054a090345b4293b7d35926b8b51f459cbf1558f38b4cea
42436,27/07/2017 16:03,Problem Solving,de120e7c713464614054a090345b4293b7d35926b8b51f459cbf1558f38b4cea
42437,27/07/2017 16:03,View Announcements,ed556cdc0404b786c3103af3dd6280287a0c4d23736f376ebd927c791ff9d5ca
42438,27/07/2017 16:03,Problem Solving,de120e7c713464614054a090345b4293b7d35926b8b51f459cbf1558f38b4cea
42439,27/07/2017 16:03,Problem Solving,de120e7c713464614054a090345b4293b7d35926b8b51f459cbf1558f38b4cea
42440,27/07/2017 16:03,Problem Solving,de120e7c713464614054a090345b4293b7d35926b8b51f459cbf1558f38b4cea
42441,27/07/2017 16:03,Problem Solving,de120e7c713464614054a090345b4293b7d35926b8b51f459cbf1558f38b4cea
42442,27/07/2017 16:03,View Announcements,201184d073407a1a4d5e875747dc59ba7f9dc04f1ddf993f60c77bcc7db8545b
42443,27/07/2017 16:03,View Announcements,201184d073407a1a4d5e875747dc59ba7f9dc04f1ddf993f60c77bcc7db8545b
42444,27/07/2017 16:03,Materials,201184d073407a1a4d5e875747dc59ba7f9dc04f1ddf993f60c77bcc7db8545b
42445,27/07/2017 16:03,Problem Solving,de120e7c713464614054a090345b4293b7d35926b8b51f459cbf1558f38b4cea
42446,27/07/2017 16:03,Problem Solving,de120e7c713464614054a090345b4293b7d35926b8b51f459cbf1558f38b4cea
42447,27/07/2017 16:03,Problem Solving,de120e7c713464614054a090345b4293b7d35926b8b51f459cbf1558f38b4cea
42448,27/07/2017 16:03,Problem Solving,de120e7c713464614054a090345b4293b7d35926b8b51f459cbf1558f38b4cea
42449,27/07/2017 16:03,MOOCchat,499bfc415c4236686522422a7185876d6f2060d4ff47ec2eb7a418fffddbdd2f
42450,27/07/2017 16:03,Problem Solving,de120e7c713464614054a090345b4293b7d35926b8b51f459cbf1558f38b4cea
42451,27/07/2017 16:03,Problem Solving,de120e7c713464614054a090345b4293b7d35926b8b51f459cbf1558f38b4cea
42452,27/07/2017 16:03,Materials,201184d073407a1a4d5e875747dc59ba7f9dc04f1ddf993f60c77bcc7db8545b
42453,27/07/2017 16:02,Problem Solving,de120e7c713464614054a090345b4293b7d35926b8b51f459cbf1558f38b4cea
42454,27/07/2017 16:02,Problem Solving,de120e7c713464614054a090345b4293b7d35926b8b51f459cbf1558f38b4cea
42455,27/07/2017 16:02,Materials,201184d073407a1a4d5e875747dc59ba7f9dc04f1ddf993f60c77bcc7db8545b
42456,27/07/2017 16:02,Problem Solving,de120e7c713464614054a090345b4293b7d35926b8b51f459cbf1558f38b4cea
42457,27/07/2017 16:02,Problem Solving,de120e7c713464614054a090345b4293b7d35926b8b51f459cbf1558f38b4cea
42458,27/07/2017 16:02,Problem Solving,de120e7c713464614054a090345b4293b7d35926b8b51f459cbf1558f38b4cea
42459,27/07/2017 16:02,Problem Solving,de120e7c713464614054a090345b4293b7d35926b8b51f459cbf1558f38b4cea
42460,27/07/2017 16:02,Materials,201184d073407a1a4d5e875747dc59ba7f9dc04f1ddf993f60c77bcc7db8545b
42461,27/07/2017 16:02,Materials,201184d073407a1a4d5e875747dc59ba7f9dc04f1ddf993f60c77bcc7db8545b
42462,27/07/2017 16:02,Problem Solving,de120e7c713464614054a090345b4293b7d35926b8b51f459cbf1558f38b4cea
42463,27/07/2017 16:02,Problem Solving,de120e7c713464614054a090345b4293b7d35926b8b51f459cbf1558f38b4cea
42464,27/07/2017 16:02,Materials,499bfc415c4236686522422a7185876d6f2060d4ff47ec2eb7a418fffddbdd2f
42465,27/07/2017 16:02,Assessment,1c96a098597262d3ac12d3a93f000b1709d585acb42269bd47f721d1f0c2516d
42466,27/07/2017 16:02,Materials,1c96a098597262d3ac12d3a93f000b1709d585acb42269bd47f721d1f0c2516d
42467,27/07/2017 16:01,Problem Solving,de120e7c713464614054a090345b4293b7d35926b8b51f459cbf1558f38b4cea
42468,27/07/2017 16:01,Problem Solving,de120e7c713464614054a090345b4293b7d35926b8b51f459cbf1558f38b4cea
42469,27/07/2017 16:01,Materials,201184d073407a1a4d5e875747dc59ba7f9dc04f1ddf993f60c77bcc7db8545b
42470,27/07/2017 16:01,Problem Solving,de120e7c713464614054a090345b4293b7d35926b8b51f459cbf1558f38b4cea
42471,27/07/2017 16:01,Problem Solving,de120e7c713464614054a090345b4293b7d35926b8b51f459cbf1558f38b4cea
42472,27/07/2017 16:01,MOOCchat,499bfc415c4236686522422a7185876d6f2060d4ff47ec2eb7a418fffddbdd2f
42473,27/07/2017 16:01,Problem Solving,de120e7c713464614054a090345b4293b7d35926b8b51f459cbf1558f38b4cea
42474,27/07/2017 16:01,Materials,499bfc415c4236686522422a7185876d6f2060d4ff47ec2eb7a418fffddbdd2f
42475,27/07/2017 16:01,Problem Solving,de120e7c713464614054a090345b4293b7d35926b8b51f459cbf1558f38b4cea
42476,27/07/2017 16:01,Materials,c23ed66c0dd4918a6ebe6e5c104f802c1627689b702ce246e9bf96e3f073e544
42477,27/07/2017 16:01,Problem Solving,de120e7c713464614054a090345b4293b7d35926b8b51f459cbf1558f38b4cea
42478,27/07/2017 16:01,Problem Solving,de120e7c713464614054a090345b4293b7d35926b8b51f459cbf1558f38b4cea
42479,27/07/2017 16:01,View Announcements,499bfc415c4236686522422a7185876d6f2060d4ff47ec2eb7a418fffddbdd2f
42480,27/07/2017 16:01,Materials,1c96a098597262d3ac12d3a93f000b1709d585acb42269bd47f721d1f0c2516d
42481,27/07/2017 16:01,Materials,201184d073407a1a4d5e875747dc59ba7f9dc04f1ddf993f60c77bcc7db8545b
42482,27/07/2017 16:01,Materials,c23ed66c0dd4918a6ebe6e5c104f802c1627689b702ce246e9bf96e3f073e544
42483,27/07/2017 16:01,Problem Solving,de120e7c713464614054a090345b4293b7d35926b8b51f459cbf1558f38b4cea
42484,27/07/2017 16:01,Problem Solving,de120e7c713464614054a090345b4293b7d35926b8b51f459cbf1558f38b4cea
42485,27/07/2017 16:01,Assessment,1c96a098597262d3ac12d3a93f000b1709d585acb42269bd47f721d1f0c2516d
42486,27/07/2017 16:01,Assessment,c23ed66c0dd4918a6ebe6e5c104f802c1627689b702ce246e9bf96e3f073e544
42487,27/07/2017 16:01,Materials,201184d073407a1a4d5e875747dc59ba7f9dc04f1ddf993f60c77bcc7db8545b
42488,27/07/2017 16:01,Problem Solving,de120e7c713464614054a090345b4293b7d35926b8b51f459cbf1558f38b4cea
42489,27/07/2017 16:01,Materials,201184d073407a1a4d5e875747dc59ba7f9dc04f1ddf993f60c77bcc7db8545b
42490,27/07/2017 16:01,View Announcements,c23ed66c0dd4918a6ebe6e5c104f802c1627689b702ce246e9bf96e3f073e544
42491,27/07/2017 16:01,Problem Solving,de120e7c713464614054a090345b4293b7d35926b8b51f459cbf1558f38b4cea
42492,27/07/2017 16:00,Problem Solving,de120e7c713464614054a090345b4293b7d35926b8b51f459cbf1558f38b4cea
42493,27/07/2017 16:00,Problem Solving,de120e7c713464614054a090345b4293b7d35926b8b51f459cbf1558f38b4cea
42494,27/07/2017 16:00,View Announcements,1c96a098597262d3ac12d3a93f000b1709d585acb42269bd47f721d1f0c2516d
42495,27/07/2017 16:00,Projects,1c96a098597262d3ac12d3a93f000b1709d585acb42269bd47f721d1f0c2516d
42496,27/07/2017 16:00,Lecture & Tutorial,1c96a098597262d3ac12d3a93f000b1709d585acb42269bd47f721d1f0c2516d
42497,27/07/2017 16:00,Problem Solving,de120e7c713464614054a090345b4293b7d35926b8b51f459cbf1558f38b4cea
42498,27/07/2017 16:00,Problem Solving,de120e7c713464614054a090345b4293b7d35926b8b51f459cbf1558f38b4cea
42499,27/07/2017 16:00,View Announcements,1c96a098597262d3ac12d3a93f000b1709d585acb42269bd47f721d1f0c2516d
42500,27/07/2017 16:00,Problem Solving,de120e7c713464614054a090345b4293b7d35926b8b51f459cbf1558f38b4cea
42501,27/07/2017 16:00,Problem Solving,de120e7c713464614054a090345b4293b7d35926b8b51f459cbf1558f38b4cea
42502,27/07/2017 16:00,Problem Solving,de120e7c713464614054a090345b4293b7d35926b8b51f459cbf1558f38b4cea
42503,27/07/2017 16:00,Problem Solving,de120e7c713464614054a090345b4293b7d35926b8b51f459cbf1558f38b4cea
42504,27/07/2017 16:00,Problem Solving,de120e7c713464614054a090345b4293b7d35926b8b51f459cbf1558f38b4cea
42505,27/07/2017 16:00,Materials,2c265cf741dde06fe65737b5bb56e5f984bf3c309e515ccce24bef11976268c2
42506,27/07/2017 16:00,Problem Solving,de120e7c713464614054a090345b4293b7d35926b8b51f459cbf1558f38b4cea
42507,27/07/2017 16:00,View Announcements,c23ed66c0dd4918a6ebe6e5c104f802c1627689b702ce246e9bf96e3f073e544
42508,27/07/2017 16:00,Materials,2c265cf741dde06fe65737b5bb56e5f984bf3c309e515ccce24bef11976268c2
42509,27/07/2017 16:00,View Announcements,201184d073407a1a4d5e875747dc59ba7f9dc04f1ddf993f60c77bcc7db8545b
42510,27/07/2017 16:00,Problem Solving,de120e7c713464614054a090345b4293b7d35926b8b51f459cbf1558f38b4cea
42511,27/07/2017 16:00,Problem Solving,de120e7c713464614054a090345b4293b7d35926b8b51f459cbf1558f38b4cea
42512,27/07/2017 16:00,Materials,2c265cf741dde06fe65737b5bb56e5f984bf3c309e515ccce24bef11976268c2
42513,27/07/2017 16:00,Materials,2c265cf741dde06fe65737b5bb56e5f984bf3c309e515ccce24bef11976268c2
42514,27/07/2017 15:59,Lecture & Tutorial,5523e4f127adfe7f92436fcd2eb497735ba3d93e0e2685f1da8e7a76c9514f74
42515,27/07/2017 15:59,Lecture & Tutorial,5523e4f127adfe7f92436fcd2eb497735ba3d93e0e2685f1da8e7a76c9514f74
42516,27/07/2017 15:59,Materials,2c265cf741dde06fe65737b5bb56e5f984bf3c309e515ccce24bef11976268c2
42517,27/07/2017 15:59,Problem Solving,de120e7c713464614054a090345b4293b7d35926b8b51f459cbf1558f38b4cea
42518,27/07/2017 15:59,Problem Solving,de120e7c713464614054a090345b4293b7d35926b8b51f459cbf1558f38b4cea
42519,27/07/2017 15:59,Materials,2c265cf741dde06fe65737b5bb56e5f984bf3c309e515ccce24bef11976268c2
42520,27/07/2017 15:59,Problem Solving,de120e7c713464614054a090345b4293b7d35926b8b51f459cbf1558f38b4cea
42521,27/07/2017 15:59,Problem Solving,de120e7c713464614054a090345b4293b7d35926b8b51f459cbf1558f38b4cea
42522,27/07/2017 15:59,Materials,2c265cf741dde06fe65737b5bb56e5f984bf3c309e515ccce24bef11976268c2
42523,27/07/2017 15:59,Problem Solving,de120e7c713464614054a090345b4293b7d35926b8b51f459cbf1558f38b4cea
42524,27/07/2017 15:59,Problem Solving,de120e7c713464614054a090345b4293b7d35926b8b51f459cbf1558f38b4cea
42525,27/07/2017 15:59,Problem Solving,de120e7c713464614054a090345b4293b7d35926b8b51f459cbf1558f38b4cea
42526,27/07/2017 15:59,Problem Solving,de120e7c713464614054a090345b4293b7d35926b8b51f459cbf1558f38b4cea
42527,27/07/2017 15:59,Problem Solving,de120e7c713464614054a090345b4293b7d35926b8b51f459cbf1558f38b4cea
42528,27/07/2017 15:59,Problem Solving,de120e7c713464614054a090345b4293b7d35926b8b51f459cbf1558f38b4cea
42529,27/07/2017 15:59,Materials,2c265cf741dde06fe65737b5bb56e5f984bf3c309e515ccce24bef11976268c2
42530,27/07/2017 15:59,Materials,2c265cf741dde06fe65737b5bb56e5f984bf3c309e515ccce24bef11976268c2
42531,27/07/2017 15:59,Problem Solving,de120e7c713464614054a090345b4293b7d35926b8b51f459cbf1558f38b4cea
42532,27/07/2017 15:59,Problem Solving,de120e7c713464614054a090345b4293b7d35926b8b51f459cbf1558f38b4cea
42533,27/07/2017 15:58,Materials,2c265cf741dde06fe65737b5bb56e5f984bf3c309e515ccce24bef11976268c2
42534,27/07/2017 15:58,Problem Solving,de120e7c713464614054a090345b4293b7d35926b8b51f459cbf1558f38b4cea
42535,27/07/2017 15:58,Materials,2c265cf741dde06fe65737b5bb56e5f984bf3c309e515ccce24bef11976268c2
42536,27/07/2017 15:58,Problem Solving,de120e7c713464614054a090345b4293b7d35926b8b51f459cbf1558f38b4cea
42537,27/07/2017 15:58,Problem Solving,de120e7c713464614054a090345b4293b7d35926b8b51f459cbf1558f38b4cea
42538,27/07/2017 15:58,Problem Solving,de120e7c713464614054a090345b4293b7d35926b8b51f459cbf1558f38b4cea
42539,27/07/2017 15:58,Materials,2c265cf741dde06fe65737b5bb56e5f984bf3c309e515ccce24bef11976268c2
42540,27/07/2017 15:58,Materials,2c265cf741dde06fe65737b5bb56e5f984bf3c309e515ccce24bef11976268c2
42541,27/07/2017 15:58,Problem Solving,de120e7c713464614054a090345b4293b7d35926b8b51f459cbf1558f38b4cea
42542,27/07/2017 15:58,Problem Solving,de120e7c713464614054a090345b4293b7d35926b8b51f459cbf1558f38b4cea
42543,27/07/2017 15:58,View Announcements,ed556cdc0404b786c3103af3dd6280287a0c4d23736f376ebd927c791ff9d5ca
42544,27/07/2017 15:58,View Announcements,9775f48652a6be427b6dffc24df916cc538fe2ab0df337c918fe179dce1a2dce
42545,27/07/2017 15:57,Problem Solving,725ce235a55b376514ee25e3b7a58febd1e3c2faf47a155be5f019b8526f8bf3
42546,27/07/2017 15:57,Problem Solving,725ce235a55b376514ee25e3b7a58febd1e3c2faf47a155be5f019b8526f8bf3
42547,27/07/2017 15:57,Problem Solving,725ce235a55b376514ee25e3b7a58febd1e3c2faf47a155be5f019b8526f8bf3
42548,27/07/2017 15:57,Lecture & Tutorial,725ce235a55b376514ee25e3b7a58febd1e3c2faf47a155be5f019b8526f8bf3
42549,27/07/2017 15:56,Materials,499bfc415c4236686522422a7185876d6f2060d4ff47ec2eb7a418fffddbdd2f
42550,27/07/2017 15:56,Assessment,e3cacfd30350c441ee57af6571e1295dc3d25654cae738b99cd2a86c64fe0bb3
42551,27/07/2017 15:56,View Announcements,e3cacfd30350c441ee57af6571e1295dc3d25654cae738b99cd2a86c64fe0bb3
42552,27/07/2017 15:56,MOOCchat,499bfc415c4236686522422a7185876d6f2060d4ff47ec2eb7a418fffddbdd2f
42553,27/07/2017 15:56,View Announcements,e3cacfd30350c441ee57af6571e1295dc3d25654cae738b99cd2a86c64fe0bb3
42554,27/07/2017 15:56,Lecture & Tutorial,e3cacfd30350c441ee57af6571e1295dc3d25654cae738b99cd2a86c64fe0bb3
42555,27/07/2017 15:56,Lecture & Tutorial,e3cacfd30350c441ee57af6571e1295dc3d25654cae738b99cd2a86c64fe0bb3
42556,27/07/2017 15:56,Lecture & Tutorial,e3cacfd30350c441ee57af6571e1295dc3d25654cae738b99cd2a86c64fe0bb3
42557,27/07/2017 15:56,Lecture & Tutorial,e3cacfd30350c441ee57af6571e1295dc3d25654cae738b99cd2a86c64fe0bb3
42558,27/07/2017 15:55,Problem Solving,725ce235a55b376514ee25e3b7a58febd1e3c2faf47a155be5f019b8526f8bf3
42559,27/07/2017 15:55,Materials,201184d073407a1a4d5e875747dc59ba7f9dc04f1ddf993f60c77bcc7db8545b
42560,27/07/2017 15:55,Materials,2c265cf741dde06fe65737b5bb56e5f984bf3c309e515ccce24bef11976268c2
42561,27/07/2017 15:55,Materials,2c265cf741dde06fe65737b5bb56e5f984bf3c309e515ccce24bef11976268c2
42562,27/07/2017 15:55,Materials,2c265cf741dde06fe65737b5bb56e5f984bf3c309e515ccce24bef11976268c2
42563,27/07/2017 15:55,Materials,201184d073407a1a4d5e875747dc59ba7f9dc04f1ddf993f60c77bcc7db8545b
42564,27/07/2017 15:54,Materials,2c265cf741dde06fe65737b5bb56e5f984bf3c309e515ccce24bef11976268c2
42565,27/07/2017 15:54,Problem Solving,725ce235a55b376514ee25e3b7a58febd1e3c2faf47a155be5f019b8526f8bf3
42566,27/07/2017 15:54,Lecture & Tutorial,725ce235a55b376514ee25e3b7a58febd1e3c2faf47a155be5f019b8526f8bf3
42567,27/07/2017 15:54,Problem Solving,725ce235a55b376514ee25e3b7a58febd1e3c2faf47a155be5f019b8526f8bf3
42568,27/07/2017 15:54,Materials,499bfc415c4236686522422a7185876d6f2060d4ff47ec2eb7a418fffddbdd2f
42569,27/07/2017 15:54,MOOCchat,499bfc415c4236686522422a7185876d6f2060d4ff47ec2eb7a418fffddbdd2f
42570,27/07/2017 15:53,Materials,2c265cf741dde06fe65737b5bb56e5f984bf3c309e515ccce24bef11976268c2
42571,27/07/2017 15:53,Materials,2c265cf741dde06fe65737b5bb56e5f984bf3c309e515ccce24bef11976268c2
42572,27/07/2017 15:51,Materials,9775f48652a6be427b6dffc24df916cc538fe2ab0df337c918fe179dce1a2dce
42573,27/07/2017 15:51,Materials,9775f48652a6be427b6dffc24df916cc538fe2ab0df337c918fe179dce1a2dce
42574,27/07/2017 15:51,Problem Solving,de120e7c713464614054a090345b4293b7d35926b8b51f459cbf1558f38b4cea
42575,27/07/2017 15:51,Problem Solving,de120e7c713464614054a090345b4293b7d35926b8b51f459cbf1558f38b4cea
42576,27/07/2017 15:51,Problem Solving,de120e7c713464614054a090345b4293b7d35926b8b51f459cbf1558f38b4cea
42577,27/07/2017 15:51,Materials,725ce235a55b376514ee25e3b7a58febd1e3c2faf47a155be5f019b8526f8bf3
42578,27/07/2017 15:51,Materials,725ce235a55b376514ee25e3b7a58febd1e3c2faf47a155be5f019b8526f8bf3
42579,27/07/2017 15:51,Materials,725ce235a55b376514ee25e3b7a58febd1e3c2faf47a155be5f019b8526f8bf3
42580,27/07/2017 15:50,Materials,725ce235a55b376514ee25e3b7a58febd1e3c2faf47a155be5f019b8526f8bf3
42581,27/07/2017 15:50,View Announcements,5a4acae2cee5ba31a9d3751bbf5466918d793de10e7bed9f21dfe9c58c2c3c90
42582,27/07/2017 15:50,Materials,725ce235a55b376514ee25e3b7a58febd1e3c2faf47a155be5f019b8526f8bf3
42583,27/07/2017 15:50,Lecture & Tutorial,5a4acae2cee5ba31a9d3751bbf5466918d793de10e7bed9f21dfe9c58c2c3c90
42584,27/07/2017 15:50,Materials,2c265cf741dde06fe65737b5bb56e5f984bf3c309e515ccce24bef11976268c2
42585,27/07/2017 15:50,Lecture & Tutorial,5a4acae2cee5ba31a9d3751bbf5466918d793de10e7bed9f21dfe9c58c2c3c90
42586,27/07/2017 15:50,Materials,2c265cf741dde06fe65737b5bb56e5f984bf3c309e515ccce24bef11976268c2
42587,27/07/2017 15:50,Materials,2c265cf741dde06fe65737b5bb56e5f984bf3c309e515ccce24bef11976268c2
42588,27/07/2017 15:50,Materials,2c265cf741dde06fe65737b5bb56e5f984bf3c309e515ccce24bef11976268c2
42589,27/07/2017 15:50,Materials,2c265cf741dde06fe65737b5bb56e5f984bf3c309e515ccce24bef11976268c2
42590,27/07/2017 15:50,Materials,4a00cb9716b48eca4fd984334247de25f2bd2378ea6d54710c009eb588d36a11
42591,27/07/2017 15:50,Materials,4a00cb9716b48eca4fd984334247de25f2bd2378ea6d54710c009eb588d36a11
42592,27/07/2017 15:49,Materials,2c265cf741dde06fe65737b5bb56e5f984bf3c309e515ccce24bef11976268c2
42593,27/07/2017 15:49,Materials,2c265cf741dde06fe65737b5bb56e5f984bf3c309e515ccce24bef11976268c2
42594,27/07/2017 15:49,Materials,2c265cf741dde06fe65737b5bb56e5f984bf3c309e515ccce24bef11976268c2
42595,27/07/2017 15:49,Materials,2c265cf741dde06fe65737b5bb56e5f984bf3c309e515ccce24bef11976268c2
42596,27/07/2017 15:47,Materials,9775f48652a6be427b6dffc24df916cc538fe2ab0df337c918fe179dce1a2dce
42597,27/07/2017 15:47,Materials,ed556cdc0404b786c3103af3dd6280287a0c4d23736f376ebd927c791ff9d5ca
42598,27/07/2017 15:47,Materials,ed556cdc0404b786c3103af3dd6280287a0c4d23736f376ebd927c791ff9d5ca
42599,27/07/2017 15:47,Materials,9775f48652a6be427b6dffc24df916cc538fe2ab0df337c918fe179dce1a2dce
42600,27/07/2017 15:47,Lecture & Tutorial,9775f48652a6be427b6dffc24df916cc538fe2ab0df337c918fe179dce1a2dce
42601,27/07/2017 15:47,Materials,ed556cdc0404b786c3103af3dd6280287a0c4d23736f376ebd927c791ff9d5ca
42602,27/07/2017 15:47,Materials,725ce235a55b376514ee25e3b7a58febd1e3c2faf47a155be5f019b8526f8bf3
42603,27/07/2017 15:47,Materials,9775f48652a6be427b6dffc24df916cc538fe2ab0df337c918fe179dce1a2dce
42604,27/07/2017 15:47,Materials,725ce235a55b376514ee25e3b7a58febd1e3c2faf47a155be5f019b8526f8bf3
42605,27/07/2017 15:47,Materials,725ce235a55b376514ee25e3b7a58febd1e3c2faf47a155be5f019b8526f8bf3
42606,27/07/2017 15:47,Materials,725ce235a55b376514ee25e3b7a58febd1e3c2faf47a155be5f019b8526f8bf3
42607,27/07/2017 15:47,Materials,9775f48652a6be427b6dffc24df916cc538fe2ab0df337c918fe179dce1a2dce
42608,27/07/2017 15:47,Problem Solving,c0d50bd815954a4482302ac146d7b9a02ae3998a2e825a2e00ef331c8764a0b6
42609,27/07/2017 15:47,Materials,9775f48652a6be427b6dffc24df916cc538fe2ab0df337c918fe179dce1a2dce
42610,27/07/2017 15:47,Lecture & Tutorial,9775f48652a6be427b6dffc24df916cc538fe2ab0df337c918fe179dce1a2dce
42611,27/07/2017 15:47,Problem Solving,c0d50bd815954a4482302ac146d7b9a02ae3998a2e825a2e00ef331c8764a0b6
42612,27/07/2017 15:47,Problem Solving,c0d50bd815954a4482302ac146d7b9a02ae3998a2e825a2e00ef331c8764a0b6
42613,27/07/2017 15:47,Problem Solving,c0d50bd815954a4482302ac146d7b9a02ae3998a2e825a2e00ef331c8764a0b6
42614,27/07/2017 15:47,Problem Solving,c0d50bd815954a4482302ac146d7b9a02ae3998a2e825a2e00ef331c8764a0b6
42615,27/07/2017 15:46,Problem Solving,9775f48652a6be427b6dffc24df916cc538fe2ab0df337c918fe179dce1a2dce
42616,27/07/2017 15:46,Lecture & Tutorial,96ec1025f1c402e9364a05b299f4e0b2995b2fdd9bf1fe1464da9e29a12f8320
42617,27/07/2017 15:46,Materials,96ec1025f1c402e9364a05b299f4e0b2995b2fdd9bf1fe1464da9e29a12f8320
42618,27/07/2017 15:46,Problem Solving,c0d50bd815954a4482302ac146d7b9a02ae3998a2e825a2e00ef331c8764a0b6
42619,27/07/2017 15:46,Problem Solving,c0d50bd815954a4482302ac146d7b9a02ae3998a2e825a2e00ef331c8764a0b6
42620,27/07/2017 15:46,Problem Solving,c0d50bd815954a4482302ac146d7b9a02ae3998a2e825a2e00ef331c8764a0b6
42621,27/07/2017 15:46,Problem Solving,c0d50bd815954a4482302ac146d7b9a02ae3998a2e825a2e00ef331c8764a0b6
42622,27/07/2017 15:46,Problem Solving,c0d50bd815954a4482302ac146d7b9a02ae3998a2e825a2e00ef331c8764a0b6
42623,27/07/2017 15:46,Problem Solving,c0d50bd815954a4482302ac146d7b9a02ae3998a2e825a2e00ef331c8764a0b6
42624,27/07/2017 15:46,Assessment,c0d50bd815954a4482302ac146d7b9a02ae3998a2e825a2e00ef331c8764a0b6
42625,27/07/2017 15:46,View Announcements,c0d50bd815954a4482302ac146d7b9a02ae3998a2e825a2e00ef331c8764a0b6
42626,27/07/2017 15:45,Problem Solving,c0d50bd815954a4482302ac146d7b9a02ae3998a2e825a2e00ef331c8764a0b6
42627,27/07/2017 15:45,Materials,96ec1025f1c402e9364a05b299f4e0b2995b2fdd9bf1fe1464da9e29a12f8320
42628,27/07/2017 15:45,Lecture & Tutorial,96ec1025f1c402e9364a05b299f4e0b2995b2fdd9bf1fe1464da9e29a12f8320
42629,27/07/2017 15:45,Problem Solving,9775f48652a6be427b6dffc24df916cc538fe2ab0df337c918fe179dce1a2dce
42630,27/07/2017 15:45,Problem Solving,c0d50bd815954a4482302ac146d7b9a02ae3998a2e825a2e00ef331c8764a0b6
42631,27/07/2017 15:45,Problem Solving,c0d50bd815954a4482302ac146d7b9a02ae3998a2e825a2e00ef331c8764a0b6
42632,27/07/2017 15:45,Problem Solving,9775f48652a6be427b6dffc24df916cc538fe2ab0df337c918fe179dce1a2dce
42633,27/07/2017 15:45,Problem Solving,96ec1025f1c402e9364a05b299f4e0b2995b2fdd9bf1fe1464da9e29a12f8320
42634,27/07/2017 15:45,Problem Solving,c0d50bd815954a4482302ac146d7b9a02ae3998a2e825a2e00ef331c8764a0b6
42635,27/07/2017 15:45,Problem Solving,c0d50bd815954a4482302ac146d7b9a02ae3998a2e825a2e00ef331c8764a0b6
42636,27/07/2017 15:45,Problem Solving,9775f48652a6be427b6dffc24df916cc538fe2ab0df337c918fe179dce1a2dce
42637,27/07/2017 15:45,Problem Solving,c0d50bd815954a4482302ac146d7b9a02ae3998a2e825a2e00ef331c8764a0b6
42638,27/07/2017 15:45,Problem Solving,c0d50bd815954a4482302ac146d7b9a02ae3998a2e825a2e00ef331c8764a0b6
42639,27/07/2017 15:45,Instruction file,624f58530d9533542c69cf7894922a24063c0bb0e21a1782d487a67c34c5d63a
42640,27/07/2017 15:45,Instruction file,624f58530d9533542c69cf7894922a24063c0bb0e21a1782d487a67c34c5d63a
42641,27/07/2017 15:45,Lecture & Tutorial,624f58530d9533542c69cf7894922a24063c0bb0e21a1782d487a67c34c5d63a
42642,27/07/2017 15:45,Assessment,e069f95d2ee1205269526184a0312896e46932008748992e31a439a4d1ae2d99
42643,27/07/2017 15:44,Assessment,e069f95d2ee1205269526184a0312896e46932008748992e31a439a4d1ae2d99
42644,27/07/2017 15:44,Assessment,e069f95d2ee1205269526184a0312896e46932008748992e31a439a4d1ae2d99
42645,27/07/2017 15:44,Problem Solving,c0d50bd815954a4482302ac146d7b9a02ae3998a2e825a2e00ef331c8764a0b6
42646,27/07/2017 15:44,Problem Solving,c0d50bd815954a4482302ac146d7b9a02ae3998a2e825a2e00ef331c8764a0b6
42647,27/07/2017 15:44,Problem Solving,c0d50bd815954a4482302ac146d7b9a02ae3998a2e825a2e00ef331c8764a0b6
42648,27/07/2017 15:44,Problem Solving,c0d50bd815954a4482302ac146d7b9a02ae3998a2e825a2e00ef331c8764a0b6
42649,27/07/2017 15:44,Problem Solving,c0d50bd815954a4482302ac146d7b9a02ae3998a2e825a2e00ef331c8764a0b6
42650,27/07/2017 15:44,Problem Solving,c0d50bd815954a4482302ac146d7b9a02ae3998a2e825a2e00ef331c8764a0b6
42651,27/07/2017 15:44,Problem Solving,96ec1025f1c402e9364a05b299f4e0b2995b2fdd9bf1fe1464da9e29a12f8320
42652,27/07/2017 15:44,Problem Solving,c0d50bd815954a4482302ac146d7b9a02ae3998a2e825a2e00ef331c8764a0b6
42653,27/07/2017 15:44,Problem Solving,c0d50bd815954a4482302ac146d7b9a02ae3998a2e825a2e00ef331c8764a0b6
42654,27/07/2017 15:44,Projects,e877d0f44eae6131e894603ec8f9f86b99f38b513f9b54ea7e9e08944606408d
42655,27/07/2017 15:44,Projects,e877d0f44eae6131e894603ec8f9f86b99f38b513f9b54ea7e9e08944606408d
42656,27/07/2017 15:44,Assessment,e877d0f44eae6131e894603ec8f9f86b99f38b513f9b54ea7e9e08944606408d
42657,27/07/2017 15:44,Problem Solving,c0d50bd815954a4482302ac146d7b9a02ae3998a2e825a2e00ef331c8764a0b6
42658,27/07/2017 15:44,Problem Solving,c0d50bd815954a4482302ac146d7b9a02ae3998a2e825a2e00ef331c8764a0b6
42659,27/07/2017 15:44,View Announcements,e877d0f44eae6131e894603ec8f9f86b99f38b513f9b54ea7e9e08944606408d
42660,27/07/2017 15:44,Problem Solving,c0d50bd815954a4482302ac146d7b9a02ae3998a2e825a2e00ef331c8764a0b6
42661,27/07/2017 15:44,Projects,e877d0f44eae6131e894603ec8f9f86b99f38b513f9b54ea7e9e08944606408d
42662,27/07/2017 15:44,Problem Solving,c0d50bd815954a4482302ac146d7b9a02ae3998a2e825a2e00ef331c8764a0b6
42663,27/07/2017 15:43,Lecture & Tutorial,e877d0f44eae6131e894603ec8f9f86b99f38b513f9b54ea7e9e08944606408d
42664,27/07/2017 15:43,Problem Solving,9775f48652a6be427b6dffc24df916cc538fe2ab0df337c918fe179dce1a2dce
42665,27/07/2017 15:43,View Announcements,e877d0f44eae6131e894603ec8f9f86b99f38b513f9b54ea7e9e08944606408d
42666,27/07/2017 15:43,Problem Solving,c0d50bd815954a4482302ac146d7b9a02ae3998a2e825a2e00ef331c8764a0b6
42667,27/07/2017 15:43,Problem Solving,c0d50bd815954a4482302ac146d7b9a02ae3998a2e825a2e00ef331c8764a0b6
42668,27/07/2017 15:43,Problem Solving,9775f48652a6be427b6dffc24df916cc538fe2ab0df337c918fe179dce1a2dce
42669,27/07/2017 15:43,Lecture & Tutorial,9775f48652a6be427b6dffc24df916cc538fe2ab0df337c918fe179dce1a2dce
42670,27/07/2017 15:43,Problem Solving,9775f48652a6be427b6dffc24df916cc538fe2ab0df337c918fe179dce1a2dce
42671,27/07/2017 15:43,Problem Solving,c0d50bd815954a4482302ac146d7b9a02ae3998a2e825a2e00ef331c8764a0b6
42672,27/07/2017 15:43,Problem Solving,c0d50bd815954a4482302ac146d7b9a02ae3998a2e825a2e00ef331c8764a0b6
42673,27/07/2017 15:43,Materials,725ce235a55b376514ee25e3b7a58febd1e3c2faf47a155be5f019b8526f8bf3
42674,27/07/2017 15:43,Problem Solving,c0d50bd815954a4482302ac146d7b9a02ae3998a2e825a2e00ef331c8764a0b6
42675,27/07/2017 15:43,Problem Solving,c0d50bd815954a4482302ac146d7b9a02ae3998a2e825a2e00ef331c8764a0b6
42676,27/07/2017 15:43,Problem Solving,c0d50bd815954a4482302ac146d7b9a02ae3998a2e825a2e00ef331c8764a0b6
42677,27/07/2017 15:43,Problem Solving,c0d50bd815954a4482302ac146d7b9a02ae3998a2e825a2e00ef331c8764a0b6
42678,27/07/2017 15:43,Problem Solving,c0d50bd815954a4482302ac146d7b9a02ae3998a2e825a2e00ef331c8764a0b6
42679,27/07/2017 15:43,Problem Solving,c0d50bd815954a4482302ac146d7b9a02ae3998a2e825a2e00ef331c8764a0b6
42680,27/07/2017 15:42,Problem Solving,c0d50bd815954a4482302ac146d7b9a02ae3998a2e825a2e00ef331c8764a0b6
42681,27/07/2017 15:42,Problem Solving,c0d50bd815954a4482302ac146d7b9a02ae3998a2e825a2e00ef331c8764a0b6
42682,27/07/2017 15:42,Problem Solving,c0d50bd815954a4482302ac146d7b9a02ae3998a2e825a2e00ef331c8764a0b6
42683,27/07/2017 15:42,Problem Solving,c0d50bd815954a4482302ac146d7b9a02ae3998a2e825a2e00ef331c8764a0b6
42684,27/07/2017 15:42,Problem Solving,c0d50bd815954a4482302ac146d7b9a02ae3998a2e825a2e00ef331c8764a0b6
42685,27/07/2017 15:42,Problem Solving,c0d50bd815954a4482302ac146d7b9a02ae3998a2e825a2e00ef331c8764a0b6
42686,27/07/2017 15:41,Problem Solving,c0d50bd815954a4482302ac146d7b9a02ae3998a2e825a2e00ef331c8764a0b6
42687,27/07/2017 15:41,Problem Solving,c0d50bd815954a4482302ac146d7b9a02ae3998a2e825a2e00ef331c8764a0b6
42688,27/07/2017 15:41,Problem Solving,c0d50bd815954a4482302ac146d7b9a02ae3998a2e825a2e00ef331c8764a0b6
42689,27/07/2017 15:41,Problem Solving,c0d50bd815954a4482302ac146d7b9a02ae3998a2e825a2e00ef331c8764a0b6
42690,27/07/2017 15:41,Problem Solving,c0d50bd815954a4482302ac146d7b9a02ae3998a2e825a2e00ef331c8764a0b6
42691,27/07/2017 15:41,Problem Solving,c0d50bd815954a4482302ac146d7b9a02ae3998a2e825a2e00ef331c8764a0b6
42692,27/07/2017 15:41,Problem Solving,96ec1025f1c402e9364a05b299f4e0b2995b2fdd9bf1fe1464da9e29a12f8320
42693,27/07/2017 15:41,Problem Solving,c0d50bd815954a4482302ac146d7b9a02ae3998a2e825a2e00ef331c8764a0b6
42694,27/07/2017 15:41,Problem Solving,c0d50bd815954a4482302ac146d7b9a02ae3998a2e825a2e00ef331c8764a0b6
42695,27/07/2017 15:41,Problem Solving,96ec1025f1c402e9364a05b299f4e0b2995b2fdd9bf1fe1464da9e29a12f8320
42696,27/07/2017 15:41,Problem Solving,c0d50bd815954a4482302ac146d7b9a02ae3998a2e825a2e00ef331c8764a0b6
42697,27/07/2017 15:41,Problem Solving,c0d50bd815954a4482302ac146d7b9a02ae3998a2e825a2e00ef331c8764a0b6
42698,27/07/2017 15:40,Problem Solving,c0d50bd815954a4482302ac146d7b9a02ae3998a2e825a2e00ef331c8764a0b6
42699,27/07/2017 15:40,Problem Solving,c0d50bd815954a4482302ac146d7b9a02ae3998a2e825a2e00ef331c8764a0b6
42700,27/07/2017 15:40,Problem Solving,96ec1025f1c402e9364a05b299f4e0b2995b2fdd9bf1fe1464da9e29a12f8320
42701,27/07/2017 15:40,Problem Solving,c0d50bd815954a4482302ac146d7b9a02ae3998a2e825a2e00ef331c8764a0b6
42702,27/07/2017 15:40,Problem Solving,c0d50bd815954a4482302ac146d7b9a02ae3998a2e825a2e00ef331c8764a0b6
42703,27/07/2017 15:40,Materials,725ce235a55b376514ee25e3b7a58febd1e3c2faf47a155be5f019b8526f8bf3
42704,27/07/2017 15:40,Problem Solving,c0d50bd815954a4482302ac146d7b9a02ae3998a2e825a2e00ef331c8764a0b6
42705,27/07/2017 15:40,Problem Solving,c0d50bd815954a4482302ac146d7b9a02ae3998a2e825a2e00ef331c8764a0b6
42706,27/07/2017 15:40,Materials,725ce235a55b376514ee25e3b7a58febd1e3c2faf47a155be5f019b8526f8bf3
42707,27/07/2017 15:40,Problem Solving,c0d50bd815954a4482302ac146d7b9a02ae3998a2e825a2e00ef331c8764a0b6
42708,27/07/2017 15:40,Problem Solving,c0d50bd815954a4482302ac146d7b9a02ae3998a2e825a2e00ef331c8764a0b6
42709,27/07/2017 15:40,Problem Solving,c0d50bd815954a4482302ac146d7b9a02ae3998a2e825a2e00ef331c8764a0b6
42710,27/07/2017 15:40,Problem Solving,c0d50bd815954a4482302ac146d7b9a02ae3998a2e825a2e00ef331c8764a0b6
42711,27/07/2017 15:40,Problem Solving,c0d50bd815954a4482302ac146d7b9a02ae3998a2e825a2e00ef331c8764a0b6
42712,27/07/2017 15:40,Problem Solving,c0d50bd815954a4482302ac146d7b9a02ae3998a2e825a2e00ef331c8764a0b6
42713,27/07/2017 15:39,Problem Solving,c0d50bd815954a4482302ac146d7b9a02ae3998a2e825a2e00ef331c8764a0b6
42714,27/07/2017 15:39,Problem Solving,c0d50bd815954a4482302ac146d7b9a02ae3998a2e825a2e00ef331c8764a0b6
42715,27/07/2017 15:39,Problem Solving,c0d50bd815954a4482302ac146d7b9a02ae3998a2e825a2e00ef331c8764a0b6
42716,27/07/2017 15:39,Problem Solving,c0d50bd815954a4482302ac146d7b9a02ae3998a2e825a2e00ef331c8764a0b6
42717,27/07/2017 15:39,Assessment,16d83368c32b544d2befc8c0d4511fd08a6d0b860878c189f888ce437437b076
42718,27/07/2017 15:39,Assessment,16d83368c32b544d2befc8c0d4511fd08a6d0b860878c189f888ce437437b076
42719,27/07/2017 15:39,Assessment,16d83368c32b544d2befc8c0d4511fd08a6d0b860878c189f888ce437437b076
42720,27/07/2017 15:39,Problem Solving,c0d50bd815954a4482302ac146d7b9a02ae3998a2e825a2e00ef331c8764a0b6
42721,27/07/2017 15:39,Problem Solving,c0d50bd815954a4482302ac146d7b9a02ae3998a2e825a2e00ef331c8764a0b6
42722,27/07/2017 15:39,Materials,725ce235a55b376514ee25e3b7a58febd1e3c2faf47a155be5f019b8526f8bf3
42723,27/07/2017 15:39,Materials,725ce235a55b376514ee25e3b7a58febd1e3c2faf47a155be5f019b8526f8bf3
42724,27/07/2017 15:39,Problem Solving,c0d50bd815954a4482302ac146d7b9a02ae3998a2e825a2e00ef331c8764a0b6
42725,27/07/2017 15:39,Problem Solving,c0d50bd815954a4482302ac146d7b9a02ae3998a2e825a2e00ef331c8764a0b6
42726,27/07/2017 15:39,Problem Solving,c0d50bd815954a4482302ac146d7b9a02ae3998a2e825a2e00ef331c8764a0b6
42727,27/07/2017 15:39,Problem Solving,c0d50bd815954a4482302ac146d7b9a02ae3998a2e825a2e00ef331c8764a0b6
42728,27/07/2017 15:39,View Announcements,16d83368c32b544d2befc8c0d4511fd08a6d0b860878c189f888ce437437b076
42729,27/07/2017 15:39,Lecture & Tutorial,96ec1025f1c402e9364a05b299f4e0b2995b2fdd9bf1fe1464da9e29a12f8320
42730,27/07/2017 15:39,Problem Solving,c0d50bd815954a4482302ac146d7b9a02ae3998a2e825a2e00ef331c8764a0b6
42731,27/07/2017 15:39,Problem Solving,96ec1025f1c402e9364a05b299f4e0b2995b2fdd9bf1fe1464da9e29a12f8320
42732,27/07/2017 15:39,Problem Solving,96ec1025f1c402e9364a05b299f4e0b2995b2fdd9bf1fe1464da9e29a12f8320
42733,27/07/2017 15:39,Problem Solving,c0d50bd815954a4482302ac146d7b9a02ae3998a2e825a2e00ef331c8764a0b6
42734,27/07/2017 15:38,Problem Solving,c0d50bd815954a4482302ac146d7b9a02ae3998a2e825a2e00ef331c8764a0b6
42735,27/07/2017 15:38,Problem Solving,c0d50bd815954a4482302ac146d7b9a02ae3998a2e825a2e00ef331c8764a0b6
42736,27/07/2017 15:38,Materials,ed556cdc0404b786c3103af3dd6280287a0c4d23736f376ebd927c791ff9d5ca
42737,27/07/2017 15:38,Materials,ed556cdc0404b786c3103af3dd6280287a0c4d23736f376ebd927c791ff9d5ca
42738,27/07/2017 15:38,Projects,7be7516181dbbc883bb1696bd2b9274a474e3d8336b4fc129393be26199773c5
42739,27/07/2017 15:38,Projects,7be7516181dbbc883bb1696bd2b9274a474e3d8336b4fc129393be26199773c5
42740,27/07/2017 15:38,Assessment,7be7516181dbbc883bb1696bd2b9274a474e3d8336b4fc129393be26199773c5
42741,27/07/2017 15:38,Materials,725ce235a55b376514ee25e3b7a58febd1e3c2faf47a155be5f019b8526f8bf3
42742,27/07/2017 15:38,Lecture & Tutorial,624f58530d9533542c69cf7894922a24063c0bb0e21a1782d487a67c34c5d63a
42743,27/07/2017 15:38,Materials,725ce235a55b376514ee25e3b7a58febd1e3c2faf47a155be5f019b8526f8bf3
42744,27/07/2017 15:38,Lecture & Tutorial,624f58530d9533542c69cf7894922a24063c0bb0e21a1782d487a67c34c5d63a
42745,27/07/2017 15:38,View Announcements,7be7516181dbbc883bb1696bd2b9274a474e3d8336b4fc129393be26199773c5
42746,27/07/2017 15:38,Materials,ed556cdc0404b786c3103af3dd6280287a0c4d23736f376ebd927c791ff9d5ca
42747,27/07/2017 15:38,Materials,ed556cdc0404b786c3103af3dd6280287a0c4d23736f376ebd927c791ff9d5ca
42748,27/07/2017 15:38,Materials,ed556cdc0404b786c3103af3dd6280287a0c4d23736f376ebd927c791ff9d5ca
42749,27/07/2017 15:38,Problem Solving,c0d50bd815954a4482302ac146d7b9a02ae3998a2e825a2e00ef331c8764a0b6
42750,27/07/2017 15:38,Problem Solving,c0d50bd815954a4482302ac146d7b9a02ae3998a2e825a2e00ef331c8764a0b6
42751,27/07/2017 15:37,Materials,ed556cdc0404b786c3103af3dd6280287a0c4d23736f376ebd927c791ff9d5ca
42752,27/07/2017 15:37,Problem Solving,c0d50bd815954a4482302ac146d7b9a02ae3998a2e825a2e00ef331c8764a0b6
42753,27/07/2017 15:37,Problem Solving,c0d50bd815954a4482302ac146d7b9a02ae3998a2e825a2e00ef331c8764a0b6
42754,27/07/2017 15:37,Materials,ed556cdc0404b786c3103af3dd6280287a0c4d23736f376ebd927c791ff9d5ca
42755,27/07/2017 15:37,Problem Solving,c0d50bd815954a4482302ac146d7b9a02ae3998a2e825a2e00ef331c8764a0b6
42756,27/07/2017 15:37,Problem Solving,c0d50bd815954a4482302ac146d7b9a02ae3998a2e825a2e00ef331c8764a0b6
42757,27/07/2017 15:37,MOOCchat,499bfc415c4236686522422a7185876d6f2060d4ff47ec2eb7a418fffddbdd2f
42758,27/07/2017 15:37,Materials,ed556cdc0404b786c3103af3dd6280287a0c4d23736f376ebd927c791ff9d5ca
42759,27/07/2017 15:37,Problem Solving,c0d50bd815954a4482302ac146d7b9a02ae3998a2e825a2e00ef331c8764a0b6
42760,27/07/2017 15:37,Problem Solving,c0d50bd815954a4482302ac146d7b9a02ae3998a2e825a2e00ef331c8764a0b6
42761,27/07/2017 15:37,Materials,ed556cdc0404b786c3103af3dd6280287a0c4d23736f376ebd927c791ff9d5ca
42762,27/07/2017 15:37,Problem Solving,c0d50bd815954a4482302ac146d7b9a02ae3998a2e825a2e00ef331c8764a0b6
42763,27/07/2017 15:37,Problem Solving,c0d50bd815954a4482302ac146d7b9a02ae3998a2e825a2e00ef331c8764a0b6
42764,27/07/2017 15:37,Materials,ed556cdc0404b786c3103af3dd6280287a0c4d23736f376ebd927c791ff9d5ca
42765,27/07/2017 15:36,Materials,ed556cdc0404b786c3103af3dd6280287a0c4d23736f376ebd927c791ff9d5ca
42766,27/07/2017 15:36,Materials,ed556cdc0404b786c3103af3dd6280287a0c4d23736f376ebd927c791ff9d5ca
42767,27/07/2017 15:36,Projects,dd585ac87ed72a874699c44095dd9d6b8ccfaf9e7fd9fd4c949e95d466023236
42768,27/07/2017 15:36,Assessment,dd585ac87ed72a874699c44095dd9d6b8ccfaf9e7fd9fd4c949e95d466023236
42769,27/07/2017 15:36,Problem Solving,c0d50bd815954a4482302ac146d7b9a02ae3998a2e825a2e00ef331c8764a0b6
42770,27/07/2017 15:36,Problem Solving,c0d50bd815954a4482302ac146d7b9a02ae3998a2e825a2e00ef331c8764a0b6
42771,27/07/2017 15:36,Problem Solving,c0d50bd815954a4482302ac146d7b9a02ae3998a2e825a2e00ef331c8764a0b6
42772,27/07/2017 15:36,Problem Solving,c0d50bd815954a4482302ac146d7b9a02ae3998a2e825a2e00ef331c8764a0b6
42773,27/07/2017 15:36,Problem Solving,c0d50bd815954a4482302ac146d7b9a02ae3998a2e825a2e00ef331c8764a0b6
42774,27/07/2017 15:36,Problem Solving,c0d50bd815954a4482302ac146d7b9a02ae3998a2e825a2e00ef331c8764a0b6
42775,27/07/2017 15:36,Problem Solving,c0d50bd815954a4482302ac146d7b9a02ae3998a2e825a2e00ef331c8764a0b6
42776,27/07/2017 15:36,Problem Solving,c0d50bd815954a4482302ac146d7b9a02ae3998a2e825a2e00ef331c8764a0b6
42777,27/07/2017 15:35,Materials,499bfc415c4236686522422a7185876d6f2060d4ff47ec2eb7a418fffddbdd2f
42778,27/07/2017 15:35,Materials,499bfc415c4236686522422a7185876d6f2060d4ff47ec2eb7a418fffddbdd2f
42779,27/07/2017 15:35,Problem Solving,c0d50bd815954a4482302ac146d7b9a02ae3998a2e825a2e00ef331c8764a0b6
42780,27/07/2017 15:35,Problem Solving,c0d50bd815954a4482302ac146d7b9a02ae3998a2e825a2e00ef331c8764a0b6
42781,27/07/2017 15:35,Problem Solving,c0d50bd815954a4482302ac146d7b9a02ae3998a2e825a2e00ef331c8764a0b6
42782,27/07/2017 15:35,Problem Solving,c0d50bd815954a4482302ac146d7b9a02ae3998a2e825a2e00ef331c8764a0b6
42783,27/07/2017 15:35,MOOCchat,499bfc415c4236686522422a7185876d6f2060d4ff47ec2eb7a418fffddbdd2f
42784,27/07/2017 15:35,Problem Solving,c0d50bd815954a4482302ac146d7b9a02ae3998a2e825a2e00ef331c8764a0b6
42785,27/07/2017 15:35,Problem Solving,c0d50bd815954a4482302ac146d7b9a02ae3998a2e825a2e00ef331c8764a0b6
42786,27/07/2017 15:35,Problem Solving,de120e7c713464614054a090345b4293b7d35926b8b51f459cbf1558f38b4cea
42787,27/07/2017 15:35,Problem Solving,de120e7c713464614054a090345b4293b7d35926b8b51f459cbf1558f38b4cea
42788,27/07/2017 15:35,Problem Solving,de120e7c713464614054a090345b4293b7d35926b8b51f459cbf1558f38b4cea
42789,27/07/2017 15:35,Lecture & Tutorial,de120e7c713464614054a090345b4293b7d35926b8b51f459cbf1558f38b4cea
42790,27/07/2017 15:35,Problem Solving,c0d50bd815954a4482302ac146d7b9a02ae3998a2e825a2e00ef331c8764a0b6
42791,27/07/2017 15:35,Problem Solving,c0d50bd815954a4482302ac146d7b9a02ae3998a2e825a2e00ef331c8764a0b6
42792,27/07/2017 15:35,View Announcements,e5f9007076d90733fa6060a445feb5f2d967214f2c645b0be4a42f3d9550abcc
42793,27/07/2017 15:35,Lecture & Tutorial,e5f9007076d90733fa6060a445feb5f2d967214f2c645b0be4a42f3d9550abcc
42794,27/07/2017 15:35,Instruction file,e5f9007076d90733fa6060a445feb5f2d967214f2c645b0be4a42f3d9550abcc
42795,27/07/2017 15:35,Instruction file,e5f9007076d90733fa6060a445feb5f2d967214f2c645b0be4a42f3d9550abcc
42796,27/07/2017 15:35,Instruction file,e5f9007076d90733fa6060a445feb5f2d967214f2c645b0be4a42f3d9550abcc
42797,27/07/2017 15:35,Instruction file,e5f9007076d90733fa6060a445feb5f2d967214f2c645b0be4a42f3d9550abcc
42798,27/07/2017 15:35,Problem Solving,c0d50bd815954a4482302ac146d7b9a02ae3998a2e825a2e00ef331c8764a0b6
42799,27/07/2017 15:35,Problem Solving,c0d50bd815954a4482302ac146d7b9a02ae3998a2e825a2e00ef331c8764a0b6
42800,27/07/2017 15:35,Instruction file,e5f9007076d90733fa6060a445feb5f2d967214f2c645b0be4a42f3d9550abcc
42801,27/07/2017 15:35,MOOCchat,499bfc415c4236686522422a7185876d6f2060d4ff47ec2eb7a418fffddbdd2f
42802,27/07/2017 15:35,Lecture & Tutorial,e5f9007076d90733fa6060a445feb5f2d967214f2c645b0be4a42f3d9550abcc
42803,27/07/2017 15:35,View Announcements,e5f9007076d90733fa6060a445feb5f2d967214f2c645b0be4a42f3d9550abcc
42804,27/07/2017 15:34,Materials,499bfc415c4236686522422a7185876d6f2060d4ff47ec2eb7a418fffddbdd2f
42805,27/07/2017 15:34,Assessment,499bfc415c4236686522422a7185876d6f2060d4ff47ec2eb7a418fffddbdd2f
42806,27/07/2017 15:34,Lecture & Tutorial,e5f9007076d90733fa6060a445feb5f2d967214f2c645b0be4a42f3d9550abcc
42807,27/07/2017 15:34,Materials,2c265cf741dde06fe65737b5bb56e5f984bf3c309e515ccce24bef11976268c2
42808,27/07/2017 15:34,Problem Solving,c0d50bd815954a4482302ac146d7b9a02ae3998a2e825a2e00ef331c8764a0b6
42809,27/07/2017 15:34,View Announcements,499bfc415c4236686522422a7185876d6f2060d4ff47ec2eb7a418fffddbdd2f
42810,27/07/2017 15:34,Problem Solving,c0d50bd815954a4482302ac146d7b9a02ae3998a2e825a2e00ef331c8764a0b6
42811,27/07/2017 15:34,Problem Solving,c0d50bd815954a4482302ac146d7b9a02ae3998a2e825a2e00ef331c8764a0b6
42812,27/07/2017 15:34,Problem Solving,c0d50bd815954a4482302ac146d7b9a02ae3998a2e825a2e00ef331c8764a0b6
42813,27/07/2017 15:34,View Announcements,e5f9007076d90733fa6060a445feb5f2d967214f2c645b0be4a42f3d9550abcc
42814,27/07/2017 15:34,Projects,c23ed66c0dd4918a6ebe6e5c104f802c1627689b702ce246e9bf96e3f073e544
42815,27/07/2017 15:34,Lecture & Tutorial,e5f9007076d90733fa6060a445feb5f2d967214f2c645b0be4a42f3d9550abcc
42816,27/07/2017 15:34,Projects,c23ed66c0dd4918a6ebe6e5c104f802c1627689b702ce246e9bf96e3f073e544
42817,27/07/2017 15:34,Lecture & Tutorial,c23ed66c0dd4918a6ebe6e5c104f802c1627689b702ce246e9bf96e3f073e544
42818,27/07/2017 15:34,Problem Solving,c0d50bd815954a4482302ac146d7b9a02ae3998a2e825a2e00ef331c8764a0b6
42819,27/07/2017 15:34,Problem Solving,c0d50bd815954a4482302ac146d7b9a02ae3998a2e825a2e00ef331c8764a0b6
42820,27/07/2017 15:33,Problem Solving,c0d50bd815954a4482302ac146d7b9a02ae3998a2e825a2e00ef331c8764a0b6
42821,27/07/2017 15:33,Problem Solving,c0d50bd815954a4482302ac146d7b9a02ae3998a2e825a2e00ef331c8764a0b6
42822,27/07/2017 15:33,Problem Solving,c0d50bd815954a4482302ac146d7b9a02ae3998a2e825a2e00ef331c8764a0b6
42823,27/07/2017 15:33,Problem Solving,c0d50bd815954a4482302ac146d7b9a02ae3998a2e825a2e00ef331c8764a0b6
42824,27/07/2017 15:33,Problem Solving,c0d50bd815954a4482302ac146d7b9a02ae3998a2e825a2e00ef331c8764a0b6
42825,27/07/2017 15:33,Problem Solving,c0d50bd815954a4482302ac146d7b9a02ae3998a2e825a2e00ef331c8764a0b6
42826,27/07/2017 15:32,Problem Solving,c0d50bd815954a4482302ac146d7b9a02ae3998a2e825a2e00ef331c8764a0b6
42827,27/07/2017 15:32,Problem Solving,c0d50bd815954a4482302ac146d7b9a02ae3998a2e825a2e00ef331c8764a0b6
42828,27/07/2017 15:32,Problem Solving,c0d50bd815954a4482302ac146d7b9a02ae3998a2e825a2e00ef331c8764a0b6
42829,27/07/2017 15:32,Problem Solving,c0d50bd815954a4482302ac146d7b9a02ae3998a2e825a2e00ef331c8764a0b6
42830,27/07/2017 15:32,Problem Solving,c0d50bd815954a4482302ac146d7b9a02ae3998a2e825a2e00ef331c8764a0b6
42831,27/07/2017 15:32,Problem Solving,c0d50bd815954a4482302ac146d7b9a02ae3998a2e825a2e00ef331c8764a0b6
42832,27/07/2017 15:32,View Announcements,ed556cdc0404b786c3103af3dd6280287a0c4d23736f376ebd927c791ff9d5ca
42833,27/07/2017 15:32,Problem Solving,c0d50bd815954a4482302ac146d7b9a02ae3998a2e825a2e00ef331c8764a0b6
42834,27/07/2017 15:32,Problem Solving,c0d50bd815954a4482302ac146d7b9a02ae3998a2e825a2e00ef331c8764a0b6
42835,27/07/2017 15:32,Problem Solving,c0d50bd815954a4482302ac146d7b9a02ae3998a2e825a2e00ef331c8764a0b6
42836,27/07/2017 15:32,Problem Solving,c0d50bd815954a4482302ac146d7b9a02ae3998a2e825a2e00ef331c8764a0b6
42837,27/07/2017 15:31,Problem Solving,c0d50bd815954a4482302ac146d7b9a02ae3998a2e825a2e00ef331c8764a0b6
42838,27/07/2017 15:31,Problem Solving,c0d50bd815954a4482302ac146d7b9a02ae3998a2e825a2e00ef331c8764a0b6
42839,27/07/2017 15:31,Problem Solving,c0d50bd815954a4482302ac146d7b9a02ae3998a2e825a2e00ef331c8764a0b6
42840,27/07/2017 15:31,Problem Solving,c0d50bd815954a4482302ac146d7b9a02ae3998a2e825a2e00ef331c8764a0b6
42841,27/07/2017 15:31,View Announcements,e5f9007076d90733fa6060a445feb5f2d967214f2c645b0be4a42f3d9550abcc
42842,27/07/2017 15:31,Problem Solving,c0d50bd815954a4482302ac146d7b9a02ae3998a2e825a2e00ef331c8764a0b6
42843,27/07/2017 15:31,Problem Solving,c0d50bd815954a4482302ac146d7b9a02ae3998a2e825a2e00ef331c8764a0b6
42844,27/07/2017 15:31,Lecture & Tutorial,b52f9f116cf1ef2605831100f1dfe1942edce69e2cce0ac099a5ce48ed6c1524
42845,27/07/2017 15:31,Lecture & Tutorial,b52f9f116cf1ef2605831100f1dfe1942edce69e2cce0ac099a5ce48ed6c1524
42846,27/07/2017 15:31,Problem Solving,c0d50bd815954a4482302ac146d7b9a02ae3998a2e825a2e00ef331c8764a0b6
42847,27/07/2017 15:31,Problem Solving,c0d50bd815954a4482302ac146d7b9a02ae3998a2e825a2e00ef331c8764a0b6
42848,27/07/2017 15:30,Problem Solving,c0d50bd815954a4482302ac146d7b9a02ae3998a2e825a2e00ef331c8764a0b6
42849,27/07/2017 15:30,Problem Solving,c0d50bd815954a4482302ac146d7b9a02ae3998a2e825a2e00ef331c8764a0b6
42850,27/07/2017 15:30,Problem Solving,c0d50bd815954a4482302ac146d7b9a02ae3998a2e825a2e00ef331c8764a0b6
42851,27/07/2017 15:30,Problem Solving,c0d50bd815954a4482302ac146d7b9a02ae3998a2e825a2e00ef331c8764a0b6
42852,27/07/2017 15:30,Problem Solving,c0d50bd815954a4482302ac146d7b9a02ae3998a2e825a2e00ef331c8764a0b6
42853,27/07/2017 15:30,Problem Solving,c0d50bd815954a4482302ac146d7b9a02ae3998a2e825a2e00ef331c8764a0b6
42854,27/07/2017 15:29,Problem Solving,c0d50bd815954a4482302ac146d7b9a02ae3998a2e825a2e00ef331c8764a0b6
42855,27/07/2017 15:29,Problem Solving,c0d50bd815954a4482302ac146d7b9a02ae3998a2e825a2e00ef331c8764a0b6
42856,27/07/2017 15:29,Problem Solving,c0d50bd815954a4482302ac146d7b9a02ae3998a2e825a2e00ef331c8764a0b6
42857,27/07/2017 15:29,Problem Solving,c0d50bd815954a4482302ac146d7b9a02ae3998a2e825a2e00ef331c8764a0b6
42858,27/07/2017 15:29,Problem Solving,c0d50bd815954a4482302ac146d7b9a02ae3998a2e825a2e00ef331c8764a0b6
42859,27/07/2017 15:29,Problem Solving,c0d50bd815954a4482302ac146d7b9a02ae3998a2e825a2e00ef331c8764a0b6
42860,27/07/2017 15:29,Problem Solving,c0d50bd815954a4482302ac146d7b9a02ae3998a2e825a2e00ef331c8764a0b6
42861,27/07/2017 15:29,Problem Solving,c0d50bd815954a4482302ac146d7b9a02ae3998a2e825a2e00ef331c8764a0b6
42862,27/07/2017 15:28,Problem Solving,c0d50bd815954a4482302ac146d7b9a02ae3998a2e825a2e00ef331c8764a0b6
42863,27/07/2017 15:28,Problem Solving,c0d50bd815954a4482302ac146d7b9a02ae3998a2e825a2e00ef331c8764a0b6
42864,27/07/2017 15:28,Materials,ed556cdc0404b786c3103af3dd6280287a0c4d23736f376ebd927c791ff9d5ca
42865,27/07/2017 15:28,Materials,ed556cdc0404b786c3103af3dd6280287a0c4d23736f376ebd927c791ff9d5ca
42866,27/07/2017 15:28,Materials,ed556cdc0404b786c3103af3dd6280287a0c4d23736f376ebd927c791ff9d5ca
42867,27/07/2017 15:28,Materials,ed556cdc0404b786c3103af3dd6280287a0c4d23736f376ebd927c791ff9d5ca
42868,27/07/2017 15:28,Problem Solving,c0d50bd815954a4482302ac146d7b9a02ae3998a2e825a2e00ef331c8764a0b6
42869,27/07/2017 15:28,Problem Solving,c0d50bd815954a4482302ac146d7b9a02ae3998a2e825a2e00ef331c8764a0b6
42870,27/07/2017 15:28,Problem Solving,c0d50bd815954a4482302ac146d7b9a02ae3998a2e825a2e00ef331c8764a0b6
42871,27/07/2017 15:28,Problem Solving,c0d50bd815954a4482302ac146d7b9a02ae3998a2e825a2e00ef331c8764a0b6
42872,27/07/2017 15:28,Problem Solving,c0d50bd815954a4482302ac146d7b9a02ae3998a2e825a2e00ef331c8764a0b6
42873,27/07/2017 15:28,Problem Solving,c0d50bd815954a4482302ac146d7b9a02ae3998a2e825a2e00ef331c8764a0b6
42874,27/07/2017 15:28,Problem Solving,c0d50bd815954a4482302ac146d7b9a02ae3998a2e825a2e00ef331c8764a0b6
42875,27/07/2017 15:28,Problem Solving,c0d50bd815954a4482302ac146d7b9a02ae3998a2e825a2e00ef331c8764a0b6
42876,27/07/2017 15:27,Problem Solving,c0d50bd815954a4482302ac146d7b9a02ae3998a2e825a2e00ef331c8764a0b6
42877,27/07/2017 15:27,Problem Solving,c0d50bd815954a4482302ac146d7b9a02ae3998a2e825a2e00ef331c8764a0b6
42878,27/07/2017 15:27,Problem Solving,c0d50bd815954a4482302ac146d7b9a02ae3998a2e825a2e00ef331c8764a0b6
42879,27/07/2017 15:27,Problem Solving,c0d50bd815954a4482302ac146d7b9a02ae3998a2e825a2e00ef331c8764a0b6
42880,27/07/2017 15:27,Problem Solving,c0d50bd815954a4482302ac146d7b9a02ae3998a2e825a2e00ef331c8764a0b6
42881,27/07/2017 15:27,Problem Solving,c0d50bd815954a4482302ac146d7b9a02ae3998a2e825a2e00ef331c8764a0b6
42882,27/07/2017 15:27,Projects,7c74d09e81a00f968f18bf3bfeab557afd65dddd7798baac3fcdd360f660fd75
42883,27/07/2017 15:27,Lecture & Tutorial,7c74d09e81a00f968f18bf3bfeab557afd65dddd7798baac3fcdd360f660fd75
42884,27/07/2017 15:27,Lecture & Tutorial,7c74d09e81a00f968f18bf3bfeab557afd65dddd7798baac3fcdd360f660fd75
42885,27/07/2017 15:27,Lecture & Tutorial,7c74d09e81a00f968f18bf3bfeab557afd65dddd7798baac3fcdd360f660fd75
42886,27/07/2017 15:27,Lecture & Tutorial,7c74d09e81a00f968f18bf3bfeab557afd65dddd7798baac3fcdd360f660fd75
42887,27/07/2017 15:27,Problem Solving,c0d50bd815954a4482302ac146d7b9a02ae3998a2e825a2e00ef331c8764a0b6
42888,27/07/2017 15:27,Problem Solving,c0d50bd815954a4482302ac146d7b9a02ae3998a2e825a2e00ef331c8764a0b6
42889,27/07/2017 15:27,Problem Solving,7c74d09e81a00f968f18bf3bfeab557afd65dddd7798baac3fcdd360f660fd75
42890,27/07/2017 15:27,Problem Solving,7c74d09e81a00f968f18bf3bfeab557afd65dddd7798baac3fcdd360f660fd75
42891,27/07/2017 15:27,Lecture & Tutorial,7c74d09e81a00f968f18bf3bfeab557afd65dddd7798baac3fcdd360f660fd75
42892,27/07/2017 15:27,Problem Solving,7c74d09e81a00f968f18bf3bfeab557afd65dddd7798baac3fcdd360f660fd75
42893,27/07/2017 15:27,Instruction file,7c74d09e81a00f968f18bf3bfeab557afd65dddd7798baac3fcdd360f660fd75
42894,27/07/2017 15:27,Lecture & Tutorial,7c74d09e81a00f968f18bf3bfeab557afd65dddd7798baac3fcdd360f660fd75
42895,27/07/2017 15:26,Problem Solving,c0d50bd815954a4482302ac146d7b9a02ae3998a2e825a2e00ef331c8764a0b6
42896,27/07/2017 15:26,Problem Solving,c0d50bd815954a4482302ac146d7b9a02ae3998a2e825a2e00ef331c8764a0b6
42897,27/07/2017 15:26,Problem Solving,e069f95d2ee1205269526184a0312896e46932008748992e31a439a4d1ae2d99
42898,27/07/2017 15:26,Problem Solving,e069f95d2ee1205269526184a0312896e46932008748992e31a439a4d1ae2d99
42899,27/07/2017 15:26,Problem Solving,c0d50bd815954a4482302ac146d7b9a02ae3998a2e825a2e00ef331c8764a0b6
42900,27/07/2017 15:26,Problem Solving,c0d50bd815954a4482302ac146d7b9a02ae3998a2e825a2e00ef331c8764a0b6
42901,27/07/2017 15:26,Lecture & Tutorial,b52f9f116cf1ef2605831100f1dfe1942edce69e2cce0ac099a5ce48ed6c1524
42902,27/07/2017 15:26,Lecture & Tutorial,b52f9f116cf1ef2605831100f1dfe1942edce69e2cce0ac099a5ce48ed6c1524
42903,27/07/2017 15:26,View Announcements,51c2ed35ee7f07dcb568689f2b0f2c0ac01522ae1ba177cb57668e6143488f12
42904,27/07/2017 15:26,Problem Solving,c0d50bd815954a4482302ac146d7b9a02ae3998a2e825a2e00ef331c8764a0b6
42905,27/07/2017 15:26,Problem Solving,c0d50bd815954a4482302ac146d7b9a02ae3998a2e825a2e00ef331c8764a0b6
42906,27/07/2017 15:26,Materials,51c2ed35ee7f07dcb568689f2b0f2c0ac01522ae1ba177cb57668e6143488f12
42907,27/07/2017 15:26,Problem Solving,c0d50bd815954a4482302ac146d7b9a02ae3998a2e825a2e00ef331c8764a0b6
42908,27/07/2017 15:26,Problem Solving,c0d50bd815954a4482302ac146d7b9a02ae3998a2e825a2e00ef331c8764a0b6
42909,27/07/2017 15:26,Problem Solving,c0d50bd815954a4482302ac146d7b9a02ae3998a2e825a2e00ef331c8764a0b6
42910,27/07/2017 15:26,Problem Solving,c0d50bd815954a4482302ac146d7b9a02ae3998a2e825a2e00ef331c8764a0b6
42911,27/07/2017 15:26,Problem Solving,c0d50bd815954a4482302ac146d7b9a02ae3998a2e825a2e00ef331c8764a0b6
42912,27/07/2017 15:26,Problem Solving,c0d50bd815954a4482302ac146d7b9a02ae3998a2e825a2e00ef331c8764a0b6
42913,27/07/2017 15:25,Problem Solving,c0d50bd815954a4482302ac146d7b9a02ae3998a2e825a2e00ef331c8764a0b6
42914,27/07/2017 15:25,Materials,51c2ed35ee7f07dcb568689f2b0f2c0ac01522ae1ba177cb57668e6143488f12
42915,27/07/2017 15:25,Problem Solving,c0d50bd815954a4482302ac146d7b9a02ae3998a2e825a2e00ef331c8764a0b6
42916,27/07/2017 15:25,Lecture & Tutorial,51c2ed35ee7f07dcb568689f2b0f2c0ac01522ae1ba177cb57668e6143488f12
42917,27/07/2017 15:25,Materials,4a00cb9716b48eca4fd984334247de25f2bd2378ea6d54710c009eb588d36a11
42918,27/07/2017 15:25,Materials,4a00cb9716b48eca4fd984334247de25f2bd2378ea6d54710c009eb588d36a11
42919,27/07/2017 15:25,Problem Solving,e069f95d2ee1205269526184a0312896e46932008748992e31a439a4d1ae2d99
42920,27/07/2017 15:25,Materials,4a00cb9716b48eca4fd984334247de25f2bd2378ea6d54710c009eb588d36a11
42921,27/07/2017 15:25,Problem Solving,e069f95d2ee1205269526184a0312896e46932008748992e31a439a4d1ae2d99
42922,27/07/2017 15:25,Lecture & Tutorial,e069f95d2ee1205269526184a0312896e46932008748992e31a439a4d1ae2d99
42923,27/07/2017 15:25,Materials,4a00cb9716b48eca4fd984334247de25f2bd2378ea6d54710c009eb588d36a11
42924,27/07/2017 15:25,Materials,4a00cb9716b48eca4fd984334247de25f2bd2378ea6d54710c009eb588d36a11
42925,27/07/2017 15:25,Lecture & Tutorial,4a00cb9716b48eca4fd984334247de25f2bd2378ea6d54710c009eb588d36a11
42926,27/07/2017 15:25,View Announcements,4a00cb9716b48eca4fd984334247de25f2bd2378ea6d54710c009eb588d36a11
42927,27/07/2017 15:24,Question & Help,e069f95d2ee1205269526184a0312896e46932008748992e31a439a4d1ae2d99
42928,27/07/2017 15:24,View Announcements,e069f95d2ee1205269526184a0312896e46932008748992e31a439a4d1ae2d99
42929,27/07/2017 15:24,Materials,4a00cb9716b48eca4fd984334247de25f2bd2378ea6d54710c009eb588d36a11
42930,27/07/2017 15:24,Lecture & Tutorial,e069f95d2ee1205269526184a0312896e46932008748992e31a439a4d1ae2d99
42931,27/07/2017 15:24,Lecture & Tutorial,e069f95d2ee1205269526184a0312896e46932008748992e31a439a4d1ae2d99
42932,27/07/2017 15:24,Lecture & Tutorial,e069f95d2ee1205269526184a0312896e46932008748992e31a439a4d1ae2d99
42933,27/07/2017 15:24,Lecture & Tutorial,e069f95d2ee1205269526184a0312896e46932008748992e31a439a4d1ae2d99
42934,27/07/2017 15:24,Lecture & Tutorial,e069f95d2ee1205269526184a0312896e46932008748992e31a439a4d1ae2d99
42935,27/07/2017 15:24,View Announcements,dd585ac87ed72a874699c44095dd9d6b8ccfaf9e7fd9fd4c949e95d466023236
42936,27/07/2017 15:24,Lecture & Tutorial,e069f95d2ee1205269526184a0312896e46932008748992e31a439a4d1ae2d99
42937,27/07/2017 15:24,Lecture & Tutorial,e069f95d2ee1205269526184a0312896e46932008748992e31a439a4d1ae2d99
42938,27/07/2017 15:24,View Announcements,e069f95d2ee1205269526184a0312896e46932008748992e31a439a4d1ae2d99
42939,27/07/2017 15:24,Lecture & Tutorial,e069f95d2ee1205269526184a0312896e46932008748992e31a439a4d1ae2d99
42940,27/07/2017 15:24,Lecture & Tutorial,e069f95d2ee1205269526184a0312896e46932008748992e31a439a4d1ae2d99
42941,27/07/2017 15:24,Lecture & Tutorial,e069f95d2ee1205269526184a0312896e46932008748992e31a439a4d1ae2d99
42942,27/07/2017 15:24,Lecture & Tutorial,e069f95d2ee1205269526184a0312896e46932008748992e31a439a4d1ae2d99
42943,27/07/2017 15:24,Lecture & Tutorial,e069f95d2ee1205269526184a0312896e46932008748992e31a439a4d1ae2d99
42944,27/07/2017 15:24,Lecture & Tutorial,e069f95d2ee1205269526184a0312896e46932008748992e31a439a4d1ae2d99
42945,27/07/2017 15:24,Lecture & Tutorial,e069f95d2ee1205269526184a0312896e46932008748992e31a439a4d1ae2d99
42946,27/07/2017 15:24,Materials,4a00cb9716b48eca4fd984334247de25f2bd2378ea6d54710c009eb588d36a11
42947,27/07/2017 15:24,Lecture & Tutorial,e069f95d2ee1205269526184a0312896e46932008748992e31a439a4d1ae2d99
42948,27/07/2017 15:24,Lecture & Tutorial,e069f95d2ee1205269526184a0312896e46932008748992e31a439a4d1ae2d99
42949,27/07/2017 15:24,Problem Solving,c0d50bd815954a4482302ac146d7b9a02ae3998a2e825a2e00ef331c8764a0b6
42950,27/07/2017 15:24,Problem Solving,c0d50bd815954a4482302ac146d7b9a02ae3998a2e825a2e00ef331c8764a0b6
42951,27/07/2017 15:24,Materials,4a00cb9716b48eca4fd984334247de25f2bd2378ea6d54710c009eb588d36a11
42952,27/07/2017 15:24,Materials,ed556cdc0404b786c3103af3dd6280287a0c4d23736f376ebd927c791ff9d5ca
42953,27/07/2017 15:24,Problem Solving,c0d50bd815954a4482302ac146d7b9a02ae3998a2e825a2e00ef331c8764a0b6
42954,27/07/2017 15:24,Problem Solving,c0d50bd815954a4482302ac146d7b9a02ae3998a2e825a2e00ef331c8764a0b6
42955,27/07/2017 15:24,Materials,ed556cdc0404b786c3103af3dd6280287a0c4d23736f376ebd927c791ff9d5ca
42956,27/07/2017 15:24,Projects,0bb26b5ec1ff352140e80ef7d1e6062ffe058f55bf675384cced410e9c78e89e
42957,27/07/2017 15:24,Projects,0bb26b5ec1ff352140e80ef7d1e6062ffe058f55bf675384cced410e9c78e89e
42958,27/07/2017 15:24,Materials,4a00cb9716b48eca4fd984334247de25f2bd2378ea6d54710c009eb588d36a11
42959,27/07/2017 15:23,Materials,4a00cb9716b48eca4fd984334247de25f2bd2378ea6d54710c009eb588d36a11
42960,27/07/2017 15:23,Materials,4a00cb9716b48eca4fd984334247de25f2bd2378ea6d54710c009eb588d36a11
42961,27/07/2017 15:23,Projects,0bb26b5ec1ff352140e80ef7d1e6062ffe058f55bf675384cced410e9c78e89e
42962,27/07/2017 15:23,Materials,4a00cb9716b48eca4fd984334247de25f2bd2378ea6d54710c009eb588d36a11
42963,27/07/2017 15:23,Projects,0bb26b5ec1ff352140e80ef7d1e6062ffe058f55bf675384cced410e9c78e89e
42964,27/07/2017 15:23,Materials,4a00cb9716b48eca4fd984334247de25f2bd2378ea6d54710c009eb588d36a11
42965,27/07/2017 15:23,Projects,0bb26b5ec1ff352140e80ef7d1e6062ffe058f55bf675384cced410e9c78e89e
42966,27/07/2017 15:23,Lecture & Tutorial,0bb26b5ec1ff352140e80ef7d1e6062ffe058f55bf675384cced410e9c78e89e
42967,27/07/2017 15:23,Materials,4a00cb9716b48eca4fd984334247de25f2bd2378ea6d54710c009eb588d36a11
42968,27/07/2017 15:23,Materials,4a00cb9716b48eca4fd984334247de25f2bd2378ea6d54710c009eb588d36a11
42969,27/07/2017 15:22,Materials,4a00cb9716b48eca4fd984334247de25f2bd2378ea6d54710c009eb588d36a11
42970,27/07/2017 15:22,Materials,4a00cb9716b48eca4fd984334247de25f2bd2378ea6d54710c009eb588d36a11
42971,27/07/2017 15:22,Problem Solving,c0d50bd815954a4482302ac146d7b9a02ae3998a2e825a2e00ef331c8764a0b6
42972,27/07/2017 15:22,Problem Solving,c0d50bd815954a4482302ac146d7b9a02ae3998a2e825a2e00ef331c8764a0b6
42973,27/07/2017 15:22,Problem Solving,c0d50bd815954a4482302ac146d7b9a02ae3998a2e825a2e00ef331c8764a0b6
42974,27/07/2017 15:22,Problem Solving,c0d50bd815954a4482302ac146d7b9a02ae3998a2e825a2e00ef331c8764a0b6
42975,27/07/2017 15:22,Problem Solving,c0d50bd815954a4482302ac146d7b9a02ae3998a2e825a2e00ef331c8764a0b6
42976,27/07/2017 15:22,Problem Solving,c0d50bd815954a4482302ac146d7b9a02ae3998a2e825a2e00ef331c8764a0b6
42977,27/07/2017 15:22,Problem Solving,c0d50bd815954a4482302ac146d7b9a02ae3998a2e825a2e00ef331c8764a0b6
42978,27/07/2017 15:22,Problem Solving,c0d50bd815954a4482302ac146d7b9a02ae3998a2e825a2e00ef331c8764a0b6
42979,27/07/2017 15:21,Problem Solving,c0d50bd815954a4482302ac146d7b9a02ae3998a2e825a2e00ef331c8764a0b6
42980,27/07/2017 15:21,Problem Solving,c0d50bd815954a4482302ac146d7b9a02ae3998a2e825a2e00ef331c8764a0b6
42981,27/07/2017 15:21,Materials,4a00cb9716b48eca4fd984334247de25f2bd2378ea6d54710c009eb588d36a11
42982,27/07/2017 15:21,Materials,4a00cb9716b48eca4fd984334247de25f2bd2378ea6d54710c009eb588d36a11
42983,27/07/2017 15:21,Materials,4a00cb9716b48eca4fd984334247de25f2bd2378ea6d54710c009eb588d36a11
42984,27/07/2017 15:21,Problem Solving,c0d50bd815954a4482302ac146d7b9a02ae3998a2e825a2e00ef331c8764a0b6
42985,27/07/2017 15:21,Problem Solving,c0d50bd815954a4482302ac146d7b9a02ae3998a2e825a2e00ef331c8764a0b6
42986,27/07/2017 15:21,Materials,4a00cb9716b48eca4fd984334247de25f2bd2378ea6d54710c009eb588d36a11
42987,27/07/2017 15:21,Problem Solving,c0d50bd815954a4482302ac146d7b9a02ae3998a2e825a2e00ef331c8764a0b6
42988,27/07/2017 15:21,Problem Solving,c0d50bd815954a4482302ac146d7b9a02ae3998a2e825a2e00ef331c8764a0b6
42989,27/07/2017 15:21,Materials,4a00cb9716b48eca4fd984334247de25f2bd2378ea6d54710c009eb588d36a11
42990,27/07/2017 15:21,Materials,4a00cb9716b48eca4fd984334247de25f2bd2378ea6d54710c009eb588d36a11
42991,27/07/2017 15:21,Problem Solving,c0d50bd815954a4482302ac146d7b9a02ae3998a2e825a2e00ef331c8764a0b6
42992,27/07/2017 15:21,Problem Solving,c0d50bd815954a4482302ac146d7b9a02ae3998a2e825a2e00ef331c8764a0b6
42993,27/07/2017 15:21,Materials,4a00cb9716b48eca4fd984334247de25f2bd2378ea6d54710c009eb588d36a11
42994,27/07/2017 15:21,Problem Solving,c0d50bd815954a4482302ac146d7b9a02ae3998a2e825a2e00ef331c8764a0b6
42995,27/07/2017 15:21,Problem Solving,c0d50bd815954a4482302ac146d7b9a02ae3998a2e825a2e00ef331c8764a0b6
42996,27/07/2017 15:21,Problem Solving,c0d50bd815954a4482302ac146d7b9a02ae3998a2e825a2e00ef331c8764a0b6
42997,27/07/2017 15:21,Problem Solving,c0d50bd815954a4482302ac146d7b9a02ae3998a2e825a2e00ef331c8764a0b6
42998,27/07/2017 15:20,Problem Solving,c0d50bd815954a4482302ac146d7b9a02ae3998a2e825a2e00ef331c8764a0b6
42999,27/07/2017 15:20,Problem Solving,c0d50bd815954a4482302ac146d7b9a02ae3998a2e825a2e00ef331c8764a0b6
43000,27/07/2017 15:20,Projects,1c96a098597262d3ac12d3a93f000b1709d585acb42269bd47f721d1f0c2516d
43001,27/07/2017 15:20,Projects,1c96a098597262d3ac12d3a93f000b1709d585acb42269bd47f721d1f0c2516d
43002,27/07/2017 15:20,Lecture & Tutorial,1c96a098597262d3ac12d3a93f000b1709d585acb42269bd47f721d1f0c2516d
43003,27/07/2017 15:20,Projects,1c96a098597262d3ac12d3a93f000b1709d585acb42269bd47f721d1f0c2516d
43004,27/07/2017 15:20,Problem Solving,c0d50bd815954a4482302ac146d7b9a02ae3998a2e825a2e00ef331c8764a0b6
43005,27/07/2017 15:20,Problem Solving,c0d50bd815954a4482302ac146d7b9a02ae3998a2e825a2e00ef331c8764a0b6
43006,27/07/2017 15:20,Projects,1c96a098597262d3ac12d3a93f000b1709d585acb42269bd47f721d1f0c2516d
43007,27/07/2017 15:20,Lecture & Tutorial,1c96a098597262d3ac12d3a93f000b1709d585acb42269bd47f721d1f0c2516d
43008,27/07/2017 15:20,Problem Solving,c0d50bd815954a4482302ac146d7b9a02ae3998a2e825a2e00ef331c8764a0b6
43009,27/07/2017 15:20,Problem Solving,c0d50bd815954a4482302ac146d7b9a02ae3998a2e825a2e00ef331c8764a0b6
43010,27/07/2017 15:20,Problem Solving,c0d50bd815954a4482302ac146d7b9a02ae3998a2e825a2e00ef331c8764a0b6
43011,27/07/2017 15:20,Problem Solving,c0d50bd815954a4482302ac146d7b9a02ae3998a2e825a2e00ef331c8764a0b6
43012,27/07/2017 15:20,Problem Solving,c0d50bd815954a4482302ac146d7b9a02ae3998a2e825a2e00ef331c8764a0b6
43013,27/07/2017 15:20,Problem Solving,c0d50bd815954a4482302ac146d7b9a02ae3998a2e825a2e00ef331c8764a0b6
43014,27/07/2017 15:20,Problem Solving,c0d50bd815954a4482302ac146d7b9a02ae3998a2e825a2e00ef331c8764a0b6
43015,27/07/2017 15:20,Problem Solving,c0d50bd815954a4482302ac146d7b9a02ae3998a2e825a2e00ef331c8764a0b6
43016,27/07/2017 15:19,Problem Solving,c0d50bd815954a4482302ac146d7b9a02ae3998a2e825a2e00ef331c8764a0b6
43017,27/07/2017 15:19,Problem Solving,c0d50bd815954a4482302ac146d7b9a02ae3998a2e825a2e00ef331c8764a0b6
43018,27/07/2017 15:19,Problem Solving,c0d50bd815954a4482302ac146d7b9a02ae3998a2e825a2e00ef331c8764a0b6
43019,27/07/2017 15:19,Problem Solving,c0d50bd815954a4482302ac146d7b9a02ae3998a2e825a2e00ef331c8764a0b6
43020,27/07/2017 15:19,Problem Solving,c0d50bd815954a4482302ac146d7b9a02ae3998a2e825a2e00ef331c8764a0b6
43021,27/07/2017 15:19,Problem Solving,c0d50bd815954a4482302ac146d7b9a02ae3998a2e825a2e00ef331c8764a0b6
43022,27/07/2017 15:19,Problem Solving,c0d50bd815954a4482302ac146d7b9a02ae3998a2e825a2e00ef331c8764a0b6
43023,27/07/2017 15:19,Problem Solving,c0d50bd815954a4482302ac146d7b9a02ae3998a2e825a2e00ef331c8764a0b6
43024,27/07/2017 15:19,Materials,ed556cdc0404b786c3103af3dd6280287a0c4d23736f376ebd927c791ff9d5ca
43025,27/07/2017 15:19,Materials,ed556cdc0404b786c3103af3dd6280287a0c4d23736f376ebd927c791ff9d5ca
43026,27/07/2017 15:19,Materials,ed556cdc0404b786c3103af3dd6280287a0c4d23736f376ebd927c791ff9d5ca
43027,27/07/2017 15:19,Problem Solving,c0d50bd815954a4482302ac146d7b9a02ae3998a2e825a2e00ef331c8764a0b6
43028,27/07/2017 15:19,Problem Solving,c0d50bd815954a4482302ac146d7b9a02ae3998a2e825a2e00ef331c8764a0b6
43029,27/07/2017 15:19,Problem Solving,c0d50bd815954a4482302ac146d7b9a02ae3998a2e825a2e00ef331c8764a0b6
43030,27/07/2017 15:19,Problem Solving,c0d50bd815954a4482302ac146d7b9a02ae3998a2e825a2e00ef331c8764a0b6
43031,27/07/2017 15:18,Problem Solving,c0d50bd815954a4482302ac146d7b9a02ae3998a2e825a2e00ef331c8764a0b6
43032,27/07/2017 15:18,Problem Solving,c0d50bd815954a4482302ac146d7b9a02ae3998a2e825a2e00ef331c8764a0b6
43033,27/07/2017 15:18,Materials,ed556cdc0404b786c3103af3dd6280287a0c4d23736f376ebd927c791ff9d5ca
43034,27/07/2017 15:18,Problem Solving,c0d50bd815954a4482302ac146d7b9a02ae3998a2e825a2e00ef331c8764a0b6
43035,27/07/2017 15:18,Materials,ed556cdc0404b786c3103af3dd6280287a0c4d23736f376ebd927c791ff9d5ca
43036,27/07/2017 15:18,Problem Solving,c0d50bd815954a4482302ac146d7b9a02ae3998a2e825a2e00ef331c8764a0b6
43037,27/07/2017 15:18,Problem Solving,c0d50bd815954a4482302ac146d7b9a02ae3998a2e825a2e00ef331c8764a0b6
43038,27/07/2017 15:18,Materials,ed556cdc0404b786c3103af3dd6280287a0c4d23736f376ebd927c791ff9d5ca
43039,27/07/2017 15:18,Problem Solving,c0d50bd815954a4482302ac146d7b9a02ae3998a2e825a2e00ef331c8764a0b6
43040,27/07/2017 15:18,Materials,ed556cdc0404b786c3103af3dd6280287a0c4d23736f376ebd927c791ff9d5ca
43041,27/07/2017 15:18,Problem Solving,c0d50bd815954a4482302ac146d7b9a02ae3998a2e825a2e00ef331c8764a0b6
43042,27/07/2017 15:18,Problem Solving,c0d50bd815954a4482302ac146d7b9a02ae3998a2e825a2e00ef331c8764a0b6
43043,27/07/2017 15:17,Problem Solving,c0d50bd815954a4482302ac146d7b9a02ae3998a2e825a2e00ef331c8764a0b6
43044,27/07/2017 15:17,Problem Solving,c0d50bd815954a4482302ac146d7b9a02ae3998a2e825a2e00ef331c8764a0b6
43045,27/07/2017 15:17,Problem Solving,c0d50bd815954a4482302ac146d7b9a02ae3998a2e825a2e00ef331c8764a0b6
43046,27/07/2017 15:17,Problem Solving,c0d50bd815954a4482302ac146d7b9a02ae3998a2e825a2e00ef331c8764a0b6
43047,27/07/2017 15:17,Question & Help,e069f95d2ee1205269526184a0312896e46932008748992e31a439a4d1ae2d99
43048,27/07/2017 15:17,Problem Solving,c0d50bd815954a4482302ac146d7b9a02ae3998a2e825a2e00ef331c8764a0b6
43049,27/07/2017 15:17,Problem Solving,c0d50bd815954a4482302ac146d7b9a02ae3998a2e825a2e00ef331c8764a0b6
43050,27/07/2017 15:17,Projects,b7d42966a00d1afe0482871bdb6398d50d73ef8609b77f79baf8e84b8beea8e9
43051,27/07/2017 15:17,Projects,b7d42966a00d1afe0482871bdb6398d50d73ef8609b77f79baf8e84b8beea8e9
43052,27/07/2017 15:17,Projects,b7d42966a00d1afe0482871bdb6398d50d73ef8609b77f79baf8e84b8beea8e9
43053,27/07/2017 15:17,Lecture & Tutorial,b7d42966a00d1afe0482871bdb6398d50d73ef8609b77f79baf8e84b8beea8e9
43054,27/07/2017 15:16,View Announcements,b7d42966a00d1afe0482871bdb6398d50d73ef8609b77f79baf8e84b8beea8e9
43055,27/07/2017 15:16,View Announcements,b7d42966a00d1afe0482871bdb6398d50d73ef8609b77f79baf8e84b8beea8e9
43056,27/07/2017 15:16,Lecture & Tutorial,b7d42966a00d1afe0482871bdb6398d50d73ef8609b77f79baf8e84b8beea8e9
43057,27/07/2017 15:16,Problem Solving,c0d50bd815954a4482302ac146d7b9a02ae3998a2e825a2e00ef331c8764a0b6
43058,27/07/2017 15:16,Problem Solving,c0d50bd815954a4482302ac146d7b9a02ae3998a2e825a2e00ef331c8764a0b6
43059,27/07/2017 15:16,View Announcements,e069f95d2ee1205269526184a0312896e46932008748992e31a439a4d1ae2d99
43060,27/07/2017 15:16,View Announcements,e069f95d2ee1205269526184a0312896e46932008748992e31a439a4d1ae2d99
43061,27/07/2017 15:16,Lecture & Tutorial,e069f95d2ee1205269526184a0312896e46932008748992e31a439a4d1ae2d99
43062,27/07/2017 15:16,Lecture & Tutorial,e069f95d2ee1205269526184a0312896e46932008748992e31a439a4d1ae2d99
43063,27/07/2017 15:16,Lecture & Tutorial,e069f95d2ee1205269526184a0312896e46932008748992e31a439a4d1ae2d99
43064,27/07/2017 15:16,Lecture & Tutorial,e069f95d2ee1205269526184a0312896e46932008748992e31a439a4d1ae2d99
43065,27/07/2017 15:16,Lecture & Tutorial,e069f95d2ee1205269526184a0312896e46932008748992e31a439a4d1ae2d99
43066,27/07/2017 15:16,Lecture & Tutorial,e069f95d2ee1205269526184a0312896e46932008748992e31a439a4d1ae2d99
43067,27/07/2017 15:16,Lecture & Tutorial,e069f95d2ee1205269526184a0312896e46932008748992e31a439a4d1ae2d99
43068,27/07/2017 15:16,Lecture & Tutorial,e069f95d2ee1205269526184a0312896e46932008748992e31a439a4d1ae2d99
43069,27/07/2017 15:16,Lecture & Tutorial,e069f95d2ee1205269526184a0312896e46932008748992e31a439a4d1ae2d99
43070,27/07/2017 15:16,Lecture & Tutorial,e069f95d2ee1205269526184a0312896e46932008748992e31a439a4d1ae2d99
43071,27/07/2017 15:16,Lecture & Tutorial,e069f95d2ee1205269526184a0312896e46932008748992e31a439a4d1ae2d99
43072,27/07/2017 15:16,Lecture & Tutorial,e069f95d2ee1205269526184a0312896e46932008748992e31a439a4d1ae2d99
43073,27/07/2017 15:16,Lecture & Tutorial,e069f95d2ee1205269526184a0312896e46932008748992e31a439a4d1ae2d99
43074,27/07/2017 15:16,Lecture & Tutorial,e069f95d2ee1205269526184a0312896e46932008748992e31a439a4d1ae2d99
43075,27/07/2017 15:16,Lecture & Tutorial,e069f95d2ee1205269526184a0312896e46932008748992e31a439a4d1ae2d99
43076,27/07/2017 15:16,Lecture & Tutorial,e069f95d2ee1205269526184a0312896e46932008748992e31a439a4d1ae2d99
43077,27/07/2017 15:16,Problem Solving,c0d50bd815954a4482302ac146d7b9a02ae3998a2e825a2e00ef331c8764a0b6
43078,27/07/2017 15:16,Problem Solving,c0d50bd815954a4482302ac146d7b9a02ae3998a2e825a2e00ef331c8764a0b6
43079,27/07/2017 15:16,Problem Solving,c0d50bd815954a4482302ac146d7b9a02ae3998a2e825a2e00ef331c8764a0b6
43080,27/07/2017 15:16,Problem Solving,c0d50bd815954a4482302ac146d7b9a02ae3998a2e825a2e00ef331c8764a0b6
43081,27/07/2017 15:16,Problem Solving,c0d50bd815954a4482302ac146d7b9a02ae3998a2e825a2e00ef331c8764a0b6
43082,27/07/2017 15:16,Problem Solving,c0d50bd815954a4482302ac146d7b9a02ae3998a2e825a2e00ef331c8764a0b6
43083,27/07/2017 15:16,Problem Solving,c0d50bd815954a4482302ac146d7b9a02ae3998a2e825a2e00ef331c8764a0b6
43084,27/07/2017 15:16,Problem Solving,c0d50bd815954a4482302ac146d7b9a02ae3998a2e825a2e00ef331c8764a0b6
43085,27/07/2017 15:15,Problem Solving,c0d50bd815954a4482302ac146d7b9a02ae3998a2e825a2e00ef331c8764a0b6
43086,27/07/2017 15:15,Problem Solving,c0d50bd815954a4482302ac146d7b9a02ae3998a2e825a2e00ef331c8764a0b6
43087,27/07/2017 15:15,View Announcements,b8fd77ef069101d64a013340e31cc9ba9d65f0c58691b76b672835cfa71a5c97
43088,27/07/2017 15:15,View Announcements,c6b04e285ebc963968ca14468b553273883b2f9a5024bdbf70ff34e2a77142c6
43089,27/07/2017 15:15,View Announcements,c6b04e285ebc963968ca14468b553273883b2f9a5024bdbf70ff34e2a77142c6
43090,27/07/2017 15:15,Problem Solving,c0d50bd815954a4482302ac146d7b9a02ae3998a2e825a2e00ef331c8764a0b6
43091,27/07/2017 15:15,Lecture & Tutorial,672b6fb6431e731c7cad9797d2425593616b49134335dfe09cff1fcbda59e433
43092,27/07/2017 15:15,Problem Solving,c0d50bd815954a4482302ac146d7b9a02ae3998a2e825a2e00ef331c8764a0b6
43093,27/07/2017 15:15,View Announcements,b7d42966a00d1afe0482871bdb6398d50d73ef8609b77f79baf8e84b8beea8e9
43094,27/07/2017 15:15,Problem Solving,c0d50bd815954a4482302ac146d7b9a02ae3998a2e825a2e00ef331c8764a0b6
43095,27/07/2017 15:15,Lecture & Tutorial,b7d42966a00d1afe0482871bdb6398d50d73ef8609b77f79baf8e84b8beea8e9
43096,27/07/2017 15:15,Problem Solving,c0d50bd815954a4482302ac146d7b9a02ae3998a2e825a2e00ef331c8764a0b6
43097,27/07/2017 15:15,View Announcements,ed556cdc0404b786c3103af3dd6280287a0c4d23736f376ebd927c791ff9d5ca
43098,27/07/2017 15:15,View Announcements,b7d42966a00d1afe0482871bdb6398d50d73ef8609b77f79baf8e84b8beea8e9
43099,27/07/2017 15:15,Problem Solving,c0d50bd815954a4482302ac146d7b9a02ae3998a2e825a2e00ef331c8764a0b6
43100,27/07/2017 15:15,Problem Solving,c0d50bd815954a4482302ac146d7b9a02ae3998a2e825a2e00ef331c8764a0b6
43101,27/07/2017 15:15,Problem Solving,b7d42966a00d1afe0482871bdb6398d50d73ef8609b77f79baf8e84b8beea8e9
43102,27/07/2017 15:15,Problem Solving,b7d42966a00d1afe0482871bdb6398d50d73ef8609b77f79baf8e84b8beea8e9
43103,27/07/2017 15:15,Problem Solving,c0d50bd815954a4482302ac146d7b9a02ae3998a2e825a2e00ef331c8764a0b6
43104,27/07/2017 15:15,Problem Solving,c0d50bd815954a4482302ac146d7b9a02ae3998a2e825a2e00ef331c8764a0b6
43105,27/07/2017 15:15,Assessment,b7d42966a00d1afe0482871bdb6398d50d73ef8609b77f79baf8e84b8beea8e9
43106,27/07/2017 15:15,Problem Solving,c0d50bd815954a4482302ac146d7b9a02ae3998a2e825a2e00ef331c8764a0b6
43107,27/07/2017 15:15,Problem Solving,c0d50bd815954a4482302ac146d7b9a02ae3998a2e825a2e00ef331c8764a0b6
43108,27/07/2017 15:14,Problem Solving,c0d50bd815954a4482302ac146d7b9a02ae3998a2e825a2e00ef331c8764a0b6
43109,27/07/2017 15:14,Problem Solving,c0d50bd815954a4482302ac146d7b9a02ae3998a2e825a2e00ef331c8764a0b6
43110,27/07/2017 15:14,View Announcements,b7d42966a00d1afe0482871bdb6398d50d73ef8609b77f79baf8e84b8beea8e9
43111,27/07/2017 15:14,View Announcements,b7d42966a00d1afe0482871bdb6398d50d73ef8609b77f79baf8e84b8beea8e9
43112,27/07/2017 15:14,Problem Solving,c0d50bd815954a4482302ac146d7b9a02ae3998a2e825a2e00ef331c8764a0b6
43113,27/07/2017 15:14,Problem Solving,c0d50bd815954a4482302ac146d7b9a02ae3998a2e825a2e00ef331c8764a0b6
43114,27/07/2017 15:14,Lecture & Tutorial,b7d42966a00d1afe0482871bdb6398d50d73ef8609b77f79baf8e84b8beea8e9
43115,27/07/2017 15:14,Problem Solving,b7d42966a00d1afe0482871bdb6398d50d73ef8609b77f79baf8e84b8beea8e9
43116,27/07/2017 15:14,Lecture & Tutorial,b7d42966a00d1afe0482871bdb6398d50d73ef8609b77f79baf8e84b8beea8e9
43117,27/07/2017 15:14,View Announcements,b7d42966a00d1afe0482871bdb6398d50d73ef8609b77f79baf8e84b8beea8e9
43118,27/07/2017 15:14,Problem Solving,c0d50bd815954a4482302ac146d7b9a02ae3998a2e825a2e00ef331c8764a0b6
43119,27/07/2017 15:14,Problem Solving,c0d50bd815954a4482302ac146d7b9a02ae3998a2e825a2e00ef331c8764a0b6
43120,27/07/2017 15:14,Problem Solving,c0d50bd815954a4482302ac146d7b9a02ae3998a2e825a2e00ef331c8764a0b6
43121,27/07/2017 15:14,Problem Solving,c0d50bd815954a4482302ac146d7b9a02ae3998a2e825a2e00ef331c8764a0b6
43122,27/07/2017 15:13,Problem Solving,c0d50bd815954a4482302ac146d7b9a02ae3998a2e825a2e00ef331c8764a0b6
43123,27/07/2017 15:13,Problem Solving,c0d50bd815954a4482302ac146d7b9a02ae3998a2e825a2e00ef331c8764a0b6
43124,27/07/2017 15:13,Problem Solving,c0d50bd815954a4482302ac146d7b9a02ae3998a2e825a2e00ef331c8764a0b6
43125,27/07/2017 15:13,Problem Solving,c0d50bd815954a4482302ac146d7b9a02ae3998a2e825a2e00ef331c8764a0b6
43126,27/07/2017 15:13,Problem Solving,c0d50bd815954a4482302ac146d7b9a02ae3998a2e825a2e00ef331c8764a0b6
43127,27/07/2017 15:13,Problem Solving,c0d50bd815954a4482302ac146d7b9a02ae3998a2e825a2e00ef331c8764a0b6
43128,27/07/2017 15:13,View Announcements,b8fd77ef069101d64a013340e31cc9ba9d65f0c58691b76b672835cfa71a5c97
43129,27/07/2017 15:13,Problem Solving,c0d50bd815954a4482302ac146d7b9a02ae3998a2e825a2e00ef331c8764a0b6
43130,27/07/2017 15:13,Problem Solving,c0d50bd815954a4482302ac146d7b9a02ae3998a2e825a2e00ef331c8764a0b6
43131,27/07/2017 15:12,Problem Solving,c0d50bd815954a4482302ac146d7b9a02ae3998a2e825a2e00ef331c8764a0b6
43132,27/07/2017 15:12,Materials,4a00cb9716b48eca4fd984334247de25f2bd2378ea6d54710c009eb588d36a11
43133,27/07/2017 15:12,Problem Solving,c0d50bd815954a4482302ac146d7b9a02ae3998a2e825a2e00ef331c8764a0b6
43134,27/07/2017 15:12,Assessment,201d4b7573f88b9d639f60ca22735c41c711260e0b210d34870d5152e80c294d
43135,27/07/2017 15:12,Assessment,201d4b7573f88b9d639f60ca22735c41c711260e0b210d34870d5152e80c294d
43136,27/07/2017 15:12,View Announcements,201d4b7573f88b9d639f60ca22735c41c711260e0b210d34870d5152e80c294d
43137,27/07/2017 15:12,Lecture & Tutorial,201d4b7573f88b9d639f60ca22735c41c711260e0b210d34870d5152e80c294d
43138,27/07/2017 15:11,Lecture & Tutorial,201d4b7573f88b9d639f60ca22735c41c711260e0b210d34870d5152e80c294d
43139,27/07/2017 15:11,Lecture & Tutorial,201d4b7573f88b9d639f60ca22735c41c711260e0b210d34870d5152e80c294d
43140,27/07/2017 15:11,View Announcements,6e3423d54949892b82262dfad275b556759e5df1febf771d16059231961497b4
43141,27/07/2017 15:11,Lecture & Tutorial,201d4b7573f88b9d639f60ca22735c41c711260e0b210d34870d5152e80c294d
43142,27/07/2017 15:11,Lecture & Tutorial,6e3423d54949892b82262dfad275b556759e5df1febf771d16059231961497b4
43143,27/07/2017 15:11,Lecture & Tutorial,6e3423d54949892b82262dfad275b556759e5df1febf771d16059231961497b4
43144,27/07/2017 15:11,Lecture & Tutorial,6e3423d54949892b82262dfad275b556759e5df1febf771d16059231961497b4
43145,27/07/2017 15:11,Lecture & Tutorial,6e3423d54949892b82262dfad275b556759e5df1febf771d16059231961497b4
43146,27/07/2017 15:11,Lecture & Tutorial,6e3423d54949892b82262dfad275b556759e5df1febf771d16059231961497b4
43147,27/07/2017 15:11,Lecture & Tutorial,6e3423d54949892b82262dfad275b556759e5df1febf771d16059231961497b4
43148,27/07/2017 15:11,Lecture & Tutorial,6e3423d54949892b82262dfad275b556759e5df1febf771d16059231961497b4
43149,27/07/2017 15:11,Lecture & Tutorial,6e3423d54949892b82262dfad275b556759e5df1febf771d16059231961497b4
43150,27/07/2017 15:11,Lecture & Tutorial,6e3423d54949892b82262dfad275b556759e5df1febf771d16059231961497b4
43151,27/07/2017 15:11,Lecture & Tutorial,6e3423d54949892b82262dfad275b556759e5df1febf771d16059231961497b4
43152,27/07/2017 15:11,Lecture & Tutorial,6e3423d54949892b82262dfad275b556759e5df1febf771d16059231961497b4
43153,27/07/2017 15:11,Lecture & Tutorial,6e3423d54949892b82262dfad275b556759e5df1febf771d16059231961497b4
43154,27/07/2017 15:11,Lecture & Tutorial,6e3423d54949892b82262dfad275b556759e5df1febf771d16059231961497b4
43155,27/07/2017 15:11,Lecture & Tutorial,6e3423d54949892b82262dfad275b556759e5df1febf771d16059231961497b4
43156,27/07/2017 15:11,Lecture & Tutorial,6e3423d54949892b82262dfad275b556759e5df1febf771d16059231961497b4
43157,27/07/2017 15:11,Lecture & Tutorial,6e3423d54949892b82262dfad275b556759e5df1febf771d16059231961497b4
43158,27/07/2017 15:11,Materials,4a00cb9716b48eca4fd984334247de25f2bd2378ea6d54710c009eb588d36a11
43159,27/07/2017 15:11,Lecture & Tutorial,927ba9a10ad1e1d1e3459f6f365955374f19b9b0e305d0fac4dd0b5cf05cf28f
43160,27/07/2017 15:11,Lecture & Tutorial,927ba9a10ad1e1d1e3459f6f365955374f19b9b0e305d0fac4dd0b5cf05cf28f
43161,27/07/2017 15:11,View Announcements,e5f9007076d90733fa6060a445feb5f2d967214f2c645b0be4a42f3d9550abcc
43162,27/07/2017 15:11,Lecture & Tutorial,672b6fb6431e731c7cad9797d2425593616b49134335dfe09cff1fcbda59e433
43163,27/07/2017 15:11,View Announcements,e5f9007076d90733fa6060a445feb5f2d967214f2c645b0be4a42f3d9550abcc
43164,27/07/2017 15:10,Materials,4a00cb9716b48eca4fd984334247de25f2bd2378ea6d54710c009eb588d36a11
43165,27/07/2017 15:10,Materials,4a00cb9716b48eca4fd984334247de25f2bd2378ea6d54710c009eb588d36a11
43166,27/07/2017 15:10,Lecture & Tutorial,96ec1025f1c402e9364a05b299f4e0b2995b2fdd9bf1fe1464da9e29a12f8320
43167,27/07/2017 15:10,Lecture & Tutorial,96ec1025f1c402e9364a05b299f4e0b2995b2fdd9bf1fe1464da9e29a12f8320
43168,27/07/2017 15:10,Lecture & Tutorial,96ec1025f1c402e9364a05b299f4e0b2995b2fdd9bf1fe1464da9e29a12f8320
43169,27/07/2017 15:10,Projects,7e485b06651ddd0c7fd4ca0a1708788c0c1870f7cf141de09d4d293ed56794a3
43170,27/07/2017 15:09,View Announcements,96ec1025f1c402e9364a05b299f4e0b2995b2fdd9bf1fe1464da9e29a12f8320
43171,27/07/2017 15:09,View Announcements,96ec1025f1c402e9364a05b299f4e0b2995b2fdd9bf1fe1464da9e29a12f8320
43172,27/07/2017 15:09,View Announcements,96ec1025f1c402e9364a05b299f4e0b2995b2fdd9bf1fe1464da9e29a12f8320
43173,27/07/2017 15:09,Materials,725ce235a55b376514ee25e3b7a58febd1e3c2faf47a155be5f019b8526f8bf3
43174,27/07/2017 15:09,Projects,7e485b06651ddd0c7fd4ca0a1708788c0c1870f7cf141de09d4d293ed56794a3
43175,27/07/2017 15:09,Lecture & Tutorial,7e485b06651ddd0c7fd4ca0a1708788c0c1870f7cf141de09d4d293ed56794a3
43176,27/07/2017 15:09,Projects,7e485b06651ddd0c7fd4ca0a1708788c0c1870f7cf141de09d4d293ed56794a3
43177,27/07/2017 15:09,View Announcements,7e485b06651ddd0c7fd4ca0a1708788c0c1870f7cf141de09d4d293ed56794a3
43178,27/07/2017 15:08,View Announcements,927ba9a10ad1e1d1e3459f6f365955374f19b9b0e305d0fac4dd0b5cf05cf28f
43179,27/07/2017 15:07,Question & Help,b8fd77ef069101d64a013340e31cc9ba9d65f0c58691b76b672835cfa71a5c97
43180,27/07/2017 15:06,Problem Solving,c0d50bd815954a4482302ac146d7b9a02ae3998a2e825a2e00ef331c8764a0b6
43181,27/07/2017 15:06,Problem Solving,c0d50bd815954a4482302ac146d7b9a02ae3998a2e825a2e00ef331c8764a0b6
43182,27/07/2017 15:06,Materials,725ce235a55b376514ee25e3b7a58febd1e3c2faf47a155be5f019b8526f8bf3
43183,27/07/2017 15:06,Materials,725ce235a55b376514ee25e3b7a58febd1e3c2faf47a155be5f019b8526f8bf3
43184,27/07/2017 15:05,Materials,ed556cdc0404b786c3103af3dd6280287a0c4d23736f376ebd927c791ff9d5ca
43185,27/07/2017 15:05,Materials,ed556cdc0404b786c3103af3dd6280287a0c4d23736f376ebd927c791ff9d5ca
43186,27/07/2017 15:05,Materials,ed556cdc0404b786c3103af3dd6280287a0c4d23736f376ebd927c791ff9d5ca
43187,27/07/2017 15:05,Materials,ed556cdc0404b786c3103af3dd6280287a0c4d23736f376ebd927c791ff9d5ca
43188,27/07/2017 15:05,Materials,ed556cdc0404b786c3103af3dd6280287a0c4d23736f376ebd927c791ff9d5ca
43189,27/07/2017 15:04,Materials,725ce235a55b376514ee25e3b7a58febd1e3c2faf47a155be5f019b8526f8bf3
43190,27/07/2017 15:04,Materials,725ce235a55b376514ee25e3b7a58febd1e3c2faf47a155be5f019b8526f8bf3
43191,27/07/2017 15:04,View Announcements,725ce235a55b376514ee25e3b7a58febd1e3c2faf47a155be5f019b8526f8bf3
43192,27/07/2017 15:04,View Announcements,725ce235a55b376514ee25e3b7a58febd1e3c2faf47a155be5f019b8526f8bf3
43193,27/07/2017 15:04,Projects,f58be0016d63fdf438d6f43ac7b2a9d13bf1f2454a4cec0451676b2fd4d636ee
43194,27/07/2017 15:03,Lecture & Tutorial,f58be0016d63fdf438d6f43ac7b2a9d13bf1f2454a4cec0451676b2fd4d636ee
43195,27/07/2017 15:03,Projects,f58be0016d63fdf438d6f43ac7b2a9d13bf1f2454a4cec0451676b2fd4d636ee
43196,27/07/2017 15:03,Projects,f58be0016d63fdf438d6f43ac7b2a9d13bf1f2454a4cec0451676b2fd4d636ee
43197,27/07/2017 15:03,Lecture & Tutorial,f58be0016d63fdf438d6f43ac7b2a9d13bf1f2454a4cec0451676b2fd4d636ee
43198,27/07/2017 15:03,View Announcements,f58be0016d63fdf438d6f43ac7b2a9d13bf1f2454a4cec0451676b2fd4d636ee
43199,27/07/2017 15:03,Group Pages,f58be0016d63fdf438d6f43ac7b2a9d13bf1f2454a4cec0451676b2fd4d636ee
43200,27/07/2017 15:03,Projects,f58be0016d63fdf438d6f43ac7b2a9d13bf1f2454a4cec0451676b2fd4d636ee
43201,27/07/2017 15:03,Projects,f58be0016d63fdf438d6f43ac7b2a9d13bf1f2454a4cec0451676b2fd4d636ee
43202,27/07/2017 15:03,View Announcements,ed556cdc0404b786c3103af3dd6280287a0c4d23736f376ebd927c791ff9d5ca
43203,27/07/2017 15:03,Projects,f58be0016d63fdf438d6f43ac7b2a9d13bf1f2454a4cec0451676b2fd4d636ee
43204,27/07/2017 15:03,Materials,ed556cdc0404b786c3103af3dd6280287a0c4d23736f376ebd927c791ff9d5ca
43205,27/07/2017 15:03,Lecture & Tutorial,f58be0016d63fdf438d6f43ac7b2a9d13bf1f2454a4cec0451676b2fd4d636ee
43206,27/07/2017 15:03,Materials,ed556cdc0404b786c3103af3dd6280287a0c4d23736f376ebd927c791ff9d5ca
43207,27/07/2017 15:03,View Announcements,f58be0016d63fdf438d6f43ac7b2a9d13bf1f2454a4cec0451676b2fd4d636ee
43208,27/07/2017 15:02,Materials,725ce235a55b376514ee25e3b7a58febd1e3c2faf47a155be5f019b8526f8bf3
43209,27/07/2017 15:02,Materials,ed556cdc0404b786c3103af3dd6280287a0c4d23736f376ebd927c791ff9d5ca
43210,27/07/2017 15:02,Lecture & Tutorial,f58be0016d63fdf438d6f43ac7b2a9d13bf1f2454a4cec0451676b2fd4d636ee
43211,27/07/2017 15:02,Projects,f58be0016d63fdf438d6f43ac7b2a9d13bf1f2454a4cec0451676b2fd4d636ee
43212,27/07/2017 15:02,Materials,ed556cdc0404b786c3103af3dd6280287a0c4d23736f376ebd927c791ff9d5ca
43213,27/07/2017 15:02,Materials,ed556cdc0404b786c3103af3dd6280287a0c4d23736f376ebd927c791ff9d5ca
43214,27/07/2017 15:02,Materials,725ce235a55b376514ee25e3b7a58febd1e3c2faf47a155be5f019b8526f8bf3
43215,27/07/2017 15:02,Materials,ed556cdc0404b786c3103af3dd6280287a0c4d23736f376ebd927c791ff9d5ca
43216,27/07/2017 15:02,Materials,ed556cdc0404b786c3103af3dd6280287a0c4d23736f376ebd927c791ff9d5ca
43217,27/07/2017 15:02,Materials,ed556cdc0404b786c3103af3dd6280287a0c4d23736f376ebd927c791ff9d5ca
43218,27/07/2017 15:02,Materials,725ce235a55b376514ee25e3b7a58febd1e3c2faf47a155be5f019b8526f8bf3
43219,27/07/2017 15:02,Materials,725ce235a55b376514ee25e3b7a58febd1e3c2faf47a155be5f019b8526f8bf3
43220,27/07/2017 15:02,Materials,ed556cdc0404b786c3103af3dd6280287a0c4d23736f376ebd927c791ff9d5ca
43221,27/07/2017 15:02,Materials,725ce235a55b376514ee25e3b7a58febd1e3c2faf47a155be5f019b8526f8bf3
43222,27/07/2017 15:02,Materials,ed556cdc0404b786c3103af3dd6280287a0c4d23736f376ebd927c791ff9d5ca
43223,27/07/2017 15:02,Materials,725ce235a55b376514ee25e3b7a58febd1e3c2faf47a155be5f019b8526f8bf3
43224,27/07/2017 15:02,Materials,ed556cdc0404b786c3103af3dd6280287a0c4d23736f376ebd927c791ff9d5ca
43225,27/07/2017 15:02,Materials,ed556cdc0404b786c3103af3dd6280287a0c4d23736f376ebd927c791ff9d5ca
43226,27/07/2017 15:02,Materials,725ce235a55b376514ee25e3b7a58febd1e3c2faf47a155be5f019b8526f8bf3
43227,27/07/2017 15:01,Materials,725ce235a55b376514ee25e3b7a58febd1e3c2faf47a155be5f019b8526f8bf3
43228,27/07/2017 15:01,Materials,725ce235a55b376514ee25e3b7a58febd1e3c2faf47a155be5f019b8526f8bf3
43229,27/07/2017 15:01,Materials,725ce235a55b376514ee25e3b7a58febd1e3c2faf47a155be5f019b8526f8bf3
43230,27/07/2017 15:01,Materials,725ce235a55b376514ee25e3b7a58febd1e3c2faf47a155be5f019b8526f8bf3
43231,27/07/2017 15:01,Materials,725ce235a55b376514ee25e3b7a58febd1e3c2faf47a155be5f019b8526f8bf3
43232,27/07/2017 15:01,Materials,725ce235a55b376514ee25e3b7a58febd1e3c2faf47a155be5f019b8526f8bf3
43233,27/07/2017 15:00,Materials,ed556cdc0404b786c3103af3dd6280287a0c4d23736f376ebd927c791ff9d5ca
43234,27/07/2017 15:00,Lecture & Tutorial,f58be0016d63fdf438d6f43ac7b2a9d13bf1f2454a4cec0451676b2fd4d636ee
43235,27/07/2017 15:00,Lecture & Tutorial,f58be0016d63fdf438d6f43ac7b2a9d13bf1f2454a4cec0451676b2fd4d636ee
43236,27/07/2017 15:00,Materials,725ce235a55b376514ee25e3b7a58febd1e3c2faf47a155be5f019b8526f8bf3
43237,27/07/2017 15:00,Materials,ed556cdc0404b786c3103af3dd6280287a0c4d23736f376ebd927c791ff9d5ca
43238,27/07/2017 15:00,Materials,725ce235a55b376514ee25e3b7a58febd1e3c2faf47a155be5f019b8526f8bf3
43239,27/07/2017 15:00,Materials,ed556cdc0404b786c3103af3dd6280287a0c4d23736f376ebd927c791ff9d5ca
43240,27/07/2017 15:00,Materials,ed556cdc0404b786c3103af3dd6280287a0c4d23736f376ebd927c791ff9d5ca
43241,27/07/2017 15:00,Materials,ed556cdc0404b786c3103af3dd6280287a0c4d23736f376ebd927c791ff9d5ca
43242,27/07/2017 15:00,Materials,ed556cdc0404b786c3103af3dd6280287a0c4d23736f376ebd927c791ff9d5ca
43243,27/07/2017 15:00,Materials,ed556cdc0404b786c3103af3dd6280287a0c4d23736f376ebd927c791ff9d5ca
43244,27/07/2017 14:59,Materials,ed556cdc0404b786c3103af3dd6280287a0c4d23736f376ebd927c791ff9d5ca
43245,27/07/2017 14:59,View Announcements,4a00cb9716b48eca4fd984334247de25f2bd2378ea6d54710c009eb588d36a11
43246,27/07/2017 14:59,View Announcements,4a00cb9716b48eca4fd984334247de25f2bd2378ea6d54710c009eb588d36a11
43247,27/07/2017 14:59,Materials,ed556cdc0404b786c3103af3dd6280287a0c4d23736f376ebd927c791ff9d5ca
43248,27/07/2017 14:59,Materials,725ce235a55b376514ee25e3b7a58febd1e3c2faf47a155be5f019b8526f8bf3
43249,27/07/2017 14:59,Materials,725ce235a55b376514ee25e3b7a58febd1e3c2faf47a155be5f019b8526f8bf3
43250,27/07/2017 14:59,Materials,ed556cdc0404b786c3103af3dd6280287a0c4d23736f376ebd927c791ff9d5ca
43251,27/07/2017 14:59,Materials,ed556cdc0404b786c3103af3dd6280287a0c4d23736f376ebd927c791ff9d5ca
43252,27/07/2017 14:59,Materials,725ce235a55b376514ee25e3b7a58febd1e3c2faf47a155be5f019b8526f8bf3
43253,27/07/2017 14:59,Materials,ed556cdc0404b786c3103af3dd6280287a0c4d23736f376ebd927c791ff9d5ca
43254,27/07/2017 14:59,Materials,ed556cdc0404b786c3103af3dd6280287a0c4d23736f376ebd927c791ff9d5ca
43255,27/07/2017 14:59,Materials,ed556cdc0404b786c3103af3dd6280287a0c4d23736f376ebd927c791ff9d5ca
43256,27/07/2017 14:58,Materials,ed556cdc0404b786c3103af3dd6280287a0c4d23736f376ebd927c791ff9d5ca
43257,27/07/2017 14:58,Materials,725ce235a55b376514ee25e3b7a58febd1e3c2faf47a155be5f019b8526f8bf3
43258,27/07/2017 14:58,Materials,725ce235a55b376514ee25e3b7a58febd1e3c2faf47a155be5f019b8526f8bf3
43259,27/07/2017 14:58,Materials,725ce235a55b376514ee25e3b7a58febd1e3c2faf47a155be5f019b8526f8bf3
43260,27/07/2017 14:58,Materials,ed556cdc0404b786c3103af3dd6280287a0c4d23736f376ebd927c791ff9d5ca
43261,27/07/2017 14:58,Materials,ed556cdc0404b786c3103af3dd6280287a0c4d23736f376ebd927c791ff9d5ca
43262,27/07/2017 14:58,Materials,ed556cdc0404b786c3103af3dd6280287a0c4d23736f376ebd927c791ff9d5ca
43263,27/07/2017 14:58,Materials,ed556cdc0404b786c3103af3dd6280287a0c4d23736f376ebd927c791ff9d5ca
43264,27/07/2017 14:58,Materials,ed556cdc0404b786c3103af3dd6280287a0c4d23736f376ebd927c791ff9d5ca
43265,27/07/2017 14:57,Materials,ed556cdc0404b786c3103af3dd6280287a0c4d23736f376ebd927c791ff9d5ca
43266,27/07/2017 14:57,Materials,4a00cb9716b48eca4fd984334247de25f2bd2378ea6d54710c009eb588d36a11
43267,27/07/2017 14:57,Lecture & Tutorial,4a00cb9716b48eca4fd984334247de25f2bd2378ea6d54710c009eb588d36a11
43268,27/07/2017 14:57,Materials,4a00cb9716b48eca4fd984334247de25f2bd2378ea6d54710c009eb588d36a11
43269,27/07/2017 14:57,View Announcements,ed556cdc0404b786c3103af3dd6280287a0c4d23736f376ebd927c791ff9d5ca
43270,27/07/2017 14:57,Materials,ed556cdc0404b786c3103af3dd6280287a0c4d23736f376ebd927c791ff9d5ca
43271,27/07/2017 14:57,Materials,ed556cdc0404b786c3103af3dd6280287a0c4d23736f376ebd927c791ff9d5ca
43272,27/07/2017 14:57,Lecture & Tutorial,2abd448734d7714c5c5e7f633a16b0c43a43ee8498d3d259911cb7218f23102e
43273,27/07/2017 14:57,Lecture & Tutorial,2abd448734d7714c5c5e7f633a16b0c43a43ee8498d3d259911cb7218f23102e
43274,27/07/2017 14:56,View Announcements,ed556cdc0404b786c3103af3dd6280287a0c4d23736f376ebd927c791ff9d5ca
43275,27/07/2017 14:56,Materials,ed556cdc0404b786c3103af3dd6280287a0c4d23736f376ebd927c791ff9d5ca
43276,27/07/2017 14:56,Materials,ed556cdc0404b786c3103af3dd6280287a0c4d23736f376ebd927c791ff9d5ca
43277,27/07/2017 14:56,Problem Solving,c0d50bd815954a4482302ac146d7b9a02ae3998a2e825a2e00ef331c8764a0b6
43278,27/07/2017 14:56,Materials,ed556cdc0404b786c3103af3dd6280287a0c4d23736f376ebd927c791ff9d5ca
43279,27/07/2017 14:56,Materials,ed556cdc0404b786c3103af3dd6280287a0c4d23736f376ebd927c791ff9d5ca
43280,27/07/2017 14:56,Materials,725ce235a55b376514ee25e3b7a58febd1e3c2faf47a155be5f019b8526f8bf3
43281,27/07/2017 14:55,Materials,725ce235a55b376514ee25e3b7a58febd1e3c2faf47a155be5f019b8526f8bf3
43282,27/07/2017 14:55,Materials,ed556cdc0404b786c3103af3dd6280287a0c4d23736f376ebd927c791ff9d5ca
43283,27/07/2017 14:55,View Announcements,42f7bc4aace537a278dbeb48e217c9aa84ad3e7ca54bb0b2a6674fbaa53d4b76
43284,27/07/2017 14:55,Question & Help,4a00cb9716b48eca4fd984334247de25f2bd2378ea6d54710c009eb588d36a11
43285,27/07/2017 14:55,View Announcements,42f7bc4aace537a278dbeb48e217c9aa84ad3e7ca54bb0b2a6674fbaa53d4b76
43286,27/07/2017 14:55,Problem Solving,c0d50bd815954a4482302ac146d7b9a02ae3998a2e825a2e00ef331c8764a0b6
43287,27/07/2017 14:54,Lecture & Tutorial,4a00cb9716b48eca4fd984334247de25f2bd2378ea6d54710c009eb588d36a11
43288,27/07/2017 14:54,Materials,4a00cb9716b48eca4fd984334247de25f2bd2378ea6d54710c009eb588d36a11
43289,27/07/2017 14:54,Problem Solving,c0d50bd815954a4482302ac146d7b9a02ae3998a2e825a2e00ef331c8764a0b6
43290,27/07/2017 14:54,View Announcements,28d103870da8250e3bb2ebe1e6cb8dcd866399b9742bf082b3ef5a5590ba4e22
43291,27/07/2017 14:54,Materials,725ce235a55b376514ee25e3b7a58febd1e3c2faf47a155be5f019b8526f8bf3
43292,27/07/2017 14:54,Materials,725ce235a55b376514ee25e3b7a58febd1e3c2faf47a155be5f019b8526f8bf3
43293,27/07/2017 14:53,Materials,ed556cdc0404b786c3103af3dd6280287a0c4d23736f376ebd927c791ff9d5ca
43294,27/07/2017 14:53,Materials,ed556cdc0404b786c3103af3dd6280287a0c4d23736f376ebd927c791ff9d5ca
43295,27/07/2017 14:53,Materials,ed556cdc0404b786c3103af3dd6280287a0c4d23736f376ebd927c791ff9d5ca
43296,27/07/2017 14:53,Materials,ed556cdc0404b786c3103af3dd6280287a0c4d23736f376ebd927c791ff9d5ca
43297,27/07/2017 14:53,Materials,2c265cf741dde06fe65737b5bb56e5f984bf3c309e515ccce24bef11976268c2
43298,27/07/2017 14:53,View Announcements,725ce235a55b376514ee25e3b7a58febd1e3c2faf47a155be5f019b8526f8bf3
43299,27/07/2017 14:53,Materials,2c265cf741dde06fe65737b5bb56e5f984bf3c309e515ccce24bef11976268c2
43300,27/07/2017 14:53,Materials,ed556cdc0404b786c3103af3dd6280287a0c4d23736f376ebd927c791ff9d5ca
43301,27/07/2017 14:52,Materials,ed556cdc0404b786c3103af3dd6280287a0c4d23736f376ebd927c791ff9d5ca
43302,27/07/2017 14:52,Problem Solving,c0d50bd815954a4482302ac146d7b9a02ae3998a2e825a2e00ef331c8764a0b6
43303,27/07/2017 14:52,Materials,ed556cdc0404b786c3103af3dd6280287a0c4d23736f376ebd927c791ff9d5ca
43304,27/07/2017 14:52,Materials,ed556cdc0404b786c3103af3dd6280287a0c4d23736f376ebd927c791ff9d5ca
43305,27/07/2017 14:51,Materials,2c265cf741dde06fe65737b5bb56e5f984bf3c309e515ccce24bef11976268c2
43306,27/07/2017 14:51,Materials,2c265cf741dde06fe65737b5bb56e5f984bf3c309e515ccce24bef11976268c2
43307,27/07/2017 14:51,Materials,2c265cf741dde06fe65737b5bb56e5f984bf3c309e515ccce24bef11976268c2
43308,27/07/2017 14:51,Materials,2c265cf741dde06fe65737b5bb56e5f984bf3c309e515ccce24bef11976268c2
43309,27/07/2017 14:51,Lecture & Tutorial,2c265cf741dde06fe65737b5bb56e5f984bf3c309e515ccce24bef11976268c2
43310,27/07/2017 14:51,View Announcements,2c265cf741dde06fe65737b5bb56e5f984bf3c309e515ccce24bef11976268c2
43311,27/07/2017 14:51,Materials,ed556cdc0404b786c3103af3dd6280287a0c4d23736f376ebd927c791ff9d5ca
43312,27/07/2017 14:51,Lecture & Tutorial,2c265cf741dde06fe65737b5bb56e5f984bf3c309e515ccce24bef11976268c2
43313,27/07/2017 14:51,Lecture & Tutorial,2c265cf741dde06fe65737b5bb56e5f984bf3c309e515ccce24bef11976268c2
43314,27/07/2017 14:51,Lecture & Tutorial,2c265cf741dde06fe65737b5bb56e5f984bf3c309e515ccce24bef11976268c2
43315,27/07/2017 14:51,Lecture & Tutorial,2c265cf741dde06fe65737b5bb56e5f984bf3c309e515ccce24bef11976268c2
43316,27/07/2017 14:51,Lecture & Tutorial,2c265cf741dde06fe65737b5bb56e5f984bf3c309e515ccce24bef11976268c2
43317,27/07/2017 14:51,Lecture & Tutorial,2c265cf741dde06fe65737b5bb56e5f984bf3c309e515ccce24bef11976268c2
43318,27/07/2017 14:51,Lecture & Tutorial,2c265cf741dde06fe65737b5bb56e5f984bf3c309e515ccce24bef11976268c2
43319,27/07/2017 14:51,Lecture & Tutorial,2c265cf741dde06fe65737b5bb56e5f984bf3c309e515ccce24bef11976268c2
43320,27/07/2017 14:51,Lecture & Tutorial,2c265cf741dde06fe65737b5bb56e5f984bf3c309e515ccce24bef11976268c2
43321,27/07/2017 14:51,Lecture & Tutorial,2c265cf741dde06fe65737b5bb56e5f984bf3c309e515ccce24bef11976268c2
43322,27/07/2017 14:51,Lecture & Tutorial,2c265cf741dde06fe65737b5bb56e5f984bf3c309e515ccce24bef11976268c2
43323,27/07/2017 14:51,Lecture & Tutorial,2c265cf741dde06fe65737b5bb56e5f984bf3c309e515ccce24bef11976268c2
43324,27/07/2017 14:51,Lecture & Tutorial,2c265cf741dde06fe65737b5bb56e5f984bf3c309e515ccce24bef11976268c2
43325,27/07/2017 14:51,Lecture & Tutorial,2c265cf741dde06fe65737b5bb56e5f984bf3c309e515ccce24bef11976268c2
43326,27/07/2017 14:51,Lecture & Tutorial,2c265cf741dde06fe65737b5bb56e5f984bf3c309e515ccce24bef11976268c2
43327,27/07/2017 14:51,Lecture & Tutorial,2c265cf741dde06fe65737b5bb56e5f984bf3c309e515ccce24bef11976268c2
43328,27/07/2017 14:51,Problem Solving,77e83b98d5cf9a713f41b975324ca6d9d7c1b3a8101c8a83b42fd883cbac4f12
43329,27/07/2017 14:51,Lecture & Tutorial,c0d50bd815954a4482302ac146d7b9a02ae3998a2e825a2e00ef331c8764a0b6
43330,27/07/2017 14:51,Problem Solving,c0d50bd815954a4482302ac146d7b9a02ae3998a2e825a2e00ef331c8764a0b6
43331,27/07/2017 14:51,Problem Solving,c0d50bd815954a4482302ac146d7b9a02ae3998a2e825a2e00ef331c8764a0b6
43332,27/07/2017 14:51,Materials,ed556cdc0404b786c3103af3dd6280287a0c4d23736f376ebd927c791ff9d5ca
43333,27/07/2017 14:50,Materials,ed556cdc0404b786c3103af3dd6280287a0c4d23736f376ebd927c791ff9d5ca
43334,27/07/2017 14:50,Materials,ed556cdc0404b786c3103af3dd6280287a0c4d23736f376ebd927c791ff9d5ca
43335,27/07/2017 14:50,Materials,c0d50bd815954a4482302ac146d7b9a02ae3998a2e825a2e00ef331c8764a0b6
43336,27/07/2017 14:50,Materials,c0d50bd815954a4482302ac146d7b9a02ae3998a2e825a2e00ef331c8764a0b6
43337,27/07/2017 14:50,Materials,725ce235a55b376514ee25e3b7a58febd1e3c2faf47a155be5f019b8526f8bf3
43338,27/07/2017 14:50,Materials,725ce235a55b376514ee25e3b7a58febd1e3c2faf47a155be5f019b8526f8bf3
43339,27/07/2017 14:49,Materials,c0d50bd815954a4482302ac146d7b9a02ae3998a2e825a2e00ef331c8764a0b6
43340,27/07/2017 14:49,Materials,c0d50bd815954a4482302ac146d7b9a02ae3998a2e825a2e00ef331c8764a0b6
43341,27/07/2017 14:49,View Announcements,ed556cdc0404b786c3103af3dd6280287a0c4d23736f376ebd927c791ff9d5ca
43342,27/07/2017 14:49,Materials,ed556cdc0404b786c3103af3dd6280287a0c4d23736f376ebd927c791ff9d5ca
43343,27/07/2017 14:49,Materials,ed556cdc0404b786c3103af3dd6280287a0c4d23736f376ebd927c791ff9d5ca
43344,27/07/2017 14:48,Materials,c0d50bd815954a4482302ac146d7b9a02ae3998a2e825a2e00ef331c8764a0b6
43345,27/07/2017 14:48,Materials,c0d50bd815954a4482302ac146d7b9a02ae3998a2e825a2e00ef331c8764a0b6
43346,27/07/2017 14:48,Materials,c0d50bd815954a4482302ac146d7b9a02ae3998a2e825a2e00ef331c8764a0b6
43347,27/07/2017 14:48,Materials,c0d50bd815954a4482302ac146d7b9a02ae3998a2e825a2e00ef331c8764a0b6
43348,27/07/2017 14:47,Materials,c0d50bd815954a4482302ac146d7b9a02ae3998a2e825a2e00ef331c8764a0b6
43349,27/07/2017 14:47,Materials,c0d50bd815954a4482302ac146d7b9a02ae3998a2e825a2e00ef331c8764a0b6
43350,27/07/2017 14:47,Materials,c0d50bd815954a4482302ac146d7b9a02ae3998a2e825a2e00ef331c8764a0b6
43351,27/07/2017 14:47,Lecture & Tutorial,c0d50bd815954a4482302ac146d7b9a02ae3998a2e825a2e00ef331c8764a0b6
43352,27/07/2017 14:47,Materials,c0d50bd815954a4482302ac146d7b9a02ae3998a2e825a2e00ef331c8764a0b6
43353,27/07/2017 14:47,Materials,725ce235a55b376514ee25e3b7a58febd1e3c2faf47a155be5f019b8526f8bf3
43354,27/07/2017 14:47,Materials,725ce235a55b376514ee25e3b7a58febd1e3c2faf47a155be5f019b8526f8bf3
43355,27/07/2017 14:46,Materials,725ce235a55b376514ee25e3b7a58febd1e3c2faf47a155be5f019b8526f8bf3
43356,27/07/2017 14:46,Materials,725ce235a55b376514ee25e3b7a58febd1e3c2faf47a155be5f019b8526f8bf3
43357,27/07/2017 14:46,Materials,725ce235a55b376514ee25e3b7a58febd1e3c2faf47a155be5f019b8526f8bf3
43358,27/07/2017 14:46,Materials,c0d50bd815954a4482302ac146d7b9a02ae3998a2e825a2e00ef331c8764a0b6
43359,27/07/2017 14:46,Materials,c0d50bd815954a4482302ac146d7b9a02ae3998a2e825a2e00ef331c8764a0b6
43360,27/07/2017 14:46,Materials,725ce235a55b376514ee25e3b7a58febd1e3c2faf47a155be5f019b8526f8bf3
43361,27/07/2017 14:46,Materials,c0d50bd815954a4482302ac146d7b9a02ae3998a2e825a2e00ef331c8764a0b6
43362,27/07/2017 14:46,Materials,725ce235a55b376514ee25e3b7a58febd1e3c2faf47a155be5f019b8526f8bf3
43363,27/07/2017 14:46,Materials,725ce235a55b376514ee25e3b7a58febd1e3c2faf47a155be5f019b8526f8bf3
43364,27/07/2017 14:46,Materials,725ce235a55b376514ee25e3b7a58febd1e3c2faf47a155be5f019b8526f8bf3
43365,27/07/2017 14:45,Materials,725ce235a55b376514ee25e3b7a58febd1e3c2faf47a155be5f019b8526f8bf3
43366,27/07/2017 14:45,Materials,ed556cdc0404b786c3103af3dd6280287a0c4d23736f376ebd927c791ff9d5ca
43367,27/07/2017 14:45,Materials,ed556cdc0404b786c3103af3dd6280287a0c4d23736f376ebd927c791ff9d5ca
43368,27/07/2017 14:45,Materials,ed556cdc0404b786c3103af3dd6280287a0c4d23736f376ebd927c791ff9d5ca
43369,27/07/2017 14:45,Materials,725ce235a55b376514ee25e3b7a58febd1e3c2faf47a155be5f019b8526f8bf3
43370,27/07/2017 14:45,View Announcements,96ec1025f1c402e9364a05b299f4e0b2995b2fdd9bf1fe1464da9e29a12f8320
43371,27/07/2017 14:45,Materials,725ce235a55b376514ee25e3b7a58febd1e3c2faf47a155be5f019b8526f8bf3
43372,27/07/2017 14:45,Materials,725ce235a55b376514ee25e3b7a58febd1e3c2faf47a155be5f019b8526f8bf3
43373,27/07/2017 14:44,Materials,c0d50bd815954a4482302ac146d7b9a02ae3998a2e825a2e00ef331c8764a0b6
43374,27/07/2017 14:44,View Announcements,e3cacfd30350c441ee57af6571e1295dc3d25654cae738b99cd2a86c64fe0bb3
43375,27/07/2017 14:44,View Announcements,8894134f14eac15385ac4c4680d59d7f241473f1664b9f2cb9fd17977e3e6ca2
43376,27/07/2017 14:43,Materials,c0d50bd815954a4482302ac146d7b9a02ae3998a2e825a2e00ef331c8764a0b6
43377,27/07/2017 14:43,Materials,725ce235a55b376514ee25e3b7a58febd1e3c2faf47a155be5f019b8526f8bf3
43378,27/07/2017 14:43,Materials,c0d50bd815954a4482302ac146d7b9a02ae3998a2e825a2e00ef331c8764a0b6
43379,27/07/2017 14:43,Materials,725ce235a55b376514ee25e3b7a58febd1e3c2faf47a155be5f019b8526f8bf3
43380,27/07/2017 14:43,Materials,ed556cdc0404b786c3103af3dd6280287a0c4d23736f376ebd927c791ff9d5ca
43381,27/07/2017 14:43,Materials,ed556cdc0404b786c3103af3dd6280287a0c4d23736f376ebd927c791ff9d5ca
43382,27/07/2017 14:43,Materials,ed556cdc0404b786c3103af3dd6280287a0c4d23736f376ebd927c791ff9d5ca
43383,27/07/2017 14:42,Materials,ed556cdc0404b786c3103af3dd6280287a0c4d23736f376ebd927c791ff9d5ca
43384,27/07/2017 14:42,Materials,ed556cdc0404b786c3103af3dd6280287a0c4d23736f376ebd927c791ff9d5ca
43385,27/07/2017 14:42,Materials,725ce235a55b376514ee25e3b7a58febd1e3c2faf47a155be5f019b8526f8bf3
43386,27/07/2017 14:42,Materials,725ce235a55b376514ee25e3b7a58febd1e3c2faf47a155be5f019b8526f8bf3
43387,27/07/2017 14:42,Materials,ed556cdc0404b786c3103af3dd6280287a0c4d23736f376ebd927c791ff9d5ca
43388,27/07/2017 14:42,Materials,ed556cdc0404b786c3103af3dd6280287a0c4d23736f376ebd927c791ff9d5ca
43389,27/07/2017 14:42,Materials,ed556cdc0404b786c3103af3dd6280287a0c4d23736f376ebd927c791ff9d5ca
43390,27/07/2017 14:42,Materials,ed556cdc0404b786c3103af3dd6280287a0c4d23736f376ebd927c791ff9d5ca
43391,27/07/2017 14:42,Materials,ed556cdc0404b786c3103af3dd6280287a0c4d23736f376ebd927c791ff9d5ca
43392,27/07/2017 14:42,Problem Solving,eca65f1f4e2692842b491512ab069c095c167e38b81c879870d3af6733561f85
43393,27/07/2017 14:42,Lecture & Tutorial,eca65f1f4e2692842b491512ab069c095c167e38b81c879870d3af6733561f85
43394,27/07/2017 14:42,Problem Solving,eca65f1f4e2692842b491512ab069c095c167e38b81c879870d3af6733561f85
43395,27/07/2017 14:42,Problem Solving,5acfb4be53e18c25acfee95e065e5094dd67265e881a1c2097732efb62711a43
43396,27/07/2017 14:42,Problem Solving,5acfb4be53e18c25acfee95e065e5094dd67265e881a1c2097732efb62711a43
43397,27/07/2017 14:42,Problem Solving,feee3766201ec9df127a8ffc990da8d523b316870ea340b9b0f118b18b77dc66
43398,27/07/2017 14:42,Problem Solving,feee3766201ec9df127a8ffc990da8d523b316870ea340b9b0f118b18b77dc66
43399,27/07/2017 14:42,Problem Solving,5acfb4be53e18c25acfee95e065e5094dd67265e881a1c2097732efb62711a43
43400,27/07/2017 14:42,Problem Solving,feee3766201ec9df127a8ffc990da8d523b316870ea340b9b0f118b18b77dc66
43401,27/07/2017 14:42,Problem Solving,feee3766201ec9df127a8ffc990da8d523b316870ea340b9b0f118b18b77dc66
43402,27/07/2017 14:42,Problem Solving,5acfb4be53e18c25acfee95e065e5094dd67265e881a1c2097732efb62711a43
43403,27/07/2017 14:41,Problem Solving,5acfb4be53e18c25acfee95e065e5094dd67265e881a1c2097732efb62711a43
43404,27/07/2017 14:41,Problem Solving,feee3766201ec9df127a8ffc990da8d523b316870ea340b9b0f118b18b77dc66
43405,27/07/2017 14:41,Problem Solving,5acfb4be53e18c25acfee95e065e5094dd67265e881a1c2097732efb62711a43
43406,27/07/2017 14:41,Problem Solving,feee3766201ec9df127a8ffc990da8d523b316870ea340b9b0f118b18b77dc66
43407,27/07/2017 14:41,Materials,ed556cdc0404b786c3103af3dd6280287a0c4d23736f376ebd927c791ff9d5ca
43408,27/07/2017 14:41,Materials,ed556cdc0404b786c3103af3dd6280287a0c4d23736f376ebd927c791ff9d5ca
43409,27/07/2017 14:41,Materials,ed556cdc0404b786c3103af3dd6280287a0c4d23736f376ebd927c791ff9d5ca
43410,27/07/2017 14:41,Materials,ed556cdc0404b786c3103af3dd6280287a0c4d23736f376ebd927c791ff9d5ca
43411,27/07/2017 14:40,Problem Solving,5acfb4be53e18c25acfee95e065e5094dd67265e881a1c2097732efb62711a43
43412,27/07/2017 14:40,Problem Solving,5acfb4be53e18c25acfee95e065e5094dd67265e881a1c2097732efb62711a43
43413,27/07/2017 14:39,Problem Solving,e5f9007076d90733fa6060a445feb5f2d967214f2c645b0be4a42f3d9550abcc
43414,27/07/2017 14:39,Problem Solving,e5f9007076d90733fa6060a445feb5f2d967214f2c645b0be4a42f3d9550abcc
43415,27/07/2017 14:39,Lecture & Tutorial,e5f9007076d90733fa6060a445feb5f2d967214f2c645b0be4a42f3d9550abcc
43416,27/07/2017 14:38,Projects,7bb078d4609bbc0c833c640ef2eed74cb582ac88574814b42631650023d622b9
43417,27/07/2017 14:38,Projects,7bb078d4609bbc0c833c640ef2eed74cb582ac88574814b42631650023d622b9
43418,27/07/2017 14:38,Projects,7bb078d4609bbc0c833c640ef2eed74cb582ac88574814b42631650023d622b9
43419,27/07/2017 14:38,Projects,7bb078d4609bbc0c833c640ef2eed74cb582ac88574814b42631650023d622b9
43420,27/07/2017 14:38,Projects,7bb078d4609bbc0c833c640ef2eed74cb582ac88574814b42631650023d622b9
43421,27/07/2017 14:38,Projects,7bb078d4609bbc0c833c640ef2eed74cb582ac88574814b42631650023d622b9
43422,27/07/2017 14:38,Projects,7bb078d4609bbc0c833c640ef2eed74cb582ac88574814b42631650023d622b9
43423,27/07/2017 14:37,Projects,7bb078d4609bbc0c833c640ef2eed74cb582ac88574814b42631650023d622b9
43424,27/07/2017 14:37,Projects,7bb078d4609bbc0c833c640ef2eed74cb582ac88574814b42631650023d622b9
43425,27/07/2017 14:37,Assessment,7bb078d4609bbc0c833c640ef2eed74cb582ac88574814b42631650023d622b9
43426,27/07/2017 14:37,View Announcements,7bb078d4609bbc0c833c640ef2eed74cb582ac88574814b42631650023d622b9
43427,27/07/2017 14:37,View Announcements,7bb078d4609bbc0c833c640ef2eed74cb582ac88574814b42631650023d622b9
43428,27/07/2017 14:37,View Announcements,7bb078d4609bbc0c833c640ef2eed74cb582ac88574814b42631650023d622b9
43429,27/07/2017 14:37,Materials,c0d50bd815954a4482302ac146d7b9a02ae3998a2e825a2e00ef331c8764a0b6
43430,27/07/2017 14:37,Materials,c0d50bd815954a4482302ac146d7b9a02ae3998a2e825a2e00ef331c8764a0b6
43431,27/07/2017 14:37,Materials,c0d50bd815954a4482302ac146d7b9a02ae3998a2e825a2e00ef331c8764a0b6
43432,27/07/2017 14:36,Lecture & Tutorial,c0d50bd815954a4482302ac146d7b9a02ae3998a2e825a2e00ef331c8764a0b6
43433,27/07/2017 14:36,Materials,c0d50bd815954a4482302ac146d7b9a02ae3998a2e825a2e00ef331c8764a0b6
43434,27/07/2017 14:36,Materials,c0d50bd815954a4482302ac146d7b9a02ae3998a2e825a2e00ef331c8764a0b6
43435,27/07/2017 14:36,Materials,c0d50bd815954a4482302ac146d7b9a02ae3998a2e825a2e00ef331c8764a0b6
43436,27/07/2017 14:36,Materials,c0d50bd815954a4482302ac146d7b9a02ae3998a2e825a2e00ef331c8764a0b6
43437,27/07/2017 14:36,Materials,c0d50bd815954a4482302ac146d7b9a02ae3998a2e825a2e00ef331c8764a0b6
43438,27/07/2017 14:35,Materials,c0d50bd815954a4482302ac146d7b9a02ae3998a2e825a2e00ef331c8764a0b6
43439,27/07/2017 14:35,Projects,7bb078d4609bbc0c833c640ef2eed74cb582ac88574814b42631650023d622b9
43440,27/07/2017 14:35,Assessment,7bb078d4609bbc0c833c640ef2eed74cb582ac88574814b42631650023d622b9
43441,27/07/2017 14:35,View Announcements,7bb078d4609bbc0c833c640ef2eed74cb582ac88574814b42631650023d622b9
43442,27/07/2017 14:35,Problem Solving,77e83b98d5cf9a713f41b975324ca6d9d7c1b3a8101c8a83b42fd883cbac4f12
43443,27/07/2017 14:35,Materials,c0d50bd815954a4482302ac146d7b9a02ae3998a2e825a2e00ef331c8764a0b6
43444,27/07/2017 14:35,Materials,c0d50bd815954a4482302ac146d7b9a02ae3998a2e825a2e00ef331c8764a0b6
43445,27/07/2017 14:35,Problem Solving,77e83b98d5cf9a713f41b975324ca6d9d7c1b3a8101c8a83b42fd883cbac4f12
43446,27/07/2017 14:35,Problem Solving,77e83b98d5cf9a713f41b975324ca6d9d7c1b3a8101c8a83b42fd883cbac4f12
43447,27/07/2017 14:35,Lecture & Tutorial,77e83b98d5cf9a713f41b975324ca6d9d7c1b3a8101c8a83b42fd883cbac4f12
43448,27/07/2017 14:35,Problem Solving,77e83b98d5cf9a713f41b975324ca6d9d7c1b3a8101c8a83b42fd883cbac4f12
43449,27/07/2017 14:34,Assessment,77e83b98d5cf9a713f41b975324ca6d9d7c1b3a8101c8a83b42fd883cbac4f12
43450,27/07/2017 14:34,Lecture & Tutorial,77e83b98d5cf9a713f41b975324ca6d9d7c1b3a8101c8a83b42fd883cbac4f12
43451,27/07/2017 14:34,View Announcements,51c2ed35ee7f07dcb568689f2b0f2c0ac01522ae1ba177cb57668e6143488f12
43452,27/07/2017 14:34,Materials,51c2ed35ee7f07dcb568689f2b0f2c0ac01522ae1ba177cb57668e6143488f12
43453,27/07/2017 14:34,Instruction file,77e83b98d5cf9a713f41b975324ca6d9d7c1b3a8101c8a83b42fd883cbac4f12
43454,27/07/2017 14:34,Lecture & Tutorial,77e83b98d5cf9a713f41b975324ca6d9d7c1b3a8101c8a83b42fd883cbac4f12
43455,27/07/2017 14:34,Materials,51c2ed35ee7f07dcb568689f2b0f2c0ac01522ae1ba177cb57668e6143488f12
43456,27/07/2017 14:34,Lecture & Tutorial,51c2ed35ee7f07dcb568689f2b0f2c0ac01522ae1ba177cb57668e6143488f12
43457,27/07/2017 14:34,Group Pages,b7d42966a00d1afe0482871bdb6398d50d73ef8609b77f79baf8e84b8beea8e9
43458,27/07/2017 14:34,Group Pages,b7d42966a00d1afe0482871bdb6398d50d73ef8609b77f79baf8e84b8beea8e9
43459,27/07/2017 14:34,Group Pages,b7d42966a00d1afe0482871bdb6398d50d73ef8609b77f79baf8e84b8beea8e9
43460,27/07/2017 14:34,Group Pages,b7d42966a00d1afe0482871bdb6398d50d73ef8609b77f79baf8e84b8beea8e9
43461,27/07/2017 14:34,Projects,b7d42966a00d1afe0482871bdb6398d50d73ef8609b77f79baf8e84b8beea8e9
43462,27/07/2017 14:34,Projects,b7d42966a00d1afe0482871bdb6398d50d73ef8609b77f79baf8e84b8beea8e9
43463,27/07/2017 14:34,Projects,b7d42966a00d1afe0482871bdb6398d50d73ef8609b77f79baf8e84b8beea8e9
43464,27/07/2017 14:34,Lecture & Tutorial,b7d42966a00d1afe0482871bdb6398d50d73ef8609b77f79baf8e84b8beea8e9
43465,27/07/2017 14:34,View Announcements,b7d42966a00d1afe0482871bdb6398d50d73ef8609b77f79baf8e84b8beea8e9
43466,27/07/2017 14:33,Materials,c0d50bd815954a4482302ac146d7b9a02ae3998a2e825a2e00ef331c8764a0b6
43467,27/07/2017 14:33,Assessment,b7d42966a00d1afe0482871bdb6398d50d73ef8609b77f79baf8e84b8beea8e9
43468,27/07/2017 14:33,Assessment,b7d42966a00d1afe0482871bdb6398d50d73ef8609b77f79baf8e84b8beea8e9
43469,27/07/2017 14:33,View Announcements,b7d42966a00d1afe0482871bdb6398d50d73ef8609b77f79baf8e84b8beea8e9
43470,27/07/2017 14:32,Materials,c0d50bd815954a4482302ac146d7b9a02ae3998a2e825a2e00ef331c8764a0b6
43471,27/07/2017 14:32,Lecture & Tutorial,c0d50bd815954a4482302ac146d7b9a02ae3998a2e825a2e00ef331c8764a0b6
43472,27/07/2017 14:32,Materials,c0d50bd815954a4482302ac146d7b9a02ae3998a2e825a2e00ef331c8764a0b6
43473,27/07/2017 14:32,Materials,c0d50bd815954a4482302ac146d7b9a02ae3998a2e825a2e00ef331c8764a0b6
43474,27/07/2017 14:32,Materials,725ce235a55b376514ee25e3b7a58febd1e3c2faf47a155be5f019b8526f8bf3
43475,27/07/2017 14:32,Materials,725ce235a55b376514ee25e3b7a58febd1e3c2faf47a155be5f019b8526f8bf3
43476,27/07/2017 14:32,Lecture & Tutorial,ec07f136f149c02f82610578fefa1dc5534bb1417b793abad977245e66a28ef0
43477,27/07/2017 14:32,Materials,ec07f136f149c02f82610578fefa1dc5534bb1417b793abad977245e66a28ef0
43478,27/07/2017 14:32,View Announcements,b7d42966a00d1afe0482871bdb6398d50d73ef8609b77f79baf8e84b8beea8e9
43479,27/07/2017 14:32,View Announcements,b7d42966a00d1afe0482871bdb6398d50d73ef8609b77f79baf8e84b8beea8e9
43480,27/07/2017 14:32,View Announcements,b7d42966a00d1afe0482871bdb6398d50d73ef8609b77f79baf8e84b8beea8e9
43481,27/07/2017 14:32,Materials,c0d50bd815954a4482302ac146d7b9a02ae3998a2e825a2e00ef331c8764a0b6
43482,27/07/2017 14:32,Assessment,ec07f136f149c02f82610578fefa1dc5534bb1417b793abad977245e66a28ef0
43483,27/07/2017 14:32,Lecture & Tutorial,ec07f136f149c02f82610578fefa1dc5534bb1417b793abad977245e66a28ef0
43484,27/07/2017 14:32,Materials,c0d50bd815954a4482302ac146d7b9a02ae3998a2e825a2e00ef331c8764a0b6
43485,27/07/2017 14:32,Problem Solving,92e8e26af0283951426c3dc577e12f45ed8d4a12b184f988231e51038813967d
43486,27/07/2017 14:31,Problem Solving,ec07f136f149c02f82610578fefa1dc5534bb1417b793abad977245e66a28ef0
43487,27/07/2017 14:31,Problem Solving,92e8e26af0283951426c3dc577e12f45ed8d4a12b184f988231e51038813967d
43488,27/07/2017 14:31,Problem Solving,92e8e26af0283951426c3dc577e12f45ed8d4a12b184f988231e51038813967d
43489,27/07/2017 14:31,Problem Solving,ec07f136f149c02f82610578fefa1dc5534bb1417b793abad977245e66a28ef0
43490,27/07/2017 14:31,Materials,725ce235a55b376514ee25e3b7a58febd1e3c2faf47a155be5f019b8526f8bf3
43491,27/07/2017 14:31,Materials,725ce235a55b376514ee25e3b7a58febd1e3c2faf47a155be5f019b8526f8bf3
43492,27/07/2017 14:31,Problem Solving,ec07f136f149c02f82610578fefa1dc5534bb1417b793abad977245e66a28ef0
43493,27/07/2017 14:31,Materials,c0d50bd815954a4482302ac146d7b9a02ae3998a2e825a2e00ef331c8764a0b6
43494,27/07/2017 14:31,Projects,1c8e444947118f7c57d2597b66e82888233cdf7f6e85e3d4d0c1791727664569
43495,27/07/2017 14:31,Projects,1c8e444947118f7c57d2597b66e82888233cdf7f6e85e3d4d0c1791727664569
43496,27/07/2017 14:31,Materials,c0d50bd815954a4482302ac146d7b9a02ae3998a2e825a2e00ef331c8764a0b6
43497,27/07/2017 14:31,Lecture & Tutorial,ec07f136f149c02f82610578fefa1dc5534bb1417b793abad977245e66a28ef0
43498,27/07/2017 14:31,Problem Solving,ec07f136f149c02f82610578fefa1dc5534bb1417b793abad977245e66a28ef0
43499,27/07/2017 14:31,Problem Solving,ec07f136f149c02f82610578fefa1dc5534bb1417b793abad977245e66a28ef0
43500,27/07/2017 14:31,Materials,c0d50bd815954a4482302ac146d7b9a02ae3998a2e825a2e00ef331c8764a0b6
43501,27/07/2017 14:31,Materials,c0d50bd815954a4482302ac146d7b9a02ae3998a2e825a2e00ef331c8764a0b6
43502,27/07/2017 14:31,Projects,1c8e444947118f7c57d2597b66e82888233cdf7f6e85e3d4d0c1791727664569
43503,27/07/2017 14:31,Projects,1c8e444947118f7c57d2597b66e82888233cdf7f6e85e3d4d0c1791727664569
43504,27/07/2017 14:31,Projects,ec07f136f149c02f82610578fefa1dc5534bb1417b793abad977245e66a28ef0
43505,27/07/2017 14:31,Projects,ec07f136f149c02f82610578fefa1dc5534bb1417b793abad977245e66a28ef0
43506,27/07/2017 14:31,Lecture & Tutorial,ec07f136f149c02f82610578fefa1dc5534bb1417b793abad977245e66a28ef0
43507,27/07/2017 14:30,Projects,1c8e444947118f7c57d2597b66e82888233cdf7f6e85e3d4d0c1791727664569
43508,27/07/2017 14:30,Projects,1c8e444947118f7c57d2597b66e82888233cdf7f6e85e3d4d0c1791727664569
43509,27/07/2017 14:30,Lecture & Tutorial,1c8e444947118f7c57d2597b66e82888233cdf7f6e85e3d4d0c1791727664569
43510,27/07/2017 14:30,Problem Solving,92e8e26af0283951426c3dc577e12f45ed8d4a12b184f988231e51038813967d
43511,27/07/2017 14:30,Problem Solving,92e8e26af0283951426c3dc577e12f45ed8d4a12b184f988231e51038813967d
43512,27/07/2017 14:29,Lecture & Tutorial,e3cacfd30350c441ee57af6571e1295dc3d25654cae738b99cd2a86c64fe0bb3
43513,27/07/2017 14:29,Lecture & Tutorial,e3cacfd30350c441ee57af6571e1295dc3d25654cae738b99cd2a86c64fe0bb3
43514,27/07/2017 14:29,Lecture & Tutorial,e3cacfd30350c441ee57af6571e1295dc3d25654cae738b99cd2a86c64fe0bb3
43515,27/07/2017 14:29,Problem Solving,92e8e26af0283951426c3dc577e12f45ed8d4a12b184f988231e51038813967d
43516,27/07/2017 14:29,Problem Solving,92e8e26af0283951426c3dc577e12f45ed8d4a12b184f988231e51038813967d
43517,27/07/2017 14:29,Problem Solving,92e8e26af0283951426c3dc577e12f45ed8d4a12b184f988231e51038813967d
43518,27/07/2017 14:29,Problem Solving,92e8e26af0283951426c3dc577e12f45ed8d4a12b184f988231e51038813967d
43519,27/07/2017 14:29,Problem Solving,0b37074853e2be7c6c989492a9d36d14c437dedd27e0b809e60671cf6daa3504
43520,27/07/2017 14:29,Problem Solving,92e8e26af0283951426c3dc577e12f45ed8d4a12b184f988231e51038813967d
43521,27/07/2017 14:29,Problem Solving,92e8e26af0283951426c3dc577e12f45ed8d4a12b184f988231e51038813967d
43522,27/07/2017 14:29,Problem Solving,92e8e26af0283951426c3dc577e12f45ed8d4a12b184f988231e51038813967d
43523,27/07/2017 14:29,Problem Solving,92e8e26af0283951426c3dc577e12f45ed8d4a12b184f988231e51038813967d
43524,27/07/2017 14:28,Problem Solving,92e8e26af0283951426c3dc577e12f45ed8d4a12b184f988231e51038813967d
43525,27/07/2017 14:28,Problem Solving,92e8e26af0283951426c3dc577e12f45ed8d4a12b184f988231e51038813967d
43526,27/07/2017 14:28,Problem Solving,92e8e26af0283951426c3dc577e12f45ed8d4a12b184f988231e51038813967d
43527,27/07/2017 14:28,Problem Solving,92e8e26af0283951426c3dc577e12f45ed8d4a12b184f988231e51038813967d
43528,27/07/2017 14:28,Problem Solving,4a00cb9716b48eca4fd984334247de25f2bd2378ea6d54710c009eb588d36a11
43529,27/07/2017 14:28,Problem Solving,4a00cb9716b48eca4fd984334247de25f2bd2378ea6d54710c009eb588d36a11
43530,27/07/2017 14:28,Lecture & Tutorial,4a00cb9716b48eca4fd984334247de25f2bd2378ea6d54710c009eb588d36a11
43531,27/07/2017 14:28,Problem Solving,4a00cb9716b48eca4fd984334247de25f2bd2378ea6d54710c009eb588d36a11
43532,27/07/2017 14:28,Problem Solving,4a00cb9716b48eca4fd984334247de25f2bd2378ea6d54710c009eb588d36a11
43533,27/07/2017 14:28,Problem Solving,92e8e26af0283951426c3dc577e12f45ed8d4a12b184f988231e51038813967d
43534,27/07/2017 14:28,Problem Solving,92e8e26af0283951426c3dc577e12f45ed8d4a12b184f988231e51038813967d
43535,27/07/2017 14:27,Problem Solving,92e8e26af0283951426c3dc577e12f45ed8d4a12b184f988231e51038813967d
43536,27/07/2017 14:27,Problem Solving,92e8e26af0283951426c3dc577e12f45ed8d4a12b184f988231e51038813967d
43537,27/07/2017 14:27,Problem Solving,4a00cb9716b48eca4fd984334247de25f2bd2378ea6d54710c009eb588d36a11
43538,27/07/2017 14:27,Problem Solving,92e8e26af0283951426c3dc577e12f45ed8d4a12b184f988231e51038813967d
43539,27/07/2017 14:27,Problem Solving,92e8e26af0283951426c3dc577e12f45ed8d4a12b184f988231e51038813967d
43540,27/07/2017 14:27,Problem Solving,4a00cb9716b48eca4fd984334247de25f2bd2378ea6d54710c009eb588d36a11
43541,27/07/2017 14:27,Problem Solving,92e8e26af0283951426c3dc577e12f45ed8d4a12b184f988231e51038813967d
43542,27/07/2017 14:27,Problem Solving,92e8e26af0283951426c3dc577e12f45ed8d4a12b184f988231e51038813967d
43543,27/07/2017 14:27,Problem Solving,92e8e26af0283951426c3dc577e12f45ed8d4a12b184f988231e51038813967d
43544,27/07/2017 14:27,Problem Solving,92e8e26af0283951426c3dc577e12f45ed8d4a12b184f988231e51038813967d
43545,27/07/2017 14:27,Problem Solving,92e8e26af0283951426c3dc577e12f45ed8d4a12b184f988231e51038813967d
43546,27/07/2017 14:27,Problem Solving,92e8e26af0283951426c3dc577e12f45ed8d4a12b184f988231e51038813967d
43547,27/07/2017 14:27,Problem Solving,92e8e26af0283951426c3dc577e12f45ed8d4a12b184f988231e51038813967d
43548,27/07/2017 14:27,Problem Solving,92e8e26af0283951426c3dc577e12f45ed8d4a12b184f988231e51038813967d
43549,27/07/2017 14:26,Problem Solving,e3c38788094fb5d511d9dee9a05afea67d38a2e283e98ac465c4a059ecae274b
43550,27/07/2017 14:26,Problem Solving,92e8e26af0283951426c3dc577e12f45ed8d4a12b184f988231e51038813967d
43551,27/07/2017 14:26,Problem Solving,92e8e26af0283951426c3dc577e12f45ed8d4a12b184f988231e51038813967d
43552,27/07/2017 14:26,View Announcements,725ce235a55b376514ee25e3b7a58febd1e3c2faf47a155be5f019b8526f8bf3
43553,27/07/2017 14:26,Problem Solving,92e8e26af0283951426c3dc577e12f45ed8d4a12b184f988231e51038813967d
43554,27/07/2017 14:26,Problem Solving,92e8e26af0283951426c3dc577e12f45ed8d4a12b184f988231e51038813967d
43555,27/07/2017 14:26,Materials,725ce235a55b376514ee25e3b7a58febd1e3c2faf47a155be5f019b8526f8bf3
43556,27/07/2017 14:26,Problem Solving,92e8e26af0283951426c3dc577e12f45ed8d4a12b184f988231e51038813967d
43557,27/07/2017 14:26,Problem Solving,92e8e26af0283951426c3dc577e12f45ed8d4a12b184f988231e51038813967d
43558,27/07/2017 14:26,Problem Solving,92e8e26af0283951426c3dc577e12f45ed8d4a12b184f988231e51038813967d
43559,27/07/2017 14:26,Problem Solving,92e8e26af0283951426c3dc577e12f45ed8d4a12b184f988231e51038813967d
43560,27/07/2017 14:26,Materials,725ce235a55b376514ee25e3b7a58febd1e3c2faf47a155be5f019b8526f8bf3
43561,27/07/2017 14:26,Problem Solving,92e8e26af0283951426c3dc577e12f45ed8d4a12b184f988231e51038813967d
43562,27/07/2017 14:26,Problem Solving,92e8e26af0283951426c3dc577e12f45ed8d4a12b184f988231e51038813967d
43563,27/07/2017 14:26,Materials,725ce235a55b376514ee25e3b7a58febd1e3c2faf47a155be5f019b8526f8bf3
43564,27/07/2017 14:26,Materials,725ce235a55b376514ee25e3b7a58febd1e3c2faf47a155be5f019b8526f8bf3
43565,27/07/2017 14:26,Problem Solving,4a00cb9716b48eca4fd984334247de25f2bd2378ea6d54710c009eb588d36a11
43566,27/07/2017 14:26,Problem Solving,4a00cb9716b48eca4fd984334247de25f2bd2378ea6d54710c009eb588d36a11
43567,27/07/2017 14:26,Problem Solving,92e8e26af0283951426c3dc577e12f45ed8d4a12b184f988231e51038813967d
43568,27/07/2017 14:26,Problem Solving,92e8e26af0283951426c3dc577e12f45ed8d4a12b184f988231e51038813967d
43569,27/07/2017 14:25,Problem Solving,4a00cb9716b48eca4fd984334247de25f2bd2378ea6d54710c009eb588d36a11
43570,27/07/2017 14:25,Problem Solving,4a00cb9716b48eca4fd984334247de25f2bd2378ea6d54710c009eb588d36a11
43571,27/07/2017 14:25,Problem Solving,92e8e26af0283951426c3dc577e12f45ed8d4a12b184f988231e51038813967d
43572,27/07/2017 14:25,Problem Solving,92e8e26af0283951426c3dc577e12f45ed8d4a12b184f988231e51038813967d
43573,27/07/2017 14:25,Materials,725ce235a55b376514ee25e3b7a58febd1e3c2faf47a155be5f019b8526f8bf3
43574,27/07/2017 14:25,Materials,725ce235a55b376514ee25e3b7a58febd1e3c2faf47a155be5f019b8526f8bf3
43575,27/07/2017 14:25,Materials,725ce235a55b376514ee25e3b7a58febd1e3c2faf47a155be5f019b8526f8bf3
43576,27/07/2017 14:25,Problem Solving,4a00cb9716b48eca4fd984334247de25f2bd2378ea6d54710c009eb588d36a11
43577,27/07/2017 14:25,Problem Solving,4a00cb9716b48eca4fd984334247de25f2bd2378ea6d54710c009eb588d36a11
43578,27/07/2017 14:25,Problem Solving,92e8e26af0283951426c3dc577e12f45ed8d4a12b184f988231e51038813967d
43579,27/07/2017 14:25,Problem Solving,92e8e26af0283951426c3dc577e12f45ed8d4a12b184f988231e51038813967d
43580,27/07/2017 14:25,Problem Solving,4a00cb9716b48eca4fd984334247de25f2bd2378ea6d54710c009eb588d36a11
43581,27/07/2017 14:25,Problem Solving,4a00cb9716b48eca4fd984334247de25f2bd2378ea6d54710c009eb588d36a11
43582,27/07/2017 14:25,Problem Solving,92e8e26af0283951426c3dc577e12f45ed8d4a12b184f988231e51038813967d
43583,27/07/2017 14:25,Problem Solving,92e8e26af0283951426c3dc577e12f45ed8d4a12b184f988231e51038813967d
43584,27/07/2017 14:25,Problem Solving,4a00cb9716b48eca4fd984334247de25f2bd2378ea6d54710c009eb588d36a11
43585,27/07/2017 14:25,Problem Solving,4a00cb9716b48eca4fd984334247de25f2bd2378ea6d54710c009eb588d36a11
43586,27/07/2017 14:25,Materials,725ce235a55b376514ee25e3b7a58febd1e3c2faf47a155be5f019b8526f8bf3
43587,27/07/2017 14:25,Materials,725ce235a55b376514ee25e3b7a58febd1e3c2faf47a155be5f019b8526f8bf3
43588,27/07/2017 14:25,Materials,725ce235a55b376514ee25e3b7a58febd1e3c2faf47a155be5f019b8526f8bf3
43589,27/07/2017 14:25,Problem Solving,92e8e26af0283951426c3dc577e12f45ed8d4a12b184f988231e51038813967d
43590,27/07/2017 14:25,Problem Solving,92e8e26af0283951426c3dc577e12f45ed8d4a12b184f988231e51038813967d
43591,27/07/2017 14:25,Materials,725ce235a55b376514ee25e3b7a58febd1e3c2faf47a155be5f019b8526f8bf3
43592,27/07/2017 14:25,Materials,725ce235a55b376514ee25e3b7a58febd1e3c2faf47a155be5f019b8526f8bf3
43593,27/07/2017 14:25,Materials,725ce235a55b376514ee25e3b7a58febd1e3c2faf47a155be5f019b8526f8bf3
43594,27/07/2017 14:24,Materials,725ce235a55b376514ee25e3b7a58febd1e3c2faf47a155be5f019b8526f8bf3
43595,27/07/2017 14:24,Materials,725ce235a55b376514ee25e3b7a58febd1e3c2faf47a155be5f019b8526f8bf3
43596,27/07/2017 14:24,Materials,725ce235a55b376514ee25e3b7a58febd1e3c2faf47a155be5f019b8526f8bf3
43597,27/07/2017 14:24,Materials,725ce235a55b376514ee25e3b7a58febd1e3c2faf47a155be5f019b8526f8bf3
43598,27/07/2017 14:24,Lecture & Tutorial,6f8b1e6da2a0d9214fb38c370ed98eb6687bd59d028035f13b78fe0047fe702b
43599,27/07/2017 14:24,Lecture & Tutorial,6f8b1e6da2a0d9214fb38c370ed98eb6687bd59d028035f13b78fe0047fe702b
43600,27/07/2017 14:24,Lecture & Tutorial,6f8b1e6da2a0d9214fb38c370ed98eb6687bd59d028035f13b78fe0047fe702b
43601,27/07/2017 14:24,Materials,725ce235a55b376514ee25e3b7a58febd1e3c2faf47a155be5f019b8526f8bf3
43602,27/07/2017 14:24,Lecture & Tutorial,6f8b1e6da2a0d9214fb38c370ed98eb6687bd59d028035f13b78fe0047fe702b
43603,27/07/2017 14:24,Materials,725ce235a55b376514ee25e3b7a58febd1e3c2faf47a155be5f019b8526f8bf3
43604,27/07/2017 14:24,Materials,725ce235a55b376514ee25e3b7a58febd1e3c2faf47a155be5f019b8526f8bf3
43605,27/07/2017 14:24,Materials,725ce235a55b376514ee25e3b7a58febd1e3c2faf47a155be5f019b8526f8bf3
43606,27/07/2017 14:24,Materials,725ce235a55b376514ee25e3b7a58febd1e3c2faf47a155be5f019b8526f8bf3
43607,27/07/2017 14:24,Problem Solving,4a00cb9716b48eca4fd984334247de25f2bd2378ea6d54710c009eb588d36a11
43608,27/07/2017 14:24,Problem Solving,4a00cb9716b48eca4fd984334247de25f2bd2378ea6d54710c009eb588d36a11
43609,27/07/2017 14:24,Problem Solving,4a00cb9716b48eca4fd984334247de25f2bd2378ea6d54710c009eb588d36a11
43610,27/07/2017 14:24,Problem Solving,4a00cb9716b48eca4fd984334247de25f2bd2378ea6d54710c009eb588d36a11
43611,27/07/2017 14:23,Problem Solving,4a00cb9716b48eca4fd984334247de25f2bd2378ea6d54710c009eb588d36a11
43612,27/07/2017 14:23,Problem Solving,4a00cb9716b48eca4fd984334247de25f2bd2378ea6d54710c009eb588d36a11
43613,27/07/2017 14:23,Materials,c0d50bd815954a4482302ac146d7b9a02ae3998a2e825a2e00ef331c8764a0b6
43614,27/07/2017 14:23,Materials,c0d50bd815954a4482302ac146d7b9a02ae3998a2e825a2e00ef331c8764a0b6
43615,27/07/2017 14:23,Materials,c0d50bd815954a4482302ac146d7b9a02ae3998a2e825a2e00ef331c8764a0b6
43616,27/07/2017 14:23,Materials,c0d50bd815954a4482302ac146d7b9a02ae3998a2e825a2e00ef331c8764a0b6
43617,27/07/2017 14:23,Lecture & Tutorial,c0d50bd815954a4482302ac146d7b9a02ae3998a2e825a2e00ef331c8764a0b6
43618,27/07/2017 14:23,Problem Solving,4a00cb9716b48eca4fd984334247de25f2bd2378ea6d54710c009eb588d36a11
43619,27/07/2017 14:23,Problem Solving,4a00cb9716b48eca4fd984334247de25f2bd2378ea6d54710c009eb588d36a11
43620,27/07/2017 14:23,Materials,c0d50bd815954a4482302ac146d7b9a02ae3998a2e825a2e00ef331c8764a0b6
43621,27/07/2017 14:23,Lecture & Tutorial,c0d50bd815954a4482302ac146d7b9a02ae3998a2e825a2e00ef331c8764a0b6
43622,27/07/2017 14:23,Materials,c0d50bd815954a4482302ac146d7b9a02ae3998a2e825a2e00ef331c8764a0b6
43623,27/07/2017 14:23,Materials,c0d50bd815954a4482302ac146d7b9a02ae3998a2e825a2e00ef331c8764a0b6
43624,27/07/2017 14:23,Lecture & Tutorial,c0d50bd815954a4482302ac146d7b9a02ae3998a2e825a2e00ef331c8764a0b6
43625,27/07/2017 14:23,Materials,c0d50bd815954a4482302ac146d7b9a02ae3998a2e825a2e00ef331c8764a0b6
43626,27/07/2017 14:23,Lecture & Tutorial,c0d50bd815954a4482302ac146d7b9a02ae3998a2e825a2e00ef331c8764a0b6
43627,27/07/2017 14:23,Materials,c0d50bd815954a4482302ac146d7b9a02ae3998a2e825a2e00ef331c8764a0b6
43628,27/07/2017 14:23,Materials,c0d50bd815954a4482302ac146d7b9a02ae3998a2e825a2e00ef331c8764a0b6
43629,27/07/2017 14:23,Lecture & Tutorial,c0d50bd815954a4482302ac146d7b9a02ae3998a2e825a2e00ef331c8764a0b6
43630,27/07/2017 14:23,Lecture & Tutorial,c0d50bd815954a4482302ac146d7b9a02ae3998a2e825a2e00ef331c8764a0b6
43631,27/07/2017 14:23,Materials,c0d50bd815954a4482302ac146d7b9a02ae3998a2e825a2e00ef331c8764a0b6
43632,27/07/2017 14:23,Materials,c0d50bd815954a4482302ac146d7b9a02ae3998a2e825a2e00ef331c8764a0b6
43633,27/07/2017 14:23,Lecture & Tutorial,c0d50bd815954a4482302ac146d7b9a02ae3998a2e825a2e00ef331c8764a0b6
43634,27/07/2017 14:23,Materials,c0d50bd815954a4482302ac146d7b9a02ae3998a2e825a2e00ef331c8764a0b6
43635,27/07/2017 14:23,Lecture & Tutorial,c0d50bd815954a4482302ac146d7b9a02ae3998a2e825a2e00ef331c8764a0b6
43636,27/07/2017 14:22,Lecture & Tutorial,c0d50bd815954a4482302ac146d7b9a02ae3998a2e825a2e00ef331c8764a0b6
43637,27/07/2017 14:22,Materials,c0d50bd815954a4482302ac146d7b9a02ae3998a2e825a2e00ef331c8764a0b6
43638,27/07/2017 14:22,Projects,09103d8e44cc3d6dcaf355d09c3d215fd0a53b7ceddf1068327192bac8a39425
43639,27/07/2017 14:22,Projects,09103d8e44cc3d6dcaf355d09c3d215fd0a53b7ceddf1068327192bac8a39425
43640,27/07/2017 14:22,Assessment,09103d8e44cc3d6dcaf355d09c3d215fd0a53b7ceddf1068327192bac8a39425
43641,27/07/2017 14:22,View Announcements,09103d8e44cc3d6dcaf355d09c3d215fd0a53b7ceddf1068327192bac8a39425
43642,27/07/2017 14:22,Materials,0ede77e5ccfc407e4e001d09300a2b352008ef68e19a2383fb261f3aa4b54a57
43643,27/07/2017 14:22,Projects,09103d8e44cc3d6dcaf355d09c3d215fd0a53b7ceddf1068327192bac8a39425
43644,27/07/2017 14:22,Projects,09103d8e44cc3d6dcaf355d09c3d215fd0a53b7ceddf1068327192bac8a39425
43645,27/07/2017 14:22,Problem Solving,16d83368c32b544d2befc8c0d4511fd08a6d0b860878c189f888ce437437b076
43646,27/07/2017 14:22,Problem Solving,16d83368c32b544d2befc8c0d4511fd08a6d0b860878c189f888ce437437b076
43647,27/07/2017 14:22,Problem Solving,16d83368c32b544d2befc8c0d4511fd08a6d0b860878c189f888ce437437b076
43648,27/07/2017 14:21,Assessment,16d83368c32b544d2befc8c0d4511fd08a6d0b860878c189f888ce437437b076
43649,27/07/2017 14:21,View Announcements,0ede77e5ccfc407e4e001d09300a2b352008ef68e19a2383fb261f3aa4b54a57
43650,27/07/2017 14:21,View Announcements,16d83368c32b544d2befc8c0d4511fd08a6d0b860878c189f888ce437437b076
43651,27/07/2017 14:21,Projects,09103d8e44cc3d6dcaf355d09c3d215fd0a53b7ceddf1068327192bac8a39425
43652,27/07/2017 14:21,Projects,09103d8e44cc3d6dcaf355d09c3d215fd0a53b7ceddf1068327192bac8a39425
43653,27/07/2017 14:21,Projects,09103d8e44cc3d6dcaf355d09c3d215fd0a53b7ceddf1068327192bac8a39425
43654,27/07/2017 14:21,Assessment,09103d8e44cc3d6dcaf355d09c3d215fd0a53b7ceddf1068327192bac8a39425
43655,27/07/2017 14:21,View Announcements,09103d8e44cc3d6dcaf355d09c3d215fd0a53b7ceddf1068327192bac8a39425
43656,27/07/2017 14:21,Projects,0d375eabadd7c9bc4b4e9beb1001b1e5dea5d1b14ce2870cf3678eaa037e7783
43657,27/07/2017 14:21,Projects,0d375eabadd7c9bc4b4e9beb1001b1e5dea5d1b14ce2870cf3678eaa037e7783
43658,27/07/2017 14:21,Assessment,0d375eabadd7c9bc4b4e9beb1001b1e5dea5d1b14ce2870cf3678eaa037e7783
43659,27/07/2017 14:21,Problem Solving,4a00cb9716b48eca4fd984334247de25f2bd2378ea6d54710c009eb588d36a11
43660,27/07/2017 14:21,Problem Solving,4a00cb9716b48eca4fd984334247de25f2bd2378ea6d54710c009eb588d36a11
43661,27/07/2017 14:21,View Announcements,0d375eabadd7c9bc4b4e9beb1001b1e5dea5d1b14ce2870cf3678eaa037e7783
43662,27/07/2017 14:21,Problem Solving,4a00cb9716b48eca4fd984334247de25f2bd2378ea6d54710c009eb588d36a11
43663,27/07/2017 14:21,Problem Solving,4a00cb9716b48eca4fd984334247de25f2bd2378ea6d54710c009eb588d36a11
43664,27/07/2017 14:21,Materials,725ce235a55b376514ee25e3b7a58febd1e3c2faf47a155be5f019b8526f8bf3
43665,27/07/2017 14:21,Problem Solving,4a00cb9716b48eca4fd984334247de25f2bd2378ea6d54710c009eb588d36a11
43666,27/07/2017 14:21,Problem Solving,4a00cb9716b48eca4fd984334247de25f2bd2378ea6d54710c009eb588d36a11
43667,27/07/2017 14:20,View Announcements,0d375eabadd7c9bc4b4e9beb1001b1e5dea5d1b14ce2870cf3678eaa037e7783
43668,27/07/2017 14:20,View Announcements,0d375eabadd7c9bc4b4e9beb1001b1e5dea5d1b14ce2870cf3678eaa037e7783
43669,27/07/2017 14:20,Problem Solving,4a00cb9716b48eca4fd984334247de25f2bd2378ea6d54710c009eb588d36a11
43670,27/07/2017 14:20,Problem Solving,4a00cb9716b48eca4fd984334247de25f2bd2378ea6d54710c009eb588d36a11
43671,27/07/2017 14:20,View Announcements,09103d8e44cc3d6dcaf355d09c3d215fd0a53b7ceddf1068327192bac8a39425
43672,27/07/2017 14:20,View Announcements,09103d8e44cc3d6dcaf355d09c3d215fd0a53b7ceddf1068327192bac8a39425
43673,27/07/2017 14:20,Materials,725ce235a55b376514ee25e3b7a58febd1e3c2faf47a155be5f019b8526f8bf3
43674,27/07/2017 14:20,Materials,725ce235a55b376514ee25e3b7a58febd1e3c2faf47a155be5f019b8526f8bf3
43675,27/07/2017 14:20,Materials,725ce235a55b376514ee25e3b7a58febd1e3c2faf47a155be5f019b8526f8bf3
43676,27/07/2017 14:20,Problem Solving,4a00cb9716b48eca4fd984334247de25f2bd2378ea6d54710c009eb588d36a11
43677,27/07/2017 14:20,Problem Solving,4a00cb9716b48eca4fd984334247de25f2bd2378ea6d54710c009eb588d36a11
43678,27/07/2017 14:20,Materials,725ce235a55b376514ee25e3b7a58febd1e3c2faf47a155be5f019b8526f8bf3
43679,27/07/2017 14:20,Problem Solving,4a00cb9716b48eca4fd984334247de25f2bd2378ea6d54710c009eb588d36a11
43680,27/07/2017 14:20,Problem Solving,4a00cb9716b48eca4fd984334247de25f2bd2378ea6d54710c009eb588d36a11
43681,27/07/2017 14:20,Materials,725ce235a55b376514ee25e3b7a58febd1e3c2faf47a155be5f019b8526f8bf3
43682,27/07/2017 14:20,Materials,725ce235a55b376514ee25e3b7a58febd1e3c2faf47a155be5f019b8526f8bf3
43683,27/07/2017 14:20,Problem Solving,4a00cb9716b48eca4fd984334247de25f2bd2378ea6d54710c009eb588d36a11
43684,27/07/2017 14:20,Problem Solving,4a00cb9716b48eca4fd984334247de25f2bd2378ea6d54710c009eb588d36a11
43685,27/07/2017 14:20,Problem Solving,4a00cb9716b48eca4fd984334247de25f2bd2378ea6d54710c009eb588d36a11
43686,27/07/2017 14:20,Problem Solving,4a00cb9716b48eca4fd984334247de25f2bd2378ea6d54710c009eb588d36a11
43687,27/07/2017 14:20,Problem Solving,4a00cb9716b48eca4fd984334247de25f2bd2378ea6d54710c009eb588d36a11
43688,27/07/2017 14:20,Problem Solving,4a00cb9716b48eca4fd984334247de25f2bd2378ea6d54710c009eb588d36a11
43689,27/07/2017 14:19,Problem Solving,4a00cb9716b48eca4fd984334247de25f2bd2378ea6d54710c009eb588d36a11
43690,27/07/2017 14:19,Problem Solving,4a00cb9716b48eca4fd984334247de25f2bd2378ea6d54710c009eb588d36a11
43691,27/07/2017 14:19,Problem Solving,4a00cb9716b48eca4fd984334247de25f2bd2378ea6d54710c009eb588d36a11
43692,27/07/2017 14:19,Problem Solving,4a00cb9716b48eca4fd984334247de25f2bd2378ea6d54710c009eb588d36a11
43693,27/07/2017 14:19,Problem Solving,4a00cb9716b48eca4fd984334247de25f2bd2378ea6d54710c009eb588d36a11
43694,27/07/2017 14:19,Problem Solving,4a00cb9716b48eca4fd984334247de25f2bd2378ea6d54710c009eb588d36a11
43695,27/07/2017 14:19,Lecture & Tutorial,09103d8e44cc3d6dcaf355d09c3d215fd0a53b7ceddf1068327192bac8a39425
43696,27/07/2017 14:19,Materials,09103d8e44cc3d6dcaf355d09c3d215fd0a53b7ceddf1068327192bac8a39425
43697,27/07/2017 14:19,Problem Solving,4a00cb9716b48eca4fd984334247de25f2bd2378ea6d54710c009eb588d36a11
43698,27/07/2017 14:19,Problem Solving,4a00cb9716b48eca4fd984334247de25f2bd2378ea6d54710c009eb588d36a11
43699,27/07/2017 14:18,Problem Solving,92e8e26af0283951426c3dc577e12f45ed8d4a12b184f988231e51038813967d
43700,27/07/2017 14:18,Materials,09103d8e44cc3d6dcaf355d09c3d215fd0a53b7ceddf1068327192bac8a39425
43701,27/07/2017 14:18,Problem Solving,92e8e26af0283951426c3dc577e12f45ed8d4a12b184f988231e51038813967d
43702,27/07/2017 14:18,Materials,09103d8e44cc3d6dcaf355d09c3d215fd0a53b7ceddf1068327192bac8a39425
43703,27/07/2017 14:18,Problem Solving,92e8e26af0283951426c3dc577e12f45ed8d4a12b184f988231e51038813967d
43704,27/07/2017 14:18,Problem Solving,4a00cb9716b48eca4fd984334247de25f2bd2378ea6d54710c009eb588d36a11
43705,27/07/2017 14:18,Materials,09103d8e44cc3d6dcaf355d09c3d215fd0a53b7ceddf1068327192bac8a39425
43706,27/07/2017 14:18,Problem Solving,4a00cb9716b48eca4fd984334247de25f2bd2378ea6d54710c009eb588d36a11
43707,27/07/2017 14:18,Problem Solving,92e8e26af0283951426c3dc577e12f45ed8d4a12b184f988231e51038813967d
43708,27/07/2017 14:18,Materials,725ce235a55b376514ee25e3b7a58febd1e3c2faf47a155be5f019b8526f8bf3
43709,27/07/2017 14:18,View Announcements,c231590f7844593c994a2fc4b91c90c6ab8ec68567b53a1c27794e3ee1321ad2
43710,27/07/2017 14:18,View Announcements,c231590f7844593c994a2fc4b91c90c6ab8ec68567b53a1c27794e3ee1321ad2
43711,27/07/2017 14:18,Problem Solving,92e8e26af0283951426c3dc577e12f45ed8d4a12b184f988231e51038813967d
43712,27/07/2017 14:18,Problem Solving,4a00cb9716b48eca4fd984334247de25f2bd2378ea6d54710c009eb588d36a11
43713,27/07/2017 14:18,Problem Solving,4a00cb9716b48eca4fd984334247de25f2bd2378ea6d54710c009eb588d36a11
43714,27/07/2017 14:18,Problem Solving,92e8e26af0283951426c3dc577e12f45ed8d4a12b184f988231e51038813967d
43715,27/07/2017 14:18,Problem Solving,92e8e26af0283951426c3dc577e12f45ed8d4a12b184f988231e51038813967d
43716,27/07/2017 14:18,Assessment,92e8e26af0283951426c3dc577e12f45ed8d4a12b184f988231e51038813967d
43717,27/07/2017 14:18,View Announcements,92e8e26af0283951426c3dc577e12f45ed8d4a12b184f988231e51038813967d
43718,27/07/2017 14:18,Materials,09103d8e44cc3d6dcaf355d09c3d215fd0a53b7ceddf1068327192bac8a39425
43719,27/07/2017 14:18,Problem Solving,4a00cb9716b48eca4fd984334247de25f2bd2378ea6d54710c009eb588d36a11
43720,27/07/2017 14:18,Problem Solving,4a00cb9716b48eca4fd984334247de25f2bd2378ea6d54710c009eb588d36a11
43721,27/07/2017 14:18,Materials,ed556cdc0404b786c3103af3dd6280287a0c4d23736f376ebd927c791ff9d5ca
43722,27/07/2017 14:18,Materials,ed556cdc0404b786c3103af3dd6280287a0c4d23736f376ebd927c791ff9d5ca
43723,27/07/2017 14:18,Materials,ed556cdc0404b786c3103af3dd6280287a0c4d23736f376ebd927c791ff9d5ca
43724,27/07/2017 14:18,Problem Solving,4a00cb9716b48eca4fd984334247de25f2bd2378ea6d54710c009eb588d36a11
43725,27/07/2017 14:18,Materials,09103d8e44cc3d6dcaf355d09c3d215fd0a53b7ceddf1068327192bac8a39425
43726,27/07/2017 14:18,Problem Solving,4a00cb9716b48eca4fd984334247de25f2bd2378ea6d54710c009eb588d36a11
43727,27/07/2017 14:18,Materials,09103d8e44cc3d6dcaf355d09c3d215fd0a53b7ceddf1068327192bac8a39425
43728,27/07/2017 14:18,Problem Solving,4a00cb9716b48eca4fd984334247de25f2bd2378ea6d54710c009eb588d36a11
43729,27/07/2017 14:18,Problem Solving,4a00cb9716b48eca4fd984334247de25f2bd2378ea6d54710c009eb588d36a11
43730,27/07/2017 14:18,Materials,ed556cdc0404b786c3103af3dd6280287a0c4d23736f376ebd927c791ff9d5ca
43731,27/07/2017 14:18,Problem Solving,4a00cb9716b48eca4fd984334247de25f2bd2378ea6d54710c009eb588d36a11
43732,27/07/2017 14:18,Problem Solving,4a00cb9716b48eca4fd984334247de25f2bd2378ea6d54710c009eb588d36a11
43733,27/07/2017 14:17,Materials,ed556cdc0404b786c3103af3dd6280287a0c4d23736f376ebd927c791ff9d5ca
43734,27/07/2017 14:17,Materials,725ce235a55b376514ee25e3b7a58febd1e3c2faf47a155be5f019b8526f8bf3
43735,27/07/2017 14:17,Materials,725ce235a55b376514ee25e3b7a58febd1e3c2faf47a155be5f019b8526f8bf3
43736,27/07/2017 14:17,Problem Solving,4a00cb9716b48eca4fd984334247de25f2bd2378ea6d54710c009eb588d36a11
43737,27/07/2017 14:17,Problem Solving,4a00cb9716b48eca4fd984334247de25f2bd2378ea6d54710c009eb588d36a11
43738,27/07/2017 14:17,Materials,ed556cdc0404b786c3103af3dd6280287a0c4d23736f376ebd927c791ff9d5ca
43739,27/07/2017 14:17,Problem Solving,4a00cb9716b48eca4fd984334247de25f2bd2378ea6d54710c009eb588d36a11
43740,27/07/2017 14:17,Problem Solving,4a00cb9716b48eca4fd984334247de25f2bd2378ea6d54710c009eb588d36a11
43741,27/07/2017 14:17,Problem Solving,4a00cb9716b48eca4fd984334247de25f2bd2378ea6d54710c009eb588d36a11
43742,27/07/2017 14:17,Problem Solving,4a00cb9716b48eca4fd984334247de25f2bd2378ea6d54710c009eb588d36a11
43743,27/07/2017 14:17,Materials,ed556cdc0404b786c3103af3dd6280287a0c4d23736f376ebd927c791ff9d5ca
43744,27/07/2017 14:17,Problem Solving,4a00cb9716b48eca4fd984334247de25f2bd2378ea6d54710c009eb588d36a11
43745,27/07/2017 14:17,Problem Solving,4a00cb9716b48eca4fd984334247de25f2bd2378ea6d54710c009eb588d36a11
43746,27/07/2017 14:17,Materials,ed556cdc0404b786c3103af3dd6280287a0c4d23736f376ebd927c791ff9d5ca
43747,27/07/2017 14:17,Problem Solving,4a00cb9716b48eca4fd984334247de25f2bd2378ea6d54710c009eb588d36a11
43748,27/07/2017 14:17,Problem Solving,4a00cb9716b48eca4fd984334247de25f2bd2378ea6d54710c009eb588d36a11
43749,27/07/2017 14:17,Materials,725ce235a55b376514ee25e3b7a58febd1e3c2faf47a155be5f019b8526f8bf3
43750,27/07/2017 14:17,Materials,725ce235a55b376514ee25e3b7a58febd1e3c2faf47a155be5f019b8526f8bf3
43751,27/07/2017 14:17,Materials,725ce235a55b376514ee25e3b7a58febd1e3c2faf47a155be5f019b8526f8bf3
43752,27/07/2017 14:17,Problem Solving,4a00cb9716b48eca4fd984334247de25f2bd2378ea6d54710c009eb588d36a11
43753,27/07/2017 14:17,Problem Solving,4a00cb9716b48eca4fd984334247de25f2bd2378ea6d54710c009eb588d36a11
43754,27/07/2017 14:17,Materials,725ce235a55b376514ee25e3b7a58febd1e3c2faf47a155be5f019b8526f8bf3
43755,27/07/2017 14:17,Problem Solving,4a00cb9716b48eca4fd984334247de25f2bd2378ea6d54710c009eb588d36a11
43756,27/07/2017 14:17,Problem Solving,4a00cb9716b48eca4fd984334247de25f2bd2378ea6d54710c009eb588d36a11
43757,27/07/2017 14:17,Materials,725ce235a55b376514ee25e3b7a58febd1e3c2faf47a155be5f019b8526f8bf3
43758,27/07/2017 14:16,Problem Solving,4a00cb9716b48eca4fd984334247de25f2bd2378ea6d54710c009eb588d36a11
43759,27/07/2017 14:16,Problem Solving,4a00cb9716b48eca4fd984334247de25f2bd2378ea6d54710c009eb588d36a11
43760,27/07/2017 14:16,Problem Solving,4a00cb9716b48eca4fd984334247de25f2bd2378ea6d54710c009eb588d36a11
43761,27/07/2017 14:16,Problem Solving,4a00cb9716b48eca4fd984334247de25f2bd2378ea6d54710c009eb588d36a11
43762,27/07/2017 14:16,Materials,725ce235a55b376514ee25e3b7a58febd1e3c2faf47a155be5f019b8526f8bf3
43763,27/07/2017 14:16,Materials,725ce235a55b376514ee25e3b7a58febd1e3c2faf47a155be5f019b8526f8bf3
43764,27/07/2017 14:16,Problem Solving,4a00cb9716b48eca4fd984334247de25f2bd2378ea6d54710c009eb588d36a11
43765,27/07/2017 14:16,Problem Solving,4a00cb9716b48eca4fd984334247de25f2bd2378ea6d54710c009eb588d36a11
43766,27/07/2017 14:16,Projects,6ab29b15fd9436a5ff0370849dffa8a9c9cc63355f635a9d39f1fd13b8462892
43767,27/07/2017 14:16,Projects,6ab29b15fd9436a5ff0370849dffa8a9c9cc63355f635a9d39f1fd13b8462892
43768,27/07/2017 14:16,Problem Solving,4a00cb9716b48eca4fd984334247de25f2bd2378ea6d54710c009eb588d36a11
43769,27/07/2017 14:16,Problem Solving,4a00cb9716b48eca4fd984334247de25f2bd2378ea6d54710c009eb588d36a11
43770,27/07/2017 14:16,Projects,6ab29b15fd9436a5ff0370849dffa8a9c9cc63355f635a9d39f1fd13b8462892
43771,27/07/2017 14:16,Problem Solving,4a00cb9716b48eca4fd984334247de25f2bd2378ea6d54710c009eb588d36a11
43772,27/07/2017 14:16,Problem Solving,4a00cb9716b48eca4fd984334247de25f2bd2378ea6d54710c009eb588d36a11
43773,27/07/2017 14:15,Problem Solving,4a00cb9716b48eca4fd984334247de25f2bd2378ea6d54710c009eb588d36a11
43774,27/07/2017 14:15,Problem Solving,4a00cb9716b48eca4fd984334247de25f2bd2378ea6d54710c009eb588d36a11
43775,27/07/2017 14:15,Problem Solving,4a00cb9716b48eca4fd984334247de25f2bd2378ea6d54710c009eb588d36a11
43776,27/07/2017 14:15,Problem Solving,4a00cb9716b48eca4fd984334247de25f2bd2378ea6d54710c009eb588d36a11
43777,27/07/2017 14:15,Problem Solving,4a00cb9716b48eca4fd984334247de25f2bd2378ea6d54710c009eb588d36a11
43778,27/07/2017 14:15,Problem Solving,4a00cb9716b48eca4fd984334247de25f2bd2378ea6d54710c009eb588d36a11
43779,27/07/2017 14:15,Problem Solving,4a00cb9716b48eca4fd984334247de25f2bd2378ea6d54710c009eb588d36a11
43780,27/07/2017 14:15,Problem Solving,4a00cb9716b48eca4fd984334247de25f2bd2378ea6d54710c009eb588d36a11
43781,27/07/2017 14:15,Problem Solving,4a00cb9716b48eca4fd984334247de25f2bd2378ea6d54710c009eb588d36a11
43782,27/07/2017 14:15,Problem Solving,4a00cb9716b48eca4fd984334247de25f2bd2378ea6d54710c009eb588d36a11
43783,27/07/2017 14:15,Problem Solving,4a00cb9716b48eca4fd984334247de25f2bd2378ea6d54710c009eb588d36a11
43784,27/07/2017 14:15,Problem Solving,4a00cb9716b48eca4fd984334247de25f2bd2378ea6d54710c009eb588d36a11
43785,27/07/2017 14:14,Problem Solving,4a00cb9716b48eca4fd984334247de25f2bd2378ea6d54710c009eb588d36a11
43786,27/07/2017 14:14,Problem Solving,4a00cb9716b48eca4fd984334247de25f2bd2378ea6d54710c009eb588d36a11
43787,27/07/2017 14:14,Problem Solving,4a00cb9716b48eca4fd984334247de25f2bd2378ea6d54710c009eb588d36a11
43788,27/07/2017 14:14,Problem Solving,4a00cb9716b48eca4fd984334247de25f2bd2378ea6d54710c009eb588d36a11
43789,27/07/2017 14:14,Problem Solving,4a00cb9716b48eca4fd984334247de25f2bd2378ea6d54710c009eb588d36a11
43790,27/07/2017 14:14,Problem Solving,4a00cb9716b48eca4fd984334247de25f2bd2378ea6d54710c009eb588d36a11
43791,27/07/2017 14:14,Problem Solving,4a00cb9716b48eca4fd984334247de25f2bd2378ea6d54710c009eb588d36a11
43792,27/07/2017 14:14,Problem Solving,4a00cb9716b48eca4fd984334247de25f2bd2378ea6d54710c009eb588d36a11
43793,27/07/2017 14:14,Problem Solving,4a00cb9716b48eca4fd984334247de25f2bd2378ea6d54710c009eb588d36a11
43794,27/07/2017 14:14,Materials,725ce235a55b376514ee25e3b7a58febd1e3c2faf47a155be5f019b8526f8bf3
43795,27/07/2017 14:14,Problem Solving,4a00cb9716b48eca4fd984334247de25f2bd2378ea6d54710c009eb588d36a11
43796,27/07/2017 14:14,Problem Solving,4a00cb9716b48eca4fd984334247de25f2bd2378ea6d54710c009eb588d36a11
43797,27/07/2017 14:14,Problem Solving,4a00cb9716b48eca4fd984334247de25f2bd2378ea6d54710c009eb588d36a11
43798,27/07/2017 14:14,Problem Solving,4a00cb9716b48eca4fd984334247de25f2bd2378ea6d54710c009eb588d36a11
43799,27/07/2017 14:14,Problem Solving,4a00cb9716b48eca4fd984334247de25f2bd2378ea6d54710c009eb588d36a11
43800,27/07/2017 14:14,Problem Solving,4a00cb9716b48eca4fd984334247de25f2bd2378ea6d54710c009eb588d36a11
43801,27/07/2017 14:13,Problem Solving,4a00cb9716b48eca4fd984334247de25f2bd2378ea6d54710c009eb588d36a11
43802,27/07/2017 14:13,Problem Solving,4a00cb9716b48eca4fd984334247de25f2bd2378ea6d54710c009eb588d36a11
43803,27/07/2017 14:13,Assessment,b0d75e706bafec3be4731354edde84e2264aa10a829e5f22e9f9c2dcb658d41f
43804,27/07/2017 14:13,Assessment,b0d75e706bafec3be4731354edde84e2264aa10a829e5f22e9f9c2dcb658d41f
43805,27/07/2017 14:13,Problem Solving,4a00cb9716b48eca4fd984334247de25f2bd2378ea6d54710c009eb588d36a11
43806,27/07/2017 14:13,Problem Solving,4a00cb9716b48eca4fd984334247de25f2bd2378ea6d54710c009eb588d36a11
43807,27/07/2017 14:13,Projects,16d83368c32b544d2befc8c0d4511fd08a6d0b860878c189f888ce437437b076
43808,27/07/2017 14:13,Projects,16d83368c32b544d2befc8c0d4511fd08a6d0b860878c189f888ce437437b076
43809,27/07/2017 14:13,Projects,16d83368c32b544d2befc8c0d4511fd08a6d0b860878c189f888ce437437b076
43810,27/07/2017 14:13,Assessment,16d83368c32b544d2befc8c0d4511fd08a6d0b860878c189f888ce437437b076
43811,27/07/2017 14:13,Problem Solving,4a00cb9716b48eca4fd984334247de25f2bd2378ea6d54710c009eb588d36a11
43812,27/07/2017 14:13,Problem Solving,4a00cb9716b48eca4fd984334247de25f2bd2378ea6d54710c009eb588d36a11
43813,27/07/2017 14:13,View Announcements,16d83368c32b544d2befc8c0d4511fd08a6d0b860878c189f888ce437437b076
43814,27/07/2017 14:13,Problem Solving,4a00cb9716b48eca4fd984334247de25f2bd2378ea6d54710c009eb588d36a11
43815,27/07/2017 14:13,Problem Solving,4a00cb9716b48eca4fd984334247de25f2bd2378ea6d54710c009eb588d36a11
43816,27/07/2017 14:13,Problem Solving,4a00cb9716b48eca4fd984334247de25f2bd2378ea6d54710c009eb588d36a11
43817,27/07/2017 14:13,Problem Solving,4a00cb9716b48eca4fd984334247de25f2bd2378ea6d54710c009eb588d36a11
43818,27/07/2017 14:13,Lecture & Tutorial,1c96a098597262d3ac12d3a93f000b1709d585acb42269bd47f721d1f0c2516d
43819,27/07/2017 14:13,Lecture & Tutorial,1c96a098597262d3ac12d3a93f000b1709d585acb42269bd47f721d1f0c2516d
43820,27/07/2017 14:13,Lecture & Tutorial,1c96a098597262d3ac12d3a93f000b1709d585acb42269bd47f721d1f0c2516d
43821,27/07/2017 14:13,Problem Solving,5acfb4be53e18c25acfee95e065e5094dd67265e881a1c2097732efb62711a43
43822,27/07/2017 14:13,Problem Solving,5acfb4be53e18c25acfee95e065e5094dd67265e881a1c2097732efb62711a43
43823,27/07/2017 14:13,Lecture & Tutorial,1c96a098597262d3ac12d3a93f000b1709d585acb42269bd47f721d1f0c2516d
43824,27/07/2017 14:13,Problem Solving,5acfb4be53e18c25acfee95e065e5094dd67265e881a1c2097732efb62711a43
43825,27/07/2017 14:13,Problem Solving,4a00cb9716b48eca4fd984334247de25f2bd2378ea6d54710c009eb588d36a11
43826,27/07/2017 14:13,Problem Solving,4a00cb9716b48eca4fd984334247de25f2bd2378ea6d54710c009eb588d36a11
43827,27/07/2017 14:12,View Announcements,1c96a098597262d3ac12d3a93f000b1709d585acb42269bd47f721d1f0c2516d
43828,27/07/2017 14:12,View Announcements,b0d75e706bafec3be4731354edde84e2264aa10a829e5f22e9f9c2dcb658d41f
43829,27/07/2017 14:12,Lecture & Tutorial,1c96a098597262d3ac12d3a93f000b1709d585acb42269bd47f721d1f0c2516d
43830,27/07/2017 14:12,Projects,1c96a098597262d3ac12d3a93f000b1709d585acb42269bd47f721d1f0c2516d
43831,27/07/2017 14:12,View Announcements,1c96a098597262d3ac12d3a93f000b1709d585acb42269bd47f721d1f0c2516d
43832,27/07/2017 14:12,Problem Solving,5acfb4be53e18c25acfee95e065e5094dd67265e881a1c2097732efb62711a43
43833,27/07/2017 14:12,Lecture & Tutorial,1c96a098597262d3ac12d3a93f000b1709d585acb42269bd47f721d1f0c2516d
43834,27/07/2017 14:12,Projects,1c96a098597262d3ac12d3a93f000b1709d585acb42269bd47f721d1f0c2516d
43835,27/07/2017 14:12,Lecture & Tutorial,1c96a098597262d3ac12d3a93f000b1709d585acb42269bd47f721d1f0c2516d
43836,27/07/2017 14:12,Problem Solving,5acfb4be53e18c25acfee95e065e5094dd67265e881a1c2097732efb62711a43
43837,27/07/2017 14:12,Problem Solving,5acfb4be53e18c25acfee95e065e5094dd67265e881a1c2097732efb62711a43
43838,27/07/2017 14:12,Lecture & Tutorial,5acfb4be53e18c25acfee95e065e5094dd67265e881a1c2097732efb62711a43
43839,27/07/2017 14:12,Problem Solving,5acfb4be53e18c25acfee95e065e5094dd67265e881a1c2097732efb62711a43
43840,27/07/2017 14:12,View Announcements,1c96a098597262d3ac12d3a93f000b1709d585acb42269bd47f721d1f0c2516d
43841,27/07/2017 14:12,View Announcements,09103d8e44cc3d6dcaf355d09c3d215fd0a53b7ceddf1068327192bac8a39425
43842,27/07/2017 14:12,View Announcements,5acfb4be53e18c25acfee95e065e5094dd67265e881a1c2097732efb62711a43
43843,27/07/2017 14:12,Question & Help,5acfb4be53e18c25acfee95e065e5094dd67265e881a1c2097732efb62711a43
43844,27/07/2017 14:12,Problem Solving,4a00cb9716b48eca4fd984334247de25f2bd2378ea6d54710c009eb588d36a11
43845,27/07/2017 14:12,Problem Solving,4a00cb9716b48eca4fd984334247de25f2bd2378ea6d54710c009eb588d36a11
43846,27/07/2017 14:11,Lecture & Tutorial,1c96a098597262d3ac12d3a93f000b1709d585acb42269bd47f721d1f0c2516d
43847,27/07/2017 14:11,View Announcements,1c96a098597262d3ac12d3a93f000b1709d585acb42269bd47f721d1f0c2516d
43848,27/07/2017 14:11,Projects,1c96a098597262d3ac12d3a93f000b1709d585acb42269bd47f721d1f0c2516d
43849,27/07/2017 14:11,View Announcements,9612d5c8a78495fc5ab9a8d67e46d6815910a14d04be045530fd7f039efa1483
43850,27/07/2017 14:11,View Announcements,9612d5c8a78495fc5ab9a8d67e46d6815910a14d04be045530fd7f039efa1483
43851,27/07/2017 14:11,Projects,1c96a098597262d3ac12d3a93f000b1709d585acb42269bd47f721d1f0c2516d
43852,27/07/2017 14:11,Projects,1c96a098597262d3ac12d3a93f000b1709d585acb42269bd47f721d1f0c2516d
43853,27/07/2017 14:11,Projects,1c96a098597262d3ac12d3a93f000b1709d585acb42269bd47f721d1f0c2516d
43854,27/07/2017 14:11,Projects,1c96a098597262d3ac12d3a93f000b1709d585acb42269bd47f721d1f0c2516d
43855,27/07/2017 14:11,Projects,1c96a098597262d3ac12d3a93f000b1709d585acb42269bd47f721d1f0c2516d
43856,27/07/2017 14:11,Projects,1c96a098597262d3ac12d3a93f000b1709d585acb42269bd47f721d1f0c2516d
43857,27/07/2017 14:11,Lecture & Tutorial,1c96a098597262d3ac12d3a93f000b1709d585acb42269bd47f721d1f0c2516d
43858,27/07/2017 14:11,View Announcements,1c96a098597262d3ac12d3a93f000b1709d585acb42269bd47f721d1f0c2516d
43859,27/07/2017 14:11,Assessment,ec164dcc72be49e98f70447030a573b0093f77c521bedd7ec6fe7b5692a46d8b
43860,27/07/2017 14:11,Projects,9e3a247a640b37beadf4604861921420970754a47b14091770af7c024cd6454c
43861,27/07/2017 14:11,View Announcements,ec164dcc72be49e98f70447030a573b0093f77c521bedd7ec6fe7b5692a46d8b
43862,27/07/2017 14:10,View Announcements,ec164dcc72be49e98f70447030a573b0093f77c521bedd7ec6fe7b5692a46d8b
43863,27/07/2017 14:10,View Announcements,ec164dcc72be49e98f70447030a573b0093f77c521bedd7ec6fe7b5692a46d8b
43864,27/07/2017 14:10,Materials,c0d50bd815954a4482302ac146d7b9a02ae3998a2e825a2e00ef331c8764a0b6
43865,27/07/2017 14:10,Lecture & Tutorial,c0d50bd815954a4482302ac146d7b9a02ae3998a2e825a2e00ef331c8764a0b6
43866,27/07/2017 14:10,Problem Solving,feee3766201ec9df127a8ffc990da8d523b316870ea340b9b0f118b18b77dc66
43867,27/07/2017 14:10,Projects,9e3a247a640b37beadf4604861921420970754a47b14091770af7c024cd6454c
43868,27/07/2017 14:10,Projects,9e3a247a640b37beadf4604861921420970754a47b14091770af7c024cd6454c
43869,27/07/2017 14:10,Materials,c0d50bd815954a4482302ac146d7b9a02ae3998a2e825a2e00ef331c8764a0b6
43870,27/07/2017 14:09,Materials,c0d50bd815954a4482302ac146d7b9a02ae3998a2e825a2e00ef331c8764a0b6
43871,27/07/2017 14:09,Projects,9e3a247a640b37beadf4604861921420970754a47b14091770af7c024cd6454c
43872,27/07/2017 14:09,Materials,c0d50bd815954a4482302ac146d7b9a02ae3998a2e825a2e00ef331c8764a0b6
43873,27/07/2017 14:09,Projects,9e3a247a640b37beadf4604861921420970754a47b14091770af7c024cd6454c
43874,27/07/2017 14:09,Projects,9e3a247a640b37beadf4604861921420970754a47b14091770af7c024cd6454c
43875,27/07/2017 14:09,Materials,c0d50bd815954a4482302ac146d7b9a02ae3998a2e825a2e00ef331c8764a0b6
43876,27/07/2017 14:09,Assessment,9e3a247a640b37beadf4604861921420970754a47b14091770af7c024cd6454c
43877,27/07/2017 14:09,View Announcements,9e3a247a640b37beadf4604861921420970754a47b14091770af7c024cd6454c
43878,27/07/2017 14:09,Lecture & Tutorial,9612d5c8a78495fc5ab9a8d67e46d6815910a14d04be045530fd7f039efa1483
43879,27/07/2017 14:09,Problem Solving,9612d5c8a78495fc5ab9a8d67e46d6815910a14d04be045530fd7f039efa1483
43880,27/07/2017 14:09,View Announcements,b8fd77ef069101d64a013340e31cc9ba9d65f0c58691b76b672835cfa71a5c97
43881,27/07/2017 14:09,Problem Solving,4a00cb9716b48eca4fd984334247de25f2bd2378ea6d54710c009eb588d36a11
43882,27/07/2017 14:09,Problem Solving,4a00cb9716b48eca4fd984334247de25f2bd2378ea6d54710c009eb588d36a11
43883,27/07/2017 14:09,View Announcements,b8fd77ef069101d64a013340e31cc9ba9d65f0c58691b76b672835cfa71a5c97
43884,27/07/2017 14:09,Problem Solving,4a00cb9716b48eca4fd984334247de25f2bd2378ea6d54710c009eb588d36a11
43885,27/07/2017 14:09,Problem Solving,4a00cb9716b48eca4fd984334247de25f2bd2378ea6d54710c009eb588d36a11
43886,27/07/2017 14:08,Problem Solving,4a00cb9716b48eca4fd984334247de25f2bd2378ea6d54710c009eb588d36a11
43887,27/07/2017 14:08,Problem Solving,4a00cb9716b48eca4fd984334247de25f2bd2378ea6d54710c009eb588d36a11
43888,27/07/2017 14:08,Problem Solving,31ba611001f378acff4c101bdd809688ad22289c2271a84032a606b5822a5c21
43889,27/07/2017 14:08,Problem Solving,31ba611001f378acff4c101bdd809688ad22289c2271a84032a606b5822a5c21
43890,27/07/2017 14:08,Problem Solving,31ba611001f378acff4c101bdd809688ad22289c2271a84032a606b5822a5c21
43891,27/07/2017 14:08,Problem Solving,4a00cb9716b48eca4fd984334247de25f2bd2378ea6d54710c009eb588d36a11
43892,27/07/2017 14:08,Problem Solving,4a00cb9716b48eca4fd984334247de25f2bd2378ea6d54710c009eb588d36a11
43893,27/07/2017 14:08,Problem Solving,4a00cb9716b48eca4fd984334247de25f2bd2378ea6d54710c009eb588d36a11
43894,27/07/2017 14:08,Problem Solving,4a00cb9716b48eca4fd984334247de25f2bd2378ea6d54710c009eb588d36a11
43895,27/07/2017 14:08,Problem Solving,4a00cb9716b48eca4fd984334247de25f2bd2378ea6d54710c009eb588d36a11
43896,27/07/2017 14:08,Problem Solving,4a00cb9716b48eca4fd984334247de25f2bd2378ea6d54710c009eb588d36a11
43897,27/07/2017 14:08,Problem Solving,4a00cb9716b48eca4fd984334247de25f2bd2378ea6d54710c009eb588d36a11
43898,27/07/2017 14:08,Problem Solving,4a00cb9716b48eca4fd984334247de25f2bd2378ea6d54710c009eb588d36a11
43899,27/07/2017 14:08,Projects,9e3a247a640b37beadf4604861921420970754a47b14091770af7c024cd6454c
43900,27/07/2017 14:07,Problem Solving,4a00cb9716b48eca4fd984334247de25f2bd2378ea6d54710c009eb588d36a11
43901,27/07/2017 14:07,Problem Solving,4a00cb9716b48eca4fd984334247de25f2bd2378ea6d54710c009eb588d36a11
43902,27/07/2017 14:07,Problem Solving,4a00cb9716b48eca4fd984334247de25f2bd2378ea6d54710c009eb588d36a11
43903,27/07/2017 14:07,Problem Solving,4a00cb9716b48eca4fd984334247de25f2bd2378ea6d54710c009eb588d36a11
43904,27/07/2017 14:07,Problem Solving,4a00cb9716b48eca4fd984334247de25f2bd2378ea6d54710c009eb588d36a11
43905,27/07/2017 14:07,Problem Solving,4a00cb9716b48eca4fd984334247de25f2bd2378ea6d54710c009eb588d36a11
43906,27/07/2017 14:07,Problem Solving,4a00cb9716b48eca4fd984334247de25f2bd2378ea6d54710c009eb588d36a11
43907,27/07/2017 14:07,Problem Solving,4a00cb9716b48eca4fd984334247de25f2bd2378ea6d54710c009eb588d36a11
43908,27/07/2017 14:07,Problem Solving,4a00cb9716b48eca4fd984334247de25f2bd2378ea6d54710c009eb588d36a11
43909,27/07/2017 14:07,Problem Solving,4a00cb9716b48eca4fd984334247de25f2bd2378ea6d54710c009eb588d36a11
43910,27/07/2017 14:06,Problem Solving,4a00cb9716b48eca4fd984334247de25f2bd2378ea6d54710c009eb588d36a11
43911,27/07/2017 14:06,Problem Solving,4a00cb9716b48eca4fd984334247de25f2bd2378ea6d54710c009eb588d36a11
43912,27/07/2017 14:06,Materials,725ce235a55b376514ee25e3b7a58febd1e3c2faf47a155be5f019b8526f8bf3
43913,27/07/2017 14:06,Projects,963a19db20983f565308ae7c5f3c279e3674587004208873b0d4fb5a32b31d5a
43914,27/07/2017 14:06,Problem Solving,4a00cb9716b48eca4fd984334247de25f2bd2378ea6d54710c009eb588d36a11
43915,27/07/2017 14:06,Problem Solving,4a00cb9716b48eca4fd984334247de25f2bd2378ea6d54710c009eb588d36a11
43916,27/07/2017 14:06,Materials,c0d50bd815954a4482302ac146d7b9a02ae3998a2e825a2e00ef331c8764a0b6
43917,27/07/2017 14:06,Projects,963a19db20983f565308ae7c5f3c279e3674587004208873b0d4fb5a32b31d5a
43918,27/07/2017 14:06,Projects,963a19db20983f565308ae7c5f3c279e3674587004208873b0d4fb5a32b31d5a
43919,27/07/2017 14:06,Problem Solving,4a00cb9716b48eca4fd984334247de25f2bd2378ea6d54710c009eb588d36a11
43920,27/07/2017 14:06,Problem Solving,4a00cb9716b48eca4fd984334247de25f2bd2378ea6d54710c009eb588d36a11
43921,27/07/2017 14:06,Problem Solving,4a00cb9716b48eca4fd984334247de25f2bd2378ea6d54710c009eb588d36a11
43922,27/07/2017 14:06,Projects,963a19db20983f565308ae7c5f3c279e3674587004208873b0d4fb5a32b31d5a
43923,27/07/2017 14:06,Problem Solving,4a00cb9716b48eca4fd984334247de25f2bd2378ea6d54710c009eb588d36a11
43924,27/07/2017 14:06,Projects,963a19db20983f565308ae7c5f3c279e3674587004208873b0d4fb5a32b31d5a
43925,27/07/2017 14:06,Projects,963a19db20983f565308ae7c5f3c279e3674587004208873b0d4fb5a32b31d5a
43926,27/07/2017 14:06,Materials,725ce235a55b376514ee25e3b7a58febd1e3c2faf47a155be5f019b8526f8bf3
43927,27/07/2017 14:06,Assessment,963a19db20983f565308ae7c5f3c279e3674587004208873b0d4fb5a32b31d5a
43928,27/07/2017 14:06,Problem Solving,feee3766201ec9df127a8ffc990da8d523b316870ea340b9b0f118b18b77dc66
43929,27/07/2017 14:06,Problem Solving,feee3766201ec9df127a8ffc990da8d523b316870ea340b9b0f118b18b77dc66
43930,27/07/2017 14:06,Problem Solving,4a00cb9716b48eca4fd984334247de25f2bd2378ea6d54710c009eb588d36a11
43931,27/07/2017 14:06,Problem Solving,4a00cb9716b48eca4fd984334247de25f2bd2378ea6d54710c009eb588d36a11
43932,27/07/2017 14:06,View Announcements,963a19db20983f565308ae7c5f3c279e3674587004208873b0d4fb5a32b31d5a
43933,27/07/2017 14:06,Lecture & Tutorial,963a19db20983f565308ae7c5f3c279e3674587004208873b0d4fb5a32b31d5a
43934,27/07/2017 14:06,Materials,963a19db20983f565308ae7c5f3c279e3674587004208873b0d4fb5a32b31d5a
43935,27/07/2017 14:06,Problem Solving,963a19db20983f565308ae7c5f3c279e3674587004208873b0d4fb5a32b31d5a
43936,27/07/2017 14:06,Problem Solving,963a19db20983f565308ae7c5f3c279e3674587004208873b0d4fb5a32b31d5a
43937,27/07/2017 14:06,Lecture & Tutorial,963a19db20983f565308ae7c5f3c279e3674587004208873b0d4fb5a32b31d5a
43938,27/07/2017 14:05,Problem Solving,4a00cb9716b48eca4fd984334247de25f2bd2378ea6d54710c009eb588d36a11
43939,27/07/2017 14:05,Problem Solving,4a00cb9716b48eca4fd984334247de25f2bd2378ea6d54710c009eb588d36a11
43940,27/07/2017 14:05,Materials,725ce235a55b376514ee25e3b7a58febd1e3c2faf47a155be5f019b8526f8bf3
43941,27/07/2017 14:05,Materials,725ce235a55b376514ee25e3b7a58febd1e3c2faf47a155be5f019b8526f8bf3
43942,27/07/2017 14:05,Projects,9e3a247a640b37beadf4604861921420970754a47b14091770af7c024cd6454c
43943,27/07/2017 14:05,Materials,c0d50bd815954a4482302ac146d7b9a02ae3998a2e825a2e00ef331c8764a0b6
43944,27/07/2017 14:05,Materials,c0d50bd815954a4482302ac146d7b9a02ae3998a2e825a2e00ef331c8764a0b6
43945,27/07/2017 14:05,Materials,c0d50bd815954a4482302ac146d7b9a02ae3998a2e825a2e00ef331c8764a0b6
43946,27/07/2017 14:05,View Announcements,09103d8e44cc3d6dcaf355d09c3d215fd0a53b7ceddf1068327192bac8a39425
43947,27/07/2017 14:05,View Announcements,09103d8e44cc3d6dcaf355d09c3d215fd0a53b7ceddf1068327192bac8a39425
43948,27/07/2017 14:04,Problem Solving,feee3766201ec9df127a8ffc990da8d523b316870ea340b9b0f118b18b77dc66
43949,27/07/2017 14:04,Problem Solving,4a00cb9716b48eca4fd984334247de25f2bd2378ea6d54710c009eb588d36a11
43950,27/07/2017 14:04,Problem Solving,4a00cb9716b48eca4fd984334247de25f2bd2378ea6d54710c009eb588d36a11
43951,27/07/2017 14:04,Projects,dd585ac87ed72a874699c44095dd9d6b8ccfaf9e7fd9fd4c949e95d466023236
43952,27/07/2017 14:04,Projects,6ab29b15fd9436a5ff0370849dffa8a9c9cc63355f635a9d39f1fd13b8462892
43953,27/07/2017 14:04,Projects,dd585ac87ed72a874699c44095dd9d6b8ccfaf9e7fd9fd4c949e95d466023236
43954,27/07/2017 14:04,Lecture & Tutorial,16d83368c32b544d2befc8c0d4511fd08a6d0b860878c189f888ce437437b076
43955,27/07/2017 14:04,Projects,6ab29b15fd9436a5ff0370849dffa8a9c9cc63355f635a9d39f1fd13b8462892
43956,27/07/2017 14:04,Problem Solving,feee3766201ec9df127a8ffc990da8d523b316870ea340b9b0f118b18b77dc66
43957,27/07/2017 14:04,Problem Solving,feee3766201ec9df127a8ffc990da8d523b316870ea340b9b0f118b18b77dc66
43958,27/07/2017 14:04,Problem Solving,feee3766201ec9df127a8ffc990da8d523b316870ea340b9b0f118b18b77dc66
43959,27/07/2017 14:04,Assessment,dd585ac87ed72a874699c44095dd9d6b8ccfaf9e7fd9fd4c949e95d466023236
43960,27/07/2017 14:04,Problem Solving,feee3766201ec9df127a8ffc990da8d523b316870ea340b9b0f118b18b77dc66
43961,27/07/2017 14:04,Lecture & Tutorial,feee3766201ec9df127a8ffc990da8d523b316870ea340b9b0f118b18b77dc66
43962,27/07/2017 14:04,Problem Solving,feee3766201ec9df127a8ffc990da8d523b316870ea340b9b0f118b18b77dc66
43963,27/07/2017 14:04,Lecture & Tutorial,16d83368c32b544d2befc8c0d4511fd08a6d0b860878c189f888ce437437b076
43964,27/07/2017 14:04,Problem Solving,4a00cb9716b48eca4fd984334247de25f2bd2378ea6d54710c009eb588d36a11
43965,27/07/2017 14:04,Problem Solving,4a00cb9716b48eca4fd984334247de25f2bd2378ea6d54710c009eb588d36a11
43966,27/07/2017 14:04,Lecture & Tutorial,16d83368c32b544d2befc8c0d4511fd08a6d0b860878c189f888ce437437b076
43967,27/07/2017 14:04,Materials,ed556cdc0404b786c3103af3dd6280287a0c4d23736f376ebd927c791ff9d5ca
43968,27/07/2017 14:04,Projects,6ab29b15fd9436a5ff0370849dffa8a9c9cc63355f635a9d39f1fd13b8462892
43969,27/07/2017 14:04,Materials,ed556cdc0404b786c3103af3dd6280287a0c4d23736f376ebd927c791ff9d5ca
43970,27/07/2017 14:04,Problem Solving,4a00cb9716b48eca4fd984334247de25f2bd2378ea6d54710c009eb588d36a11
43971,27/07/2017 14:04,Problem Solving,4a00cb9716b48eca4fd984334247de25f2bd2378ea6d54710c009eb588d36a11
43972,27/07/2017 14:04,View Announcements,dd585ac87ed72a874699c44095dd9d6b8ccfaf9e7fd9fd4c949e95d466023236
43973,27/07/2017 14:04,Problem Solving,4a00cb9716b48eca4fd984334247de25f2bd2378ea6d54710c009eb588d36a11
43974,27/07/2017 14:04,Problem Solving,4a00cb9716b48eca4fd984334247de25f2bd2378ea6d54710c009eb588d36a11
43975,27/07/2017 14:04,Projects,6ab29b15fd9436a5ff0370849dffa8a9c9cc63355f635a9d39f1fd13b8462892
43976,27/07/2017 14:04,Materials,ed556cdc0404b786c3103af3dd6280287a0c4d23736f376ebd927c791ff9d5ca
43977,27/07/2017 14:04,Materials,ed556cdc0404b786c3103af3dd6280287a0c4d23736f376ebd927c791ff9d5ca
43978,27/07/2017 14:04,Problem Solving,4a00cb9716b48eca4fd984334247de25f2bd2378ea6d54710c009eb588d36a11
43979,27/07/2017 14:04,Problem Solving,4a00cb9716b48eca4fd984334247de25f2bd2378ea6d54710c009eb588d36a11
43980,27/07/2017 14:04,Problem Solving,4a00cb9716b48eca4fd984334247de25f2bd2378ea6d54710c009eb588d36a11
43981,27/07/2017 14:04,Problem Solving,4a00cb9716b48eca4fd984334247de25f2bd2378ea6d54710c009eb588d36a11
43982,27/07/2017 14:03,Projects,9e3a247a640b37beadf4604861921420970754a47b14091770af7c024cd6454c
43983,27/07/2017 14:03,Projects,9e3a247a640b37beadf4604861921420970754a47b14091770af7c024cd6454c
43984,27/07/2017 14:03,View Announcements,16d83368c32b544d2befc8c0d4511fd08a6d0b860878c189f888ce437437b076
43985,27/07/2017 14:03,Assessment,9e3a247a640b37beadf4604861921420970754a47b14091770af7c024cd6454c
43986,27/07/2017 14:03,View Announcements,9e3a247a640b37beadf4604861921420970754a47b14091770af7c024cd6454c
43987,27/07/2017 14:03,Problem Solving,4a00cb9716b48eca4fd984334247de25f2bd2378ea6d54710c009eb588d36a11
43988,27/07/2017 14:03,Problem Solving,4a00cb9716b48eca4fd984334247de25f2bd2378ea6d54710c009eb588d36a11
43989,27/07/2017 14:03,Materials,ed556cdc0404b786c3103af3dd6280287a0c4d23736f376ebd927c791ff9d5ca
43990,27/07/2017 14:03,Problem Solving,4a00cb9716b48eca4fd984334247de25f2bd2378ea6d54710c009eb588d36a11
43991,27/07/2017 14:03,Problem Solving,4a00cb9716b48eca4fd984334247de25f2bd2378ea6d54710c009eb588d36a11
43992,27/07/2017 14:03,View Announcements,c0d50bd815954a4482302ac146d7b9a02ae3998a2e825a2e00ef331c8764a0b6
43993,27/07/2017 14:02,Problem Solving,4a00cb9716b48eca4fd984334247de25f2bd2378ea6d54710c009eb588d36a11
43994,27/07/2017 14:02,Problem Solving,4a00cb9716b48eca4fd984334247de25f2bd2378ea6d54710c009eb588d36a11
43995,27/07/2017 14:02,Problem Solving,4a00cb9716b48eca4fd984334247de25f2bd2378ea6d54710c009eb588d36a11
43996,27/07/2017 14:02,View Announcements,51c2ed35ee7f07dcb568689f2b0f2c0ac01522ae1ba177cb57668e6143488f12
43997,27/07/2017 14:02,Problem Solving,4a00cb9716b48eca4fd984334247de25f2bd2378ea6d54710c009eb588d36a11
43998,27/07/2017 14:02,Problem Solving,4a00cb9716b48eca4fd984334247de25f2bd2378ea6d54710c009eb588d36a11
43999,27/07/2017 14:02,Problem Solving,4a00cb9716b48eca4fd984334247de25f2bd2378ea6d54710c009eb588d36a11
44000,27/07/2017 14:02,Problem Solving,4a00cb9716b48eca4fd984334247de25f2bd2378ea6d54710c009eb588d36a11
44001,27/07/2017 14:02,Materials,0ede77e5ccfc407e4e001d09300a2b352008ef68e19a2383fb261f3aa4b54a57
44002,27/07/2017 14:02,Problem Solving,4a00cb9716b48eca4fd984334247de25f2bd2378ea6d54710c009eb588d36a11
44003,27/07/2017 14:02,Problem Solving,4a00cb9716b48eca4fd984334247de25f2bd2378ea6d54710c009eb588d36a11
44004,27/07/2017 14:02,Materials,0ede77e5ccfc407e4e001d09300a2b352008ef68e19a2383fb261f3aa4b54a57
44005,27/07/2017 14:02,Lecture & Tutorial,0ede77e5ccfc407e4e001d09300a2b352008ef68e19a2383fb261f3aa4b54a57
44006,27/07/2017 14:02,View Announcements,0ede77e5ccfc407e4e001d09300a2b352008ef68e19a2383fb261f3aa4b54a57
44007,27/07/2017 14:02,Problem Solving,4a00cb9716b48eca4fd984334247de25f2bd2378ea6d54710c009eb588d36a11
44008,27/07/2017 14:02,Problem Solving,4a00cb9716b48eca4fd984334247de25f2bd2378ea6d54710c009eb588d36a11
44009,27/07/2017 14:01,Projects,b0d75e706bafec3be4731354edde84e2264aa10a829e5f22e9f9c2dcb658d41f
44010,27/07/2017 14:01,Projects,b0d75e706bafec3be4731354edde84e2264aa10a829e5f22e9f9c2dcb658d41f
44011,27/07/2017 14:01,Problem Solving,4a00cb9716b48eca4fd984334247de25f2bd2378ea6d54710c009eb588d36a11
44012,27/07/2017 14:01,Problem Solving,4a00cb9716b48eca4fd984334247de25f2bd2378ea6d54710c009eb588d36a11
44013,27/07/2017 14:01,Assessment,b0d75e706bafec3be4731354edde84e2264aa10a829e5f22e9f9c2dcb658d41f
44014,27/07/2017 14:01,Problem Solving,4a00cb9716b48eca4fd984334247de25f2bd2378ea6d54710c009eb588d36a11
44015,27/07/2017 14:01,Problem Solving,4a00cb9716b48eca4fd984334247de25f2bd2378ea6d54710c009eb588d36a11
44016,27/07/2017 14:01,View Announcements,b0d75e706bafec3be4731354edde84e2264aa10a829e5f22e9f9c2dcb658d41f
44017,27/07/2017 14:01,Lecture & Tutorial,ec164dcc72be49e98f70447030a573b0093f77c521bedd7ec6fe7b5692a46d8b
44018,27/07/2017 14:01,Problem Solving,4a00cb9716b48eca4fd984334247de25f2bd2378ea6d54710c009eb588d36a11
44019,27/07/2017 14:01,Problem Solving,4a00cb9716b48eca4fd984334247de25f2bd2378ea6d54710c009eb588d36a11
44020,27/07/2017 14:01,Lecture & Tutorial,ec164dcc72be49e98f70447030a573b0093f77c521bedd7ec6fe7b5692a46d8b
44021,27/07/2017 14:01,Lecture & Tutorial,ec164dcc72be49e98f70447030a573b0093f77c521bedd7ec6fe7b5692a46d8b
44022,27/07/2017 14:01,Lecture & Tutorial,ec164dcc72be49e98f70447030a573b0093f77c521bedd7ec6fe7b5692a46d8b
44023,27/07/2017 14:01,Problem Solving,4a00cb9716b48eca4fd984334247de25f2bd2378ea6d54710c009eb588d36a11
44024,27/07/2017 14:01,Problem Solving,4a00cb9716b48eca4fd984334247de25f2bd2378ea6d54710c009eb588d36a11
44025,27/07/2017 14:01,Problem Solving,4a00cb9716b48eca4fd984334247de25f2bd2378ea6d54710c009eb588d36a11
44026,27/07/2017 14:01,Problem Solving,4a00cb9716b48eca4fd984334247de25f2bd2378ea6d54710c009eb588d36a11
44027,27/07/2017 14:01,Problem Solving,4a00cb9716b48eca4fd984334247de25f2bd2378ea6d54710c009eb588d36a11
44028,27/07/2017 14:01,Problem Solving,4a00cb9716b48eca4fd984334247de25f2bd2378ea6d54710c009eb588d36a11
44029,27/07/2017 14:00,Problem Solving,4a00cb9716b48eca4fd984334247de25f2bd2378ea6d54710c009eb588d36a11
44030,27/07/2017 14:00,Problem Solving,4a00cb9716b48eca4fd984334247de25f2bd2378ea6d54710c009eb588d36a11
44031,27/07/2017 14:00,Instruction file,1cd5ae642fde5efa0acd913e7233d30f1ae2b537a951d4fef28d037e15cf41bd
44032,27/07/2017 14:00,Problem Solving,4a00cb9716b48eca4fd984334247de25f2bd2378ea6d54710c009eb588d36a11
44033,27/07/2017 14:00,Problem Solving,4a00cb9716b48eca4fd984334247de25f2bd2378ea6d54710c009eb588d36a11
44034,27/07/2017 14:00,Problem Solving,4a00cb9716b48eca4fd984334247de25f2bd2378ea6d54710c009eb588d36a11
44035,27/07/2017 14:00,Problem Solving,4a00cb9716b48eca4fd984334247de25f2bd2378ea6d54710c009eb588d36a11
44036,27/07/2017 14:00,Problem Solving,4a00cb9716b48eca4fd984334247de25f2bd2378ea6d54710c009eb588d36a11
44037,27/07/2017 14:00,Problem Solving,4a00cb9716b48eca4fd984334247de25f2bd2378ea6d54710c009eb588d36a11
44038,27/07/2017 13:59,View Announcements,2df0b082d1fc0febd63605b16ea9eea79fb3cd574f00995676bce1ca254ed7ab
44039,27/07/2017 13:59,Materials,c0d50bd815954a4482302ac146d7b9a02ae3998a2e825a2e00ef331c8764a0b6
44040,27/07/2017 13:59,Materials,c0d50bd815954a4482302ac146d7b9a02ae3998a2e825a2e00ef331c8764a0b6
44041,27/07/2017 13:59,Materials,09103d8e44cc3d6dcaf355d09c3d215fd0a53b7ceddf1068327192bac8a39425
44042,27/07/2017 13:59,Materials,09103d8e44cc3d6dcaf355d09c3d215fd0a53b7ceddf1068327192bac8a39425
44043,27/07/2017 13:59,Materials,09103d8e44cc3d6dcaf355d09c3d215fd0a53b7ceddf1068327192bac8a39425
44044,27/07/2017 13:59,Materials,09103d8e44cc3d6dcaf355d09c3d215fd0a53b7ceddf1068327192bac8a39425
44045,27/07/2017 13:59,Problem Solving,4a00cb9716b48eca4fd984334247de25f2bd2378ea6d54710c009eb588d36a11
44046,27/07/2017 13:59,Problem Solving,4a00cb9716b48eca4fd984334247de25f2bd2378ea6d54710c009eb588d36a11
44047,27/07/2017 13:59,Lecture & Tutorial,09103d8e44cc3d6dcaf355d09c3d215fd0a53b7ceddf1068327192bac8a39425
44048,27/07/2017 13:59,Problem Solving,4a00cb9716b48eca4fd984334247de25f2bd2378ea6d54710c009eb588d36a11
44049,27/07/2017 13:59,Problem Solving,4a00cb9716b48eca4fd984334247de25f2bd2378ea6d54710c009eb588d36a11
44050,27/07/2017 13:59,Problem Solving,4a00cb9716b48eca4fd984334247de25f2bd2378ea6d54710c009eb588d36a11
44051,27/07/2017 13:59,Problem Solving,4a00cb9716b48eca4fd984334247de25f2bd2378ea6d54710c009eb588d36a11
44052,27/07/2017 13:58,Problem Solving,4a00cb9716b48eca4fd984334247de25f2bd2378ea6d54710c009eb588d36a11
44053,27/07/2017 13:58,Problem Solving,4a00cb9716b48eca4fd984334247de25f2bd2378ea6d54710c009eb588d36a11
44054,27/07/2017 13:58,Problem Solving,4a00cb9716b48eca4fd984334247de25f2bd2378ea6d54710c009eb588d36a11
44055,27/07/2017 13:58,Problem Solving,4a00cb9716b48eca4fd984334247de25f2bd2378ea6d54710c009eb588d36a11
44056,27/07/2017 13:58,Problem Solving,4a00cb9716b48eca4fd984334247de25f2bd2378ea6d54710c009eb588d36a11
44057,27/07/2017 13:58,Problem Solving,4a00cb9716b48eca4fd984334247de25f2bd2378ea6d54710c009eb588d36a11
44058,27/07/2017 13:58,Problem Solving,4a00cb9716b48eca4fd984334247de25f2bd2378ea6d54710c009eb588d36a11
44059,27/07/2017 13:58,Problem Solving,4a00cb9716b48eca4fd984334247de25f2bd2378ea6d54710c009eb588d36a11
44060,27/07/2017 13:58,Problem Solving,4a00cb9716b48eca4fd984334247de25f2bd2378ea6d54710c009eb588d36a11
44061,27/07/2017 13:58,Problem Solving,4a00cb9716b48eca4fd984334247de25f2bd2378ea6d54710c009eb588d36a11
44062,27/07/2017 13:58,Problem Solving,4a00cb9716b48eca4fd984334247de25f2bd2378ea6d54710c009eb588d36a11
44063,27/07/2017 13:58,Problem Solving,4a00cb9716b48eca4fd984334247de25f2bd2378ea6d54710c009eb588d36a11
44064,27/07/2017 13:57,Instruction file,1cd5ae642fde5efa0acd913e7233d30f1ae2b537a951d4fef28d037e15cf41bd
44065,27/07/2017 13:57,Instruction file,1cd5ae642fde5efa0acd913e7233d30f1ae2b537a951d4fef28d037e15cf41bd
44066,27/07/2017 13:57,Problem Solving,4a00cb9716b48eca4fd984334247de25f2bd2378ea6d54710c009eb588d36a11
44067,27/07/2017 13:57,Problem Solving,4a00cb9716b48eca4fd984334247de25f2bd2378ea6d54710c009eb588d36a11
44068,27/07/2017 13:57,Problem Solving,4a00cb9716b48eca4fd984334247de25f2bd2378ea6d54710c009eb588d36a11
44069,27/07/2017 13:57,Problem Solving,4a00cb9716b48eca4fd984334247de25f2bd2378ea6d54710c009eb588d36a11
44070,27/07/2017 13:57,Problem Solving,4a00cb9716b48eca4fd984334247de25f2bd2378ea6d54710c009eb588d36a11
44071,27/07/2017 13:57,Problem Solving,4a00cb9716b48eca4fd984334247de25f2bd2378ea6d54710c009eb588d36a11
44072,27/07/2017 13:57,Problem Solving,4a00cb9716b48eca4fd984334247de25f2bd2378ea6d54710c009eb588d36a11
44073,27/07/2017 13:57,Problem Solving,4a00cb9716b48eca4fd984334247de25f2bd2378ea6d54710c009eb588d36a11
44074,27/07/2017 13:57,Problem Solving,4a00cb9716b48eca4fd984334247de25f2bd2378ea6d54710c009eb588d36a11
44075,27/07/2017 13:57,Problem Solving,4a00cb9716b48eca4fd984334247de25f2bd2378ea6d54710c009eb588d36a11
44076,27/07/2017 13:56,Problem Solving,4a00cb9716b48eca4fd984334247de25f2bd2378ea6d54710c009eb588d36a11
44077,27/07/2017 13:56,Problem Solving,4a00cb9716b48eca4fd984334247de25f2bd2378ea6d54710c009eb588d36a11
44078,27/07/2017 13:56,Problem Solving,4a00cb9716b48eca4fd984334247de25f2bd2378ea6d54710c009eb588d36a11
44079,27/07/2017 13:56,Problem Solving,4a00cb9716b48eca4fd984334247de25f2bd2378ea6d54710c009eb588d36a11
44080,27/07/2017 13:56,Materials,51c2ed35ee7f07dcb568689f2b0f2c0ac01522ae1ba177cb57668e6143488f12
44081,27/07/2017 13:56,Materials,51c2ed35ee7f07dcb568689f2b0f2c0ac01522ae1ba177cb57668e6143488f12
44082,27/07/2017 13:55,Problem Solving,4a00cb9716b48eca4fd984334247de25f2bd2378ea6d54710c009eb588d36a11
44083,27/07/2017 13:55,Problem Solving,4a00cb9716b48eca4fd984334247de25f2bd2378ea6d54710c009eb588d36a11
44084,27/07/2017 13:54,Problem Solving,4a00cb9716b48eca4fd984334247de25f2bd2378ea6d54710c009eb588d36a11
44085,27/07/2017 13:54,Problem Solving,4a00cb9716b48eca4fd984334247de25f2bd2378ea6d54710c009eb588d36a11
44086,27/07/2017 13:54,Problem Solving,4a00cb9716b48eca4fd984334247de25f2bd2378ea6d54710c009eb588d36a11
44087,27/07/2017 13:54,Problem Solving,4a00cb9716b48eca4fd984334247de25f2bd2378ea6d54710c009eb588d36a11
44088,27/07/2017 13:54,Problem Solving,4a00cb9716b48eca4fd984334247de25f2bd2378ea6d54710c009eb588d36a11
44089,27/07/2017 13:54,Problem Solving,4a00cb9716b48eca4fd984334247de25f2bd2378ea6d54710c009eb588d36a11
44090,27/07/2017 13:54,Problem Solving,4a00cb9716b48eca4fd984334247de25f2bd2378ea6d54710c009eb588d36a11
44091,27/07/2017 13:54,Problem Solving,4a00cb9716b48eca4fd984334247de25f2bd2378ea6d54710c009eb588d36a11
44092,27/07/2017 13:53,Materials,c0d50bd815954a4482302ac146d7b9a02ae3998a2e825a2e00ef331c8764a0b6
44093,27/07/2017 13:53,Problem Solving,4a00cb9716b48eca4fd984334247de25f2bd2378ea6d54710c009eb588d36a11
44094,27/07/2017 13:53,Problem Solving,4a00cb9716b48eca4fd984334247de25f2bd2378ea6d54710c009eb588d36a11
44095,27/07/2017 13:53,Materials,c0d50bd815954a4482302ac146d7b9a02ae3998a2e825a2e00ef331c8764a0b6
44096,27/07/2017 13:53,Problem Solving,4a00cb9716b48eca4fd984334247de25f2bd2378ea6d54710c009eb588d36a11
44097,27/07/2017 13:53,Problem Solving,4a00cb9716b48eca4fd984334247de25f2bd2378ea6d54710c009eb588d36a11
44098,27/07/2017 13:52,Problem Solving,4a00cb9716b48eca4fd984334247de25f2bd2378ea6d54710c009eb588d36a11
44099,27/07/2017 13:52,Problem Solving,4a00cb9716b48eca4fd984334247de25f2bd2378ea6d54710c009eb588d36a11
44100,27/07/2017 13:52,Problem Solving,4a00cb9716b48eca4fd984334247de25f2bd2378ea6d54710c009eb588d36a11
44101,27/07/2017 13:52,Problem Solving,4a00cb9716b48eca4fd984334247de25f2bd2378ea6d54710c009eb588d36a11
44102,27/07/2017 13:51,Materials,c0d50bd815954a4482302ac146d7b9a02ae3998a2e825a2e00ef331c8764a0b6
44103,27/07/2017 13:51,Lecture & Tutorial,c0d50bd815954a4482302ac146d7b9a02ae3998a2e825a2e00ef331c8764a0b6
44104,27/07/2017 13:51,Problem Solving,31ba611001f378acff4c101bdd809688ad22289c2271a84032a606b5822a5c21
44105,27/07/2017 13:51,Problem Solving,31ba611001f378acff4c101bdd809688ad22289c2271a84032a606b5822a5c21
44106,27/07/2017 13:51,Problem Solving,31ba611001f378acff4c101bdd809688ad22289c2271a84032a606b5822a5c21
44107,27/07/2017 13:51,Problem Solving,31ba611001f378acff4c101bdd809688ad22289c2271a84032a606b5822a5c21
44108,27/07/2017 13:50,Problem Solving,31ba611001f378acff4c101bdd809688ad22289c2271a84032a606b5822a5c21
44109,27/07/2017 13:50,View Announcements,c0d50bd815954a4482302ac146d7b9a02ae3998a2e825a2e00ef331c8764a0b6
44110,27/07/2017 13:50,Problem Solving,31ba611001f378acff4c101bdd809688ad22289c2271a84032a606b5822a5c21
44111,27/07/2017 13:49,Problem Solving,31ba611001f378acff4c101bdd809688ad22289c2271a84032a606b5822a5c21
44112,27/07/2017 13:49,Lecture & Tutorial,31ba611001f378acff4c101bdd809688ad22289c2271a84032a606b5822a5c21
44113,27/07/2017 13:49,Materials,31ba611001f378acff4c101bdd809688ad22289c2271a84032a606b5822a5c21
44114,27/07/2017 13:49,Materials,31ba611001f378acff4c101bdd809688ad22289c2271a84032a606b5822a5c21
44115,27/07/2017 13:49,Materials,31ba611001f378acff4c101bdd809688ad22289c2271a84032a606b5822a5c21
44116,27/07/2017 13:49,Materials,31ba611001f378acff4c101bdd809688ad22289c2271a84032a606b5822a5c21
44117,27/07/2017 13:49,Materials,31ba611001f378acff4c101bdd809688ad22289c2271a84032a606b5822a5c21
44118,27/07/2017 13:48,Materials,31ba611001f378acff4c101bdd809688ad22289c2271a84032a606b5822a5c21
44119,27/07/2017 13:48,Materials,31ba611001f378acff4c101bdd809688ad22289c2271a84032a606b5822a5c21
44120,27/07/2017 13:48,Materials,31ba611001f378acff4c101bdd809688ad22289c2271a84032a606b5822a5c21
44121,27/07/2017 13:48,Materials,31ba611001f378acff4c101bdd809688ad22289c2271a84032a606b5822a5c21
44122,27/07/2017 13:48,Materials,31ba611001f378acff4c101bdd809688ad22289c2271a84032a606b5822a5c21
44123,27/07/2017 13:48,Materials,31ba611001f378acff4c101bdd809688ad22289c2271a84032a606b5822a5c21
44124,27/07/2017 13:48,Materials,31ba611001f378acff4c101bdd809688ad22289c2271a84032a606b5822a5c21
44125,27/07/2017 13:48,Materials,31ba611001f378acff4c101bdd809688ad22289c2271a84032a606b5822a5c21
44126,27/07/2017 13:48,Instruction file,1cd5ae642fde5efa0acd913e7233d30f1ae2b537a951d4fef28d037e15cf41bd
44127,27/07/2017 13:48,Instruction file,1cd5ae642fde5efa0acd913e7233d30f1ae2b537a951d4fef28d037e15cf41bd
44128,27/07/2017 13:48,Instruction file,1cd5ae642fde5efa0acd913e7233d30f1ae2b537a951d4fef28d037e15cf41bd
44129,27/07/2017 13:48,Instruction file,1cd5ae642fde5efa0acd913e7233d30f1ae2b537a951d4fef28d037e15cf41bd
44130,27/07/2017 13:47,Instruction file,1cd5ae642fde5efa0acd913e7233d30f1ae2b537a951d4fef28d037e15cf41bd
44131,27/07/2017 13:47,Lecture & Tutorial,1cd5ae642fde5efa0acd913e7233d30f1ae2b537a951d4fef28d037e15cf41bd
44132,27/07/2017 13:47,Instruction file,1cd5ae642fde5efa0acd913e7233d30f1ae2b537a951d4fef28d037e15cf41bd
44133,27/07/2017 13:47,Lecture & Tutorial,1cd5ae642fde5efa0acd913e7233d30f1ae2b537a951d4fef28d037e15cf41bd
44134,27/07/2017 13:47,Materials,1cd5ae642fde5efa0acd913e7233d30f1ae2b537a951d4fef28d037e15cf41bd
44135,27/07/2017 13:47,Problem Solving,77e83b98d5cf9a713f41b975324ca6d9d7c1b3a8101c8a83b42fd883cbac4f12
44136,27/07/2017 13:47,Instruction file,1cd5ae642fde5efa0acd913e7233d30f1ae2b537a951d4fef28d037e15cf41bd
44137,27/07/2017 13:47,Lecture & Tutorial,1cd5ae642fde5efa0acd913e7233d30f1ae2b537a951d4fef28d037e15cf41bd
44138,27/07/2017 13:47,Lecture & Tutorial,77e83b98d5cf9a713f41b975324ca6d9d7c1b3a8101c8a83b42fd883cbac4f12
44139,27/07/2017 13:47,Problem Solving,77e83b98d5cf9a713f41b975324ca6d9d7c1b3a8101c8a83b42fd883cbac4f12
44140,27/07/2017 13:47,Problem Solving,77e83b98d5cf9a713f41b975324ca6d9d7c1b3a8101c8a83b42fd883cbac4f12
44141,27/07/2017 13:47,Materials,1cd5ae642fde5efa0acd913e7233d30f1ae2b537a951d4fef28d037e15cf41bd
44142,27/07/2017 13:46,Assessment,1cd5ae642fde5efa0acd913e7233d30f1ae2b537a951d4fef28d037e15cf41bd
44143,27/07/2017 13:46,Projects,6ab29b15fd9436a5ff0370849dffa8a9c9cc63355f635a9d39f1fd13b8462892
44144,27/07/2017 13:46,Projects,6ab29b15fd9436a5ff0370849dffa8a9c9cc63355f635a9d39f1fd13b8462892
44145,27/07/2017 13:46,Materials,31ba611001f378acff4c101bdd809688ad22289c2271a84032a606b5822a5c21
44146,27/07/2017 13:46,Projects,6ab29b15fd9436a5ff0370849dffa8a9c9cc63355f635a9d39f1fd13b8462892
44147,27/07/2017 13:46,MOOCchat,1cd5ae642fde5efa0acd913e7233d30f1ae2b537a951d4fef28d037e15cf41bd
44148,27/07/2017 13:46,MOOCchat,1cd5ae642fde5efa0acd913e7233d30f1ae2b537a951d4fef28d037e15cf41bd
44149,27/07/2017 13:46,Materials,1cd5ae642fde5efa0acd913e7233d30f1ae2b537a951d4fef28d037e15cf41bd
44150,27/07/2017 13:46,Assessment,1cd5ae642fde5efa0acd913e7233d30f1ae2b537a951d4fef28d037e15cf41bd
44151,27/07/2017 13:46,Materials,31ba611001f378acff4c101bdd809688ad22289c2271a84032a606b5822a5c21
44152,27/07/2017 13:46,Materials,1cd5ae642fde5efa0acd913e7233d30f1ae2b537a951d4fef28d037e15cf41bd
44153,27/07/2017 13:46,Assessment,1cd5ae642fde5efa0acd913e7233d30f1ae2b537a951d4fef28d037e15cf41bd
44154,27/07/2017 13:46,Lecture & Tutorial,2c265cf741dde06fe65737b5bb56e5f984bf3c309e515ccce24bef11976268c2
44155,27/07/2017 13:46,Lecture & Tutorial,2c265cf741dde06fe65737b5bb56e5f984bf3c309e515ccce24bef11976268c2
44156,27/07/2017 13:46,Lecture & Tutorial,2c265cf741dde06fe65737b5bb56e5f984bf3c309e515ccce24bef11976268c2
44157,27/07/2017 13:46,Lecture & Tutorial,2c265cf741dde06fe65737b5bb56e5f984bf3c309e515ccce24bef11976268c2
44158,27/07/2017 13:46,Lecture & Tutorial,2c265cf741dde06fe65737b5bb56e5f984bf3c309e515ccce24bef11976268c2
44159,27/07/2017 13:46,Lecture & Tutorial,2c265cf741dde06fe65737b5bb56e5f984bf3c309e515ccce24bef11976268c2
44160,27/07/2017 13:46,Lecture & Tutorial,2c265cf741dde06fe65737b5bb56e5f984bf3c309e515ccce24bef11976268c2
44161,27/07/2017 13:46,Lecture & Tutorial,2c265cf741dde06fe65737b5bb56e5f984bf3c309e515ccce24bef11976268c2
44162,27/07/2017 13:46,Lecture & Tutorial,2c265cf741dde06fe65737b5bb56e5f984bf3c309e515ccce24bef11976268c2
44163,27/07/2017 13:46,Question & Help,1cd5ae642fde5efa0acd913e7233d30f1ae2b537a951d4fef28d037e15cf41bd
44164,27/07/2017 13:46,View Announcements,1cd5ae642fde5efa0acd913e7233d30f1ae2b537a951d4fef28d037e15cf41bd
44165,27/07/2017 13:46,Lecture & Tutorial,2c265cf741dde06fe65737b5bb56e5f984bf3c309e515ccce24bef11976268c2
44166,27/07/2017 13:46,Lecture & Tutorial,2c265cf741dde06fe65737b5bb56e5f984bf3c309e515ccce24bef11976268c2
44167,27/07/2017 13:46,Lecture & Tutorial,2c265cf741dde06fe65737b5bb56e5f984bf3c309e515ccce24bef11976268c2
44168,27/07/2017 13:46,Lecture & Tutorial,2c265cf741dde06fe65737b5bb56e5f984bf3c309e515ccce24bef11976268c2
44169,27/07/2017 13:46,Lecture & Tutorial,2c265cf741dde06fe65737b5bb56e5f984bf3c309e515ccce24bef11976268c2
44170,27/07/2017 13:46,Lecture & Tutorial,2c265cf741dde06fe65737b5bb56e5f984bf3c309e515ccce24bef11976268c2
44171,27/07/2017 13:46,Lecture & Tutorial,2c265cf741dde06fe65737b5bb56e5f984bf3c309e515ccce24bef11976268c2
44172,27/07/2017 13:46,Projects,6ab29b15fd9436a5ff0370849dffa8a9c9cc63355f635a9d39f1fd13b8462892
44173,27/07/2017 13:45,Problem Solving,4a00cb9716b48eca4fd984334247de25f2bd2378ea6d54710c009eb588d36a11
44174,27/07/2017 13:45,Assessment,6ab29b15fd9436a5ff0370849dffa8a9c9cc63355f635a9d39f1fd13b8462892
44175,27/07/2017 13:45,View Announcements,6ab29b15fd9436a5ff0370849dffa8a9c9cc63355f635a9d39f1fd13b8462892
44176,27/07/2017 13:45,Question & Help,1cd5ae642fde5efa0acd913e7233d30f1ae2b537a951d4fef28d037e15cf41bd
44177,27/07/2017 13:45,View Announcements,1cd5ae642fde5efa0acd913e7233d30f1ae2b537a951d4fef28d037e15cf41bd
44178,27/07/2017 13:45,View Announcements,1cd5ae642fde5efa0acd913e7233d30f1ae2b537a951d4fef28d037e15cf41bd
44179,27/07/2017 13:45,Instruction file,1cd5ae642fde5efa0acd913e7233d30f1ae2b537a951d4fef28d037e15cf41bd
44180,27/07/2017 13:45,View Announcements,725ce235a55b376514ee25e3b7a58febd1e3c2faf47a155be5f019b8526f8bf3
44181,27/07/2017 13:45,View Announcements,1cd5ae642fde5efa0acd913e7233d30f1ae2b537a951d4fef28d037e15cf41bd
44182,27/07/2017 13:45,Materials,31ba611001f378acff4c101bdd809688ad22289c2271a84032a606b5822a5c21
44183,27/07/2017 13:45,Materials,31ba611001f378acff4c101bdd809688ad22289c2271a84032a606b5822a5c21
44184,27/07/2017 13:45,Question & Help,1cd5ae642fde5efa0acd913e7233d30f1ae2b537a951d4fef28d037e15cf41bd
44185,27/07/2017 13:45,Materials,31ba611001f378acff4c101bdd809688ad22289c2271a84032a606b5822a5c21
44186,27/07/2017 13:45,View Announcements,725ce235a55b376514ee25e3b7a58febd1e3c2faf47a155be5f019b8526f8bf3
44187,27/07/2017 13:45,Materials,31ba611001f378acff4c101bdd809688ad22289c2271a84032a606b5822a5c21
44188,27/07/2017 13:44,Materials,31ba611001f378acff4c101bdd809688ad22289c2271a84032a606b5822a5c21
44189,27/07/2017 13:44,Materials,31ba611001f378acff4c101bdd809688ad22289c2271a84032a606b5822a5c21
44190,27/07/2017 13:44,Projects,1cd5ae642fde5efa0acd913e7233d30f1ae2b537a951d4fef28d037e15cf41bd
44191,27/07/2017 13:44,View Announcements,1cd5ae642fde5efa0acd913e7233d30f1ae2b537a951d4fef28d037e15cf41bd
44192,27/07/2017 13:44,View Announcements,1cd5ae642fde5efa0acd913e7233d30f1ae2b537a951d4fef28d037e15cf41bd
44193,27/07/2017 13:44,Assessment,1cd5ae642fde5efa0acd913e7233d30f1ae2b537a951d4fef28d037e15cf41bd
44194,27/07/2017 13:44,Assessment,1cd5ae642fde5efa0acd913e7233d30f1ae2b537a951d4fef28d037e15cf41bd
44195,27/07/2017 13:44,Assessment,1cd5ae642fde5efa0acd913e7233d30f1ae2b537a951d4fef28d037e15cf41bd
44196,27/07/2017 13:44,Assessment,1cd5ae642fde5efa0acd913e7233d30f1ae2b537a951d4fef28d037e15cf41bd
44197,27/07/2017 13:44,View Announcements,1cd5ae642fde5efa0acd913e7233d30f1ae2b537a951d4fef28d037e15cf41bd
44198,27/07/2017 13:44,View Announcements,1cd5ae642fde5efa0acd913e7233d30f1ae2b537a951d4fef28d037e15cf41bd
44199,27/07/2017 13:44,Lecture & Tutorial,1cd5ae642fde5efa0acd913e7233d30f1ae2b537a951d4fef28d037e15cf41bd
44200,27/07/2017 13:43,Materials,51c2ed35ee7f07dcb568689f2b0f2c0ac01522ae1ba177cb57668e6143488f12
44201,27/07/2017 13:43,Materials,51c2ed35ee7f07dcb568689f2b0f2c0ac01522ae1ba177cb57668e6143488f12
44202,27/07/2017 13:43,Materials,51c2ed35ee7f07dcb568689f2b0f2c0ac01522ae1ba177cb57668e6143488f12
44203,27/07/2017 13:43,Problem Solving,1cd5ae642fde5efa0acd913e7233d30f1ae2b537a951d4fef28d037e15cf41bd
44204,27/07/2017 13:43,Lecture & Tutorial,1cd5ae642fde5efa0acd913e7233d30f1ae2b537a951d4fef28d037e15cf41bd
44205,27/07/2017 13:43,View Announcements,1cd5ae642fde5efa0acd913e7233d30f1ae2b537a951d4fef28d037e15cf41bd
44206,27/07/2017 13:43,Lecture & Tutorial,1cd5ae642fde5efa0acd913e7233d30f1ae2b537a951d4fef28d037e15cf41bd
44207,27/07/2017 13:43,Lecture & Tutorial,1cd5ae642fde5efa0acd913e7233d30f1ae2b537a951d4fef28d037e15cf41bd
44208,27/07/2017 13:43,Lecture & Tutorial,1cd5ae642fde5efa0acd913e7233d30f1ae2b537a951d4fef28d037e15cf41bd
44209,27/07/2017 13:42,View Announcements,2df0b082d1fc0febd63605b16ea9eea79fb3cd574f00995676bce1ca254ed7ab
44210,27/07/2017 13:42,View Announcements,1cd5ae642fde5efa0acd913e7233d30f1ae2b537a951d4fef28d037e15cf41bd
44211,27/07/2017 13:41,Materials,31ba611001f378acff4c101bdd809688ad22289c2271a84032a606b5822a5c21
44212,27/07/2017 13:40,Materials,31ba611001f378acff4c101bdd809688ad22289c2271a84032a606b5822a5c21
44213,27/07/2017 13:40,Problem Solving,4a00cb9716b48eca4fd984334247de25f2bd2378ea6d54710c009eb588d36a11
44214,27/07/2017 13:40,Problem Solving,4a00cb9716b48eca4fd984334247de25f2bd2378ea6d54710c009eb588d36a11
44215,27/07/2017 13:40,Materials,31ba611001f378acff4c101bdd809688ad22289c2271a84032a606b5822a5c21
44216,27/07/2017 13:40,Materials,31ba611001f378acff4c101bdd809688ad22289c2271a84032a606b5822a5c21
44217,27/07/2017 13:39,Materials,725ce235a55b376514ee25e3b7a58febd1e3c2faf47a155be5f019b8526f8bf3
44218,27/07/2017 13:39,Materials,725ce235a55b376514ee25e3b7a58febd1e3c2faf47a155be5f019b8526f8bf3
44219,27/07/2017 13:38,Projects,0d375eabadd7c9bc4b4e9beb1001b1e5dea5d1b14ce2870cf3678eaa037e7783
44220,27/07/2017 13:38,Projects,0d375eabadd7c9bc4b4e9beb1001b1e5dea5d1b14ce2870cf3678eaa037e7783
44221,27/07/2017 13:38,Assessment,0d375eabadd7c9bc4b4e9beb1001b1e5dea5d1b14ce2870cf3678eaa037e7783
44222,27/07/2017 13:38,View Announcements,0d375eabadd7c9bc4b4e9beb1001b1e5dea5d1b14ce2870cf3678eaa037e7783
44223,27/07/2017 13:38,Question & Help,31ba611001f378acff4c101bdd809688ad22289c2271a84032a606b5822a5c21
44224,27/07/2017 13:38,Lecture & Tutorial,8a3b9ebdffd32d33d655c50a6274d8dd963d2eb7f8469cccefc5594c663ad798
44225,27/07/2017 13:38,Lecture & Tutorial,8a3b9ebdffd32d33d655c50a6274d8dd963d2eb7f8469cccefc5594c663ad798
44226,27/07/2017 13:38,Lecture & Tutorial,8a3b9ebdffd32d33d655c50a6274d8dd963d2eb7f8469cccefc5594c663ad798
44227,27/07/2017 13:37,View Announcements,8a3b9ebdffd32d33d655c50a6274d8dd963d2eb7f8469cccefc5594c663ad798
44228,27/07/2017 13:37,Question & Help,8a3b9ebdffd32d33d655c50a6274d8dd963d2eb7f8469cccefc5594c663ad798
44229,27/07/2017 13:37,View Announcements,31ba611001f378acff4c101bdd809688ad22289c2271a84032a606b5822a5c21
44230,27/07/2017 13:37,Materials,725ce235a55b376514ee25e3b7a58febd1e3c2faf47a155be5f019b8526f8bf3
44231,27/07/2017 13:37,Materials,725ce235a55b376514ee25e3b7a58febd1e3c2faf47a155be5f019b8526f8bf3
44232,27/07/2017 13:34,View Announcements,31ba611001f378acff4c101bdd809688ad22289c2271a84032a606b5822a5c21
44233,27/07/2017 13:32,Materials,31ba611001f378acff4c101bdd809688ad22289c2271a84032a606b5822a5c21
44234,27/07/2017 13:32,Materials,31ba611001f378acff4c101bdd809688ad22289c2271a84032a606b5822a5c21
44235,27/07/2017 13:32,View Announcements,3ebaf98ee183a7df6b0555405b736dfced4a220f400a0e7faea7c8f722b74b83
44236,27/07/2017 13:31,Lecture & Tutorial,31ba611001f378acff4c101bdd809688ad22289c2271a84032a606b5822a5c21
44237,27/07/2017 13:31,Materials,31ba611001f378acff4c101bdd809688ad22289c2271a84032a606b5822a5c21
44238,27/07/2017 13:31,Projects,8018e7378ffcf8ffc8c81d9ca80b7f242a5b9ffe6e7bcb17c50621569b218464
44239,27/07/2017 13:31,Projects,8018e7378ffcf8ffc8c81d9ca80b7f242a5b9ffe6e7bcb17c50621569b218464
44240,27/07/2017 13:31,Assessment,8018e7378ffcf8ffc8c81d9ca80b7f242a5b9ffe6e7bcb17c50621569b218464
44241,27/07/2017 13:31,View Announcements,8018e7378ffcf8ffc8c81d9ca80b7f242a5b9ffe6e7bcb17c50621569b218464
44242,27/07/2017 13:29,Lecture & Tutorial,350aaa5ffd76d0805ec258b130e15dcedcbf783a6ca8d5bfc6a2737cfa43e777
44243,27/07/2017 13:29,Lecture & Tutorial,350aaa5ffd76d0805ec258b130e15dcedcbf783a6ca8d5bfc6a2737cfa43e777
44244,27/07/2017 13:29,Lecture & Tutorial,350aaa5ffd76d0805ec258b130e15dcedcbf783a6ca8d5bfc6a2737cfa43e777
44245,27/07/2017 13:29,Lecture & Tutorial,350aaa5ffd76d0805ec258b130e15dcedcbf783a6ca8d5bfc6a2737cfa43e777
44246,27/07/2017 13:29,Lecture & Tutorial,350aaa5ffd76d0805ec258b130e15dcedcbf783a6ca8d5bfc6a2737cfa43e777
44247,27/07/2017 13:29,Lecture & Tutorial,350aaa5ffd76d0805ec258b130e15dcedcbf783a6ca8d5bfc6a2737cfa43e777
44248,27/07/2017 13:29,Lecture & Tutorial,350aaa5ffd76d0805ec258b130e15dcedcbf783a6ca8d5bfc6a2737cfa43e777
44249,27/07/2017 13:29,Lecture & Tutorial,350aaa5ffd76d0805ec258b130e15dcedcbf783a6ca8d5bfc6a2737cfa43e777
44250,27/07/2017 13:28,Projects,c1db0f0876f4e3614d220599a2b7f9a2ac3e05a367f4bcc6c39fa8b023a3ad49
44251,27/07/2017 13:28,Projects,c1db0f0876f4e3614d220599a2b7f9a2ac3e05a367f4bcc6c39fa8b023a3ad49
44252,27/07/2017 13:28,Lecture & Tutorial,c1db0f0876f4e3614d220599a2b7f9a2ac3e05a367f4bcc6c39fa8b023a3ad49
44253,27/07/2017 13:25,Problem Solving,4a00cb9716b48eca4fd984334247de25f2bd2378ea6d54710c009eb588d36a11
44254,27/07/2017 13:25,Problem Solving,4a00cb9716b48eca4fd984334247de25f2bd2378ea6d54710c009eb588d36a11
44255,27/07/2017 13:25,Lecture & Tutorial,4a00cb9716b48eca4fd984334247de25f2bd2378ea6d54710c009eb588d36a11
44256,27/07/2017 13:24,Lecture & Tutorial,31ba611001f378acff4c101bdd809688ad22289c2271a84032a606b5822a5c21
44257,27/07/2017 13:24,Lecture & Tutorial,31ba611001f378acff4c101bdd809688ad22289c2271a84032a606b5822a5c21
44258,27/07/2017 13:23,Lecture & Tutorial,31ba611001f378acff4c101bdd809688ad22289c2271a84032a606b5822a5c21
44259,27/07/2017 13:23,Lecture & Tutorial,31ba611001f378acff4c101bdd809688ad22289c2271a84032a606b5822a5c21
44260,27/07/2017 13:23,Lecture & Tutorial,eb32878babaadfc8f8871930e3c67be1442e7ede6e11c526a180b5a75182e583
44261,27/07/2017 13:21,View Announcements,939d17cc9c35d36a287d54beec9c479deffb9879b8351eca30ced5e71e3337f8
44262,27/07/2017 13:21,View Announcements,939d17cc9c35d36a287d54beec9c479deffb9879b8351eca30ced5e71e3337f8
44263,27/07/2017 13:21,Projects,31ba611001f378acff4c101bdd809688ad22289c2271a84032a606b5822a5c21
44264,27/07/2017 13:21,Projects,31ba611001f378acff4c101bdd809688ad22289c2271a84032a606b5822a5c21
44265,27/07/2017 13:21,Projects,31ba611001f378acff4c101bdd809688ad22289c2271a84032a606b5822a5c21
44266,27/07/2017 13:20,View Announcements,ac6468d79fcff254453e74a3fa0e6f02333b26da6a63650c45a3aa8f314acd84
44267,27/07/2017 13:20,Lecture & Tutorial,eb32878babaadfc8f8871930e3c67be1442e7ede6e11c526a180b5a75182e583
44268,27/07/2017 13:20,View Announcements,8baafce1a1aa94ed859ba77c812eac8de97a8fc1e99fa140ddb8f05f337193b4
44269,27/07/2017 13:19,Projects,31ba611001f378acff4c101bdd809688ad22289c2271a84032a606b5822a5c21
44270,27/07/2017 13:19,Lecture & Tutorial,31ba611001f378acff4c101bdd809688ad22289c2271a84032a606b5822a5c21
44271,27/07/2017 13:19,View Announcements,8baafce1a1aa94ed859ba77c812eac8de97a8fc1e99fa140ddb8f05f337193b4
44272,27/07/2017 13:19,View Announcements,8baafce1a1aa94ed859ba77c812eac8de97a8fc1e99fa140ddb8f05f337193b4
44273,27/07/2017 13:19,View Announcements,8baafce1a1aa94ed859ba77c812eac8de97a8fc1e99fa140ddb8f05f337193b4
44274,27/07/2017 13:19,Lecture & Tutorial,eb32878babaadfc8f8871930e3c67be1442e7ede6e11c526a180b5a75182e583
44275,27/07/2017 13:19,Lecture & Tutorial,eb32878babaadfc8f8871930e3c67be1442e7ede6e11c526a180b5a75182e583
44276,27/07/2017 13:19,Lecture & Tutorial,eb32878babaadfc8f8871930e3c67be1442e7ede6e11c526a180b5a75182e583
44277,27/07/2017 13:19,Lecture & Tutorial,eb32878babaadfc8f8871930e3c67be1442e7ede6e11c526a180b5a75182e583
44278,27/07/2017 13:19,Assessment,05c52f8214648b37eae8ec1406d237b2c1627411a12dc6bb27a48cc639df6b0e
44279,27/07/2017 13:19,Assessment,05c52f8214648b37eae8ec1406d237b2c1627411a12dc6bb27a48cc639df6b0e
44280,27/07/2017 13:19,Assessment,05c52f8214648b37eae8ec1406d237b2c1627411a12dc6bb27a48cc639df6b0e
44281,27/07/2017 13:19,View Announcements,05c52f8214648b37eae8ec1406d237b2c1627411a12dc6bb27a48cc639df6b0e
44282,27/07/2017 13:18,Materials,e5f9007076d90733fa6060a445feb5f2d967214f2c645b0be4a42f3d9550abcc
44283,27/07/2017 13:18,Assessment,e5f9007076d90733fa6060a445feb5f2d967214f2c645b0be4a42f3d9550abcc
44284,27/07/2017 13:18,View Announcements,e5f9007076d90733fa6060a445feb5f2d967214f2c645b0be4a42f3d9550abcc
44285,27/07/2017 13:17,Assessment,e5f9007076d90733fa6060a445feb5f2d967214f2c645b0be4a42f3d9550abcc
44286,27/07/2017 13:17,Assessment,e5f9007076d90733fa6060a445feb5f2d967214f2c645b0be4a42f3d9550abcc
44287,27/07/2017 13:17,Assessment,e5f9007076d90733fa6060a445feb5f2d967214f2c645b0be4a42f3d9550abcc
44288,27/07/2017 13:10,Assessment,e5f9007076d90733fa6060a445feb5f2d967214f2c645b0be4a42f3d9550abcc
44289,27/07/2017 13:10,Assessment,e5f9007076d90733fa6060a445feb5f2d967214f2c645b0be4a42f3d9550abcc
44290,27/07/2017 13:10,Materials,e994198cba1fd67cbd6876f1ffb9ae532ed4009f40d1c7c5406fee8c0b393120
44291,27/07/2017 13:10,View Announcements,e5f9007076d90733fa6060a445feb5f2d967214f2c645b0be4a42f3d9550abcc
44292,27/07/2017 13:10,Assessment,e5f9007076d90733fa6060a445feb5f2d967214f2c645b0be4a42f3d9550abcc
44293,27/07/2017 13:10,Materials,e994198cba1fd67cbd6876f1ffb9ae532ed4009f40d1c7c5406fee8c0b393120
44294,27/07/2017 13:10,Lecture & Tutorial,e994198cba1fd67cbd6876f1ffb9ae532ed4009f40d1c7c5406fee8c0b393120
44295,27/07/2017 13:10,Materials,e5f9007076d90733fa6060a445feb5f2d967214f2c645b0be4a42f3d9550abcc
44296,27/07/2017 13:09,Assessment,e5f9007076d90733fa6060a445feb5f2d967214f2c645b0be4a42f3d9550abcc
44297,27/07/2017 13:09,View Announcements,e5f9007076d90733fa6060a445feb5f2d967214f2c645b0be4a42f3d9550abcc
44298,27/07/2017 13:09,Assessment,e5f9007076d90733fa6060a445feb5f2d967214f2c645b0be4a42f3d9550abcc
44299,27/07/2017 13:09,Materials,51c2ed35ee7f07dcb568689f2b0f2c0ac01522ae1ba177cb57668e6143488f12
44300,27/07/2017 13:09,Lecture & Tutorial,51c2ed35ee7f07dcb568689f2b0f2c0ac01522ae1ba177cb57668e6143488f12
44301,27/07/2017 13:09,Projects,e994198cba1fd67cbd6876f1ffb9ae532ed4009f40d1c7c5406fee8c0b393120
44302,27/07/2017 13:09,View Announcements,e5f9007076d90733fa6060a445feb5f2d967214f2c645b0be4a42f3d9550abcc
44303,27/07/2017 13:09,Projects,e994198cba1fd67cbd6876f1ffb9ae532ed4009f40d1c7c5406fee8c0b393120
44304,27/07/2017 13:09,Projects,e994198cba1fd67cbd6876f1ffb9ae532ed4009f40d1c7c5406fee8c0b393120
44305,27/07/2017 13:08,Materials,e5f9007076d90733fa6060a445feb5f2d967214f2c645b0be4a42f3d9550abcc
44306,27/07/2017 13:08,Lecture & Tutorial,e5f9007076d90733fa6060a445feb5f2d967214f2c645b0be4a42f3d9550abcc
44307,27/07/2017 13:08,Projects,e994198cba1fd67cbd6876f1ffb9ae532ed4009f40d1c7c5406fee8c0b393120
44308,27/07/2017 13:08,Projects,e994198cba1fd67cbd6876f1ffb9ae532ed4009f40d1c7c5406fee8c0b393120
44309,27/07/2017 13:08,Lecture & Tutorial,e994198cba1fd67cbd6876f1ffb9ae532ed4009f40d1c7c5406fee8c0b393120
44310,27/07/2017 13:07,View Announcements,cf1688dff7175704f423cd616dec28c8e47b26e9471e8b1b90017c881c4819a4
44311,27/07/2017 13:05,View Announcements,939d17cc9c35d36a287d54beec9c479deffb9879b8351eca30ced5e71e3337f8
44312,27/07/2017 13:05,View Announcements,939d17cc9c35d36a287d54beec9c479deffb9879b8351eca30ced5e71e3337f8
44313,27/07/2017 13:04,Materials,e994198cba1fd67cbd6876f1ffb9ae532ed4009f40d1c7c5406fee8c0b393120
44314,27/07/2017 13:04,Lecture & Tutorial,e994198cba1fd67cbd6876f1ffb9ae532ed4009f40d1c7c5406fee8c0b393120
44315,27/07/2017 13:03,Lecture & Tutorial,e994198cba1fd67cbd6876f1ffb9ae532ed4009f40d1c7c5406fee8c0b393120
44316,27/07/2017 13:03,Lecture & Tutorial,e994198cba1fd67cbd6876f1ffb9ae532ed4009f40d1c7c5406fee8c0b393120
44317,27/07/2017 13:03,Lecture & Tutorial,e994198cba1fd67cbd6876f1ffb9ae532ed4009f40d1c7c5406fee8c0b393120
44318,27/07/2017 13:03,Lecture & Tutorial,e994198cba1fd67cbd6876f1ffb9ae532ed4009f40d1c7c5406fee8c0b393120
44319,27/07/2017 13:03,Materials,2c265cf741dde06fe65737b5bb56e5f984bf3c309e515ccce24bef11976268c2
44320,27/07/2017 13:03,Materials,2c265cf741dde06fe65737b5bb56e5f984bf3c309e515ccce24bef11976268c2
44321,27/07/2017 13:03,Lecture & Tutorial,476c07c46528aeb46efb29f8994817cff8cf1f5a06c11c5d1794828ed5094a8a
44322,27/07/2017 13:03,Lecture & Tutorial,476c07c46528aeb46efb29f8994817cff8cf1f5a06c11c5d1794828ed5094a8a
44323,27/07/2017 13:03,Materials,2c265cf741dde06fe65737b5bb56e5f984bf3c309e515ccce24bef11976268c2
44324,27/07/2017 13:02,Materials,2c265cf741dde06fe65737b5bb56e5f984bf3c309e515ccce24bef11976268c2
44325,27/07/2017 13:02,Materials,2c265cf741dde06fe65737b5bb56e5f984bf3c309e515ccce24bef11976268c2
44326,27/07/2017 13:02,Materials,2c265cf741dde06fe65737b5bb56e5f984bf3c309e515ccce24bef11976268c2
44327,27/07/2017 13:02,Materials,2c265cf741dde06fe65737b5bb56e5f984bf3c309e515ccce24bef11976268c2
44328,27/07/2017 13:02,View Announcements,c231590f7844593c994a2fc4b91c90c6ab8ec68567b53a1c27794e3ee1321ad2
44329,27/07/2017 13:02,Problem Solving,476c07c46528aeb46efb29f8994817cff8cf1f5a06c11c5d1794828ed5094a8a
44330,27/07/2017 13:02,Problem Solving,476c07c46528aeb46efb29f8994817cff8cf1f5a06c11c5d1794828ed5094a8a
44331,27/07/2017 13:02,Problem Solving,476c07c46528aeb46efb29f8994817cff8cf1f5a06c11c5d1794828ed5094a8a
44332,27/07/2017 13:02,View Announcements,c231590f7844593c994a2fc4b91c90c6ab8ec68567b53a1c27794e3ee1321ad2
44333,27/07/2017 13:02,Problem Solving,476c07c46528aeb46efb29f8994817cff8cf1f5a06c11c5d1794828ed5094a8a
44334,27/07/2017 13:02,Problem Solving,e994198cba1fd67cbd6876f1ffb9ae532ed4009f40d1c7c5406fee8c0b393120
44335,27/07/2017 13:02,Lecture & Tutorial,c231590f7844593c994a2fc4b91c90c6ab8ec68567b53a1c27794e3ee1321ad2
44336,27/07/2017 13:01,Problem Solving,476c07c46528aeb46efb29f8994817cff8cf1f5a06c11c5d1794828ed5094a8a
44337,27/07/2017 13:01,Problem Solving,476c07c46528aeb46efb29f8994817cff8cf1f5a06c11c5d1794828ed5094a8a
44338,27/07/2017 13:01,Projects,c231590f7844593c994a2fc4b91c90c6ab8ec68567b53a1c27794e3ee1321ad2
44339,27/07/2017 13:01,Lecture & Tutorial,476c07c46528aeb46efb29f8994817cff8cf1f5a06c11c5d1794828ed5094a8a
44340,27/07/2017 13:01,Problem Solving,476c07c46528aeb46efb29f8994817cff8cf1f5a06c11c5d1794828ed5094a8a
44341,27/07/2017 13:01,Problem Solving,e994198cba1fd67cbd6876f1ffb9ae532ed4009f40d1c7c5406fee8c0b393120
44342,27/07/2017 13:01,View Announcements,2574c044825c7f0276ca84a210771d019091c5920283d1e1ac28d6ab5ea3463f
44343,27/07/2017 13:01,View Announcements,476c07c46528aeb46efb29f8994817cff8cf1f5a06c11c5d1794828ed5094a8a
44344,27/07/2017 13:01,View Announcements,476c07c46528aeb46efb29f8994817cff8cf1f5a06c11c5d1794828ed5094a8a
44345,27/07/2017 13:01,Problem Solving,e994198cba1fd67cbd6876f1ffb9ae532ed4009f40d1c7c5406fee8c0b393120
44346,27/07/2017 13:01,Materials,2574c044825c7f0276ca84a210771d019091c5920283d1e1ac28d6ab5ea3463f
44347,27/07/2017 13:01,Assessment,2574c044825c7f0276ca84a210771d019091c5920283d1e1ac28d6ab5ea3463f
44348,27/07/2017 13:00,View Announcements,2574c044825c7f0276ca84a210771d019091c5920283d1e1ac28d6ab5ea3463f
44349,27/07/2017 13:00,Materials,2c265cf741dde06fe65737b5bb56e5f984bf3c309e515ccce24bef11976268c2
44350,27/07/2017 13:00,View Announcements,2574c044825c7f0276ca84a210771d019091c5920283d1e1ac28d6ab5ea3463f
44351,27/07/2017 13:00,Problem Solving,2574c044825c7f0276ca84a210771d019091c5920283d1e1ac28d6ab5ea3463f
44352,27/07/2017 13:00,Problem Solving,2574c044825c7f0276ca84a210771d019091c5920283d1e1ac28d6ab5ea3463f
44353,27/07/2017 13:00,Materials,2c265cf741dde06fe65737b5bb56e5f984bf3c309e515ccce24bef11976268c2
44354,27/07/2017 13:00,Materials,2c265cf741dde06fe65737b5bb56e5f984bf3c309e515ccce24bef11976268c2
44355,27/07/2017 13:00,Problem Solving,2574c044825c7f0276ca84a210771d019091c5920283d1e1ac28d6ab5ea3463f
44356,27/07/2017 13:00,Materials,2c265cf741dde06fe65737b5bb56e5f984bf3c309e515ccce24bef11976268c2
44357,27/07/2017 13:00,Problem Solving,2574c044825c7f0276ca84a210771d019091c5920283d1e1ac28d6ab5ea3463f
44358,27/07/2017 13:00,Assessment,2574c044825c7f0276ca84a210771d019091c5920283d1e1ac28d6ab5ea3463f
44359,27/07/2017 13:00,View Announcements,2574c044825c7f0276ca84a210771d019091c5920283d1e1ac28d6ab5ea3463f
44360,27/07/2017 12:59,Problem Solving,e994198cba1fd67cbd6876f1ffb9ae532ed4009f40d1c7c5406fee8c0b393120
44361,27/07/2017 12:59,Lecture & Tutorial,e994198cba1fd67cbd6876f1ffb9ae532ed4009f40d1c7c5406fee8c0b393120
44362,27/07/2017 12:59,Problem Solving,e994198cba1fd67cbd6876f1ffb9ae532ed4009f40d1c7c5406fee8c0b393120
44363,27/07/2017 12:56,Materials,2c265cf741dde06fe65737b5bb56e5f984bf3c309e515ccce24bef11976268c2
44364,27/07/2017 12:56,Materials,2c265cf741dde06fe65737b5bb56e5f984bf3c309e515ccce24bef11976268c2
44365,27/07/2017 12:56,Materials,725ce235a55b376514ee25e3b7a58febd1e3c2faf47a155be5f019b8526f8bf3
44366,27/07/2017 12:56,Materials,2c265cf741dde06fe65737b5bb56e5f984bf3c309e515ccce24bef11976268c2
44367,27/07/2017 12:55,Materials,2c265cf741dde06fe65737b5bb56e5f984bf3c309e515ccce24bef11976268c2
44368,27/07/2017 12:55,Materials,2c265cf741dde06fe65737b5bb56e5f984bf3c309e515ccce24bef11976268c2
44369,27/07/2017 12:55,Materials,2c265cf741dde06fe65737b5bb56e5f984bf3c309e515ccce24bef11976268c2
44370,27/07/2017 12:54,Instruction file,725ce235a55b376514ee25e3b7a58febd1e3c2faf47a155be5f019b8526f8bf3
44371,27/07/2017 12:54,Instruction file,725ce235a55b376514ee25e3b7a58febd1e3c2faf47a155be5f019b8526f8bf3
44372,27/07/2017 12:54,Instruction file,725ce235a55b376514ee25e3b7a58febd1e3c2faf47a155be5f019b8526f8bf3
44373,27/07/2017 12:54,Instruction file,725ce235a55b376514ee25e3b7a58febd1e3c2faf47a155be5f019b8526f8bf3
44374,27/07/2017 12:54,View Announcements,ff91a53eedd2e4e65e919722c0dc59d4cdf343a1896694c173f87b8f33458bbd
44375,27/07/2017 12:54,Lecture & Tutorial,725ce235a55b376514ee25e3b7a58febd1e3c2faf47a155be5f019b8526f8bf3
44376,27/07/2017 12:54,Instruction file,725ce235a55b376514ee25e3b7a58febd1e3c2faf47a155be5f019b8526f8bf3
44377,27/07/2017 12:54,Lecture & Tutorial,725ce235a55b376514ee25e3b7a58febd1e3c2faf47a155be5f019b8526f8bf3
44378,27/07/2017 12:54,Projects,725ce235a55b376514ee25e3b7a58febd1e3c2faf47a155be5f019b8526f8bf3
44379,27/07/2017 12:54,Lecture & Tutorial,ef5718590119dfcd2137a2fe2f7eee4358bf38272ef22ff192a357096f025815
44380,27/07/2017 12:54,Materials,ef5718590119dfcd2137a2fe2f7eee4358bf38272ef22ff192a357096f025815
44381,27/07/2017 12:54,Lecture & Tutorial,725ce235a55b376514ee25e3b7a58febd1e3c2faf47a155be5f019b8526f8bf3
44382,27/07/2017 12:54,Materials,725ce235a55b376514ee25e3b7a58febd1e3c2faf47a155be5f019b8526f8bf3
44383,27/07/2017 12:54,Materials,2c265cf741dde06fe65737b5bb56e5f984bf3c309e515ccce24bef11976268c2
44384,27/07/2017 12:54,Lecture & Tutorial,725ce235a55b376514ee25e3b7a58febd1e3c2faf47a155be5f019b8526f8bf3
44385,27/07/2017 12:54,Lecture & Tutorial,725ce235a55b376514ee25e3b7a58febd1e3c2faf47a155be5f019b8526f8bf3
44386,27/07/2017 12:54,Lecture & Tutorial,725ce235a55b376514ee25e3b7a58febd1e3c2faf47a155be5f019b8526f8bf3
44387,27/07/2017 12:54,Problem Solving,ef5718590119dfcd2137a2fe2f7eee4358bf38272ef22ff192a357096f025815
44388,27/07/2017 12:54,Problem Solving,ef5718590119dfcd2137a2fe2f7eee4358bf38272ef22ff192a357096f025815
44389,27/07/2017 12:54,Lecture & Tutorial,ef5718590119dfcd2137a2fe2f7eee4358bf38272ef22ff192a357096f025815
44390,27/07/2017 12:53,Materials,2c265cf741dde06fe65737b5bb56e5f984bf3c309e515ccce24bef11976268c2
44391,27/07/2017 12:53,Assessment,e65ae81483dbcd838a94c4ebbba58383e59aaf69a6d1749a3271f3c296dff5b4
44392,27/07/2017 12:53,Assessment,e65ae81483dbcd838a94c4ebbba58383e59aaf69a6d1749a3271f3c296dff5b4
44393,27/07/2017 12:53,Assessment,e65ae81483dbcd838a94c4ebbba58383e59aaf69a6d1749a3271f3c296dff5b4
44394,27/07/2017 12:53,Assessment,e65ae81483dbcd838a94c4ebbba58383e59aaf69a6d1749a3271f3c296dff5b4
44395,27/07/2017 12:53,View Announcements,e65ae81483dbcd838a94c4ebbba58383e59aaf69a6d1749a3271f3c296dff5b4
44396,27/07/2017 12:53,Assessment,e65ae81483dbcd838a94c4ebbba58383e59aaf69a6d1749a3271f3c296dff5b4
44397,27/07/2017 12:52,View Announcements,e65ae81483dbcd838a94c4ebbba58383e59aaf69a6d1749a3271f3c296dff5b4
44398,27/07/2017 12:52,Lecture & Tutorial,ab27f6fcc319de04c4dfd0869183d35ea6fea5ed980011ebc00fceda83a0029f
44399,27/07/2017 12:52,Lecture & Tutorial,ab27f6fcc319de04c4dfd0869183d35ea6fea5ed980011ebc00fceda83a0029f
44400,27/07/2017 12:52,Lecture & Tutorial,ab27f6fcc319de04c4dfd0869183d35ea6fea5ed980011ebc00fceda83a0029f
44401,27/07/2017 12:52,Lecture & Tutorial,ab27f6fcc319de04c4dfd0869183d35ea6fea5ed980011ebc00fceda83a0029f
44402,27/07/2017 12:52,Lecture & Tutorial,ab27f6fcc319de04c4dfd0869183d35ea6fea5ed980011ebc00fceda83a0029f
44403,27/07/2017 12:52,Lecture & Tutorial,ab27f6fcc319de04c4dfd0869183d35ea6fea5ed980011ebc00fceda83a0029f
44404,27/07/2017 12:52,Lecture & Tutorial,725ce235a55b376514ee25e3b7a58febd1e3c2faf47a155be5f019b8526f8bf3
44405,27/07/2017 12:52,Materials,725ce235a55b376514ee25e3b7a58febd1e3c2faf47a155be5f019b8526f8bf3
44406,27/07/2017 12:51,Projects,c231590f7844593c994a2fc4b91c90c6ab8ec68567b53a1c27794e3ee1321ad2
44407,27/07/2017 12:51,Lecture & Tutorial,c231590f7844593c994a2fc4b91c90c6ab8ec68567b53a1c27794e3ee1321ad2
44408,27/07/2017 12:51,View Announcements,e65ae81483dbcd838a94c4ebbba58383e59aaf69a6d1749a3271f3c296dff5b4
44409,27/07/2017 12:50,Lecture & Tutorial,e65ae81483dbcd838a94c4ebbba58383e59aaf69a6d1749a3271f3c296dff5b4
44410,27/07/2017 12:50,Lecture & Tutorial,e65ae81483dbcd838a94c4ebbba58383e59aaf69a6d1749a3271f3c296dff5b4
44411,27/07/2017 12:50,Lecture & Tutorial,e65ae81483dbcd838a94c4ebbba58383e59aaf69a6d1749a3271f3c296dff5b4
44412,27/07/2017 12:50,Lecture & Tutorial,e65ae81483dbcd838a94c4ebbba58383e59aaf69a6d1749a3271f3c296dff5b4
44413,27/07/2017 12:50,View Announcements,e65ae81483dbcd838a94c4ebbba58383e59aaf69a6d1749a3271f3c296dff5b4
44414,27/07/2017 12:48,Question & Help,e65ae81483dbcd838a94c4ebbba58383e59aaf69a6d1749a3271f3c296dff5b4
44415,27/07/2017 12:47,Materials,e65ae81483dbcd838a94c4ebbba58383e59aaf69a6d1749a3271f3c296dff5b4
44416,27/07/2017 12:44,Problem Solving,b8fd77ef069101d64a013340e31cc9ba9d65f0c58691b76b672835cfa71a5c97
44417,27/07/2017 12:44,Problem Solving,b8fd77ef069101d64a013340e31cc9ba9d65f0c58691b76b672835cfa71a5c97
44418,27/07/2017 12:43,Materials,e65ae81483dbcd838a94c4ebbba58383e59aaf69a6d1749a3271f3c296dff5b4
44419,27/07/2017 12:42,Materials,e65ae81483dbcd838a94c4ebbba58383e59aaf69a6d1749a3271f3c296dff5b4
44420,27/07/2017 12:42,Problem Solving,b8fd77ef069101d64a013340e31cc9ba9d65f0c58691b76b672835cfa71a5c97
44421,27/07/2017 12:42,Problem Solving,b8fd77ef069101d64a013340e31cc9ba9d65f0c58691b76b672835cfa71a5c97
44422,27/07/2017 12:40,Lecture & Tutorial,28d103870da8250e3bb2ebe1e6cb8dcd866399b9742bf082b3ef5a5590ba4e22
44423,27/07/2017 12:40,View Announcements,5a4acae2cee5ba31a9d3751bbf5466918d793de10e7bed9f21dfe9c58c2c3c90
44424,27/07/2017 12:40,Lecture & Tutorial,28d103870da8250e3bb2ebe1e6cb8dcd866399b9742bf082b3ef5a5590ba4e22
44425,27/07/2017 12:40,View Announcements,9884b334971ebad301bb43f2904952401b18c801ac4ca2086c5b29a7208570d1
44426,27/07/2017 12:40,Lecture & Tutorial,28d103870da8250e3bb2ebe1e6cb8dcd866399b9742bf082b3ef5a5590ba4e22
44427,27/07/2017 12:40,Projects,9884b334971ebad301bb43f2904952401b18c801ac4ca2086c5b29a7208570d1
44428,27/07/2017 12:40,Lecture & Tutorial,28d103870da8250e3bb2ebe1e6cb8dcd866399b9742bf082b3ef5a5590ba4e22
44429,27/07/2017 12:40,Lecture & Tutorial,28d103870da8250e3bb2ebe1e6cb8dcd866399b9742bf082b3ef5a5590ba4e22
44430,27/07/2017 12:40,Lecture & Tutorial,5a4acae2cee5ba31a9d3751bbf5466918d793de10e7bed9f21dfe9c58c2c3c90
44431,27/07/2017 12:40,Lecture & Tutorial,5a4acae2cee5ba31a9d3751bbf5466918d793de10e7bed9f21dfe9c58c2c3c90
44432,27/07/2017 12:38,Problem Solving,b8fd77ef069101d64a013340e31cc9ba9d65f0c58691b76b672835cfa71a5c97
44433,27/07/2017 12:38,Projects,14c2014737ff6bde975e464ebf4db20fb5da0a0132d39523b98b99e52feca10a
44434,27/07/2017 12:38,Materials,2c265cf741dde06fe65737b5bb56e5f984bf3c309e515ccce24bef11976268c2
44435,27/07/2017 12:38,Projects,14c2014737ff6bde975e464ebf4db20fb5da0a0132d39523b98b99e52feca10a
44436,27/07/2017 12:37,Projects,14c2014737ff6bde975e464ebf4db20fb5da0a0132d39523b98b99e52feca10a
44437,27/07/2017 12:37,Projects,14c2014737ff6bde975e464ebf4db20fb5da0a0132d39523b98b99e52feca10a
44438,27/07/2017 12:37,Projects,14c2014737ff6bde975e464ebf4db20fb5da0a0132d39523b98b99e52feca10a
44439,27/07/2017 12:37,Projects,14c2014737ff6bde975e464ebf4db20fb5da0a0132d39523b98b99e52feca10a
44440,27/07/2017 12:37,Projects,14c2014737ff6bde975e464ebf4db20fb5da0a0132d39523b98b99e52feca10a
44441,27/07/2017 12:37,Lecture & Tutorial,14c2014737ff6bde975e464ebf4db20fb5da0a0132d39523b98b99e52feca10a
44442,27/07/2017 12:37,Lecture & Tutorial,14c2014737ff6bde975e464ebf4db20fb5da0a0132d39523b98b99e52feca10a
44443,27/07/2017 12:37,Materials,2c265cf741dde06fe65737b5bb56e5f984bf3c309e515ccce24bef11976268c2
44444,27/07/2017 12:37,Materials,2c265cf741dde06fe65737b5bb56e5f984bf3c309e515ccce24bef11976268c2
44445,27/07/2017 12:37,Materials,2c265cf741dde06fe65737b5bb56e5f984bf3c309e515ccce24bef11976268c2
44446,27/07/2017 12:36,Materials,2c265cf741dde06fe65737b5bb56e5f984bf3c309e515ccce24bef11976268c2
44447,27/07/2017 12:36,Materials,2c265cf741dde06fe65737b5bb56e5f984bf3c309e515ccce24bef11976268c2
44448,27/07/2017 12:36,Lecture & Tutorial,e65ae81483dbcd838a94c4ebbba58383e59aaf69a6d1749a3271f3c296dff5b4
44449,27/07/2017 12:36,Materials,e65ae81483dbcd838a94c4ebbba58383e59aaf69a6d1749a3271f3c296dff5b4
44450,27/07/2017 12:36,Materials,2c265cf741dde06fe65737b5bb56e5f984bf3c309e515ccce24bef11976268c2
44451,27/07/2017 12:36,View Announcements,14c2014737ff6bde975e464ebf4db20fb5da0a0132d39523b98b99e52feca10a
44452,27/07/2017 12:35,Materials,2c265cf741dde06fe65737b5bb56e5f984bf3c309e515ccce24bef11976268c2
44453,27/07/2017 12:34,View Announcements,bae863a43a335fc015e72f161046e8b0cbfe8c82a311e3f847bfece74c6e39e2
44454,27/07/2017 12:34,Projects,6edd275e10c23a3c0f15bf5c2a77023c996672e6e51450fad06effacd679ed68
44455,27/07/2017 12:34,Projects,6edd275e10c23a3c0f15bf5c2a77023c996672e6e51450fad06effacd679ed68
44456,27/07/2017 12:34,Projects,6edd275e10c23a3c0f15bf5c2a77023c996672e6e51450fad06effacd679ed68
44457,27/07/2017 12:34,Lecture & Tutorial,6edd275e10c23a3c0f15bf5c2a77023c996672e6e51450fad06effacd679ed68
44458,27/07/2017 12:34,Projects,6edd275e10c23a3c0f15bf5c2a77023c996672e6e51450fad06effacd679ed68
44459,27/07/2017 12:32,Materials,2c265cf741dde06fe65737b5bb56e5f984bf3c309e515ccce24bef11976268c2
44460,27/07/2017 12:32,Materials,2c265cf741dde06fe65737b5bb56e5f984bf3c309e515ccce24bef11976268c2
44461,27/07/2017 12:32,Materials,2c265cf741dde06fe65737b5bb56e5f984bf3c309e515ccce24bef11976268c2
44462,27/07/2017 12:31,Materials,2c265cf741dde06fe65737b5bb56e5f984bf3c309e515ccce24bef11976268c2
44463,27/07/2017 12:31,Materials,2c265cf741dde06fe65737b5bb56e5f984bf3c309e515ccce24bef11976268c2
44464,27/07/2017 12:30,Problem Solving,8ff348258ff76ab9fac5b103cfe4370b24f7dcca3d13d2fdce05bade2955d623
44465,27/07/2017 12:30,Problem Solving,8ff348258ff76ab9fac5b103cfe4370b24f7dcca3d13d2fdce05bade2955d623
44466,27/07/2017 12:30,Materials,2c265cf741dde06fe65737b5bb56e5f984bf3c309e515ccce24bef11976268c2
44467,27/07/2017 12:29,Materials,2c265cf741dde06fe65737b5bb56e5f984bf3c309e515ccce24bef11976268c2
44468,27/07/2017 12:29,Materials,2c265cf741dde06fe65737b5bb56e5f984bf3c309e515ccce24bef11976268c2
44469,27/07/2017 12:29,Problem Solving,8ff348258ff76ab9fac5b103cfe4370b24f7dcca3d13d2fdce05bade2955d623
44470,27/07/2017 12:29,Problem Solving,8ff348258ff76ab9fac5b103cfe4370b24f7dcca3d13d2fdce05bade2955d623
44471,27/07/2017 12:29,Materials,2c265cf741dde06fe65737b5bb56e5f984bf3c309e515ccce24bef11976268c2
44472,27/07/2017 12:29,Problem Solving,8ff348258ff76ab9fac5b103cfe4370b24f7dcca3d13d2fdce05bade2955d623
44473,27/07/2017 12:29,Problem Solving,8ff348258ff76ab9fac5b103cfe4370b24f7dcca3d13d2fdce05bade2955d623
44474,27/07/2017 12:29,Materials,2c265cf741dde06fe65737b5bb56e5f984bf3c309e515ccce24bef11976268c2
44475,27/07/2017 12:28,Lecture & Tutorial,8ff348258ff76ab9fac5b103cfe4370b24f7dcca3d13d2fdce05bade2955d623
44476,27/07/2017 12:28,Problem Solving,8ff348258ff76ab9fac5b103cfe4370b24f7dcca3d13d2fdce05bade2955d623
44477,27/07/2017 12:28,Assessment,05c52f8214648b37eae8ec1406d237b2c1627411a12dc6bb27a48cc639df6b0e
44478,27/07/2017 12:28,Assessment,05c52f8214648b37eae8ec1406d237b2c1627411a12dc6bb27a48cc639df6b0e
44479,27/07/2017 12:27,View Announcements,05c52f8214648b37eae8ec1406d237b2c1627411a12dc6bb27a48cc639df6b0e
44480,27/07/2017 12:27,Lecture & Tutorial,05c52f8214648b37eae8ec1406d237b2c1627411a12dc6bb27a48cc639df6b0e
44481,27/07/2017 12:27,Lecture & Tutorial,05c52f8214648b37eae8ec1406d237b2c1627411a12dc6bb27a48cc639df6b0e
44482,27/07/2017 12:27,Lecture & Tutorial,05c52f8214648b37eae8ec1406d237b2c1627411a12dc6bb27a48cc639df6b0e
44483,27/07/2017 12:27,Lecture & Tutorial,05c52f8214648b37eae8ec1406d237b2c1627411a12dc6bb27a48cc639df6b0e
44484,27/07/2017 12:27,Lecture & Tutorial,05c52f8214648b37eae8ec1406d237b2c1627411a12dc6bb27a48cc639df6b0e
44485,27/07/2017 12:27,Lecture & Tutorial,05c52f8214648b37eae8ec1406d237b2c1627411a12dc6bb27a48cc639df6b0e
44486,27/07/2017 12:27,Lecture & Tutorial,05c52f8214648b37eae8ec1406d237b2c1627411a12dc6bb27a48cc639df6b0e
44487,27/07/2017 12:27,Lecture & Tutorial,05c52f8214648b37eae8ec1406d237b2c1627411a12dc6bb27a48cc639df6b0e
44488,27/07/2017 12:27,Lecture & Tutorial,05c52f8214648b37eae8ec1406d237b2c1627411a12dc6bb27a48cc639df6b0e
44489,27/07/2017 12:27,Lecture & Tutorial,05c52f8214648b37eae8ec1406d237b2c1627411a12dc6bb27a48cc639df6b0e
44490,27/07/2017 12:27,Lecture & Tutorial,05c52f8214648b37eae8ec1406d237b2c1627411a12dc6bb27a48cc639df6b0e
44491,27/07/2017 12:27,Lecture & Tutorial,05c52f8214648b37eae8ec1406d237b2c1627411a12dc6bb27a48cc639df6b0e
44492,27/07/2017 12:27,Lecture & Tutorial,05c52f8214648b37eae8ec1406d237b2c1627411a12dc6bb27a48cc639df6b0e
44493,27/07/2017 12:27,Lecture & Tutorial,05c52f8214648b37eae8ec1406d237b2c1627411a12dc6bb27a48cc639df6b0e
44494,27/07/2017 12:27,Lecture & Tutorial,05c52f8214648b37eae8ec1406d237b2c1627411a12dc6bb27a48cc639df6b0e
44495,27/07/2017 12:27,Lecture & Tutorial,05c52f8214648b37eae8ec1406d237b2c1627411a12dc6bb27a48cc639df6b0e
44496,27/07/2017 12:27,Problem Solving,b8fd77ef069101d64a013340e31cc9ba9d65f0c58691b76b672835cfa71a5c97
44497,27/07/2017 12:27,Problem Solving,b8fd77ef069101d64a013340e31cc9ba9d65f0c58691b76b672835cfa71a5c97
44498,27/07/2017 12:27,Lecture & Tutorial,b8fd77ef069101d64a013340e31cc9ba9d65f0c58691b76b672835cfa71a5c97
44499,27/07/2017 12:27,View Announcements,b8fd77ef069101d64a013340e31cc9ba9d65f0c58691b76b672835cfa71a5c97
44500,27/07/2017 12:27,Lecture & Tutorial,b8fd77ef069101d64a013340e31cc9ba9d65f0c58691b76b672835cfa71a5c97
44501,27/07/2017 12:27,Materials,b8fd77ef069101d64a013340e31cc9ba9d65f0c58691b76b672835cfa71a5c97
44502,27/07/2017 12:27,Materials,b8fd77ef069101d64a013340e31cc9ba9d65f0c58691b76b672835cfa71a5c97
44503,27/07/2017 12:27,Materials,b8fd77ef069101d64a013340e31cc9ba9d65f0c58691b76b672835cfa71a5c97
44504,27/07/2017 12:27,Lecture & Tutorial,b8fd77ef069101d64a013340e31cc9ba9d65f0c58691b76b672835cfa71a5c97
44505,27/07/2017 12:27,View Announcements,b8fd77ef069101d64a013340e31cc9ba9d65f0c58691b76b672835cfa71a5c97
44506,27/07/2017 12:27,Assessment,b8fd77ef069101d64a013340e31cc9ba9d65f0c58691b76b672835cfa71a5c97
44507,27/07/2017 12:27,Materials,b8fd77ef069101d64a013340e31cc9ba9d65f0c58691b76b672835cfa71a5c97
44508,27/07/2017 12:27,Materials,b8fd77ef069101d64a013340e31cc9ba9d65f0c58691b76b672835cfa71a5c97
44509,27/07/2017 12:26,Materials,b8fd77ef069101d64a013340e31cc9ba9d65f0c58691b76b672835cfa71a5c97
44510,27/07/2017 12:26,Materials,b8fd77ef069101d64a013340e31cc9ba9d65f0c58691b76b672835cfa71a5c97
44511,27/07/2017 12:26,Materials,b8fd77ef069101d64a013340e31cc9ba9d65f0c58691b76b672835cfa71a5c97
44512,27/07/2017 12:26,View Announcements,935e9a10392d238b61ed6491d9f67cc1a0f0546e5f41fd31b03def1e65b1db19
44513,27/07/2017 12:26,View Announcements,935e9a10392d238b61ed6491d9f67cc1a0f0546e5f41fd31b03def1e65b1db19
44514,27/07/2017 12:26,Materials,b8fd77ef069101d64a013340e31cc9ba9d65f0c58691b76b672835cfa71a5c97
44515,27/07/2017 12:25,Materials,b8fd77ef069101d64a013340e31cc9ba9d65f0c58691b76b672835cfa71a5c97
44516,27/07/2017 12:25,Materials,2c265cf741dde06fe65737b5bb56e5f984bf3c309e515ccce24bef11976268c2
44517,27/07/2017 12:24,Materials,b8fd77ef069101d64a013340e31cc9ba9d65f0c58691b76b672835cfa71a5c97
44518,27/07/2017 12:24,Assessment,c231590f7844593c994a2fc4b91c90c6ab8ec68567b53a1c27794e3ee1321ad2
44519,27/07/2017 12:24,Assessment,c231590f7844593c994a2fc4b91c90c6ab8ec68567b53a1c27794e3ee1321ad2
44520,27/07/2017 12:24,Assessment,c231590f7844593c994a2fc4b91c90c6ab8ec68567b53a1c27794e3ee1321ad2
44521,27/07/2017 12:24,View Announcements,c231590f7844593c994a2fc4b91c90c6ab8ec68567b53a1c27794e3ee1321ad2
44522,27/07/2017 12:24,Materials,2c265cf741dde06fe65737b5bb56e5f984bf3c309e515ccce24bef11976268c2
44523,27/07/2017 12:23,Materials,b8fd77ef069101d64a013340e31cc9ba9d65f0c58691b76b672835cfa71a5c97
44524,27/07/2017 12:23,Materials,b8fd77ef069101d64a013340e31cc9ba9d65f0c58691b76b672835cfa71a5c97
44525,27/07/2017 12:23,Materials,b8fd77ef069101d64a013340e31cc9ba9d65f0c58691b76b672835cfa71a5c97
44526,27/07/2017 12:22,Materials,b8fd77ef069101d64a013340e31cc9ba9d65f0c58691b76b672835cfa71a5c97
44527,27/07/2017 12:22,View Announcements,b8fd77ef069101d64a013340e31cc9ba9d65f0c58691b76b672835cfa71a5c97
44528,27/07/2017 12:22,View Announcements,b8fd77ef069101d64a013340e31cc9ba9d65f0c58691b76b672835cfa71a5c97
44529,27/07/2017 12:21,Materials,b8fd77ef069101d64a013340e31cc9ba9d65f0c58691b76b672835cfa71a5c97
44530,27/07/2017 12:21,View Announcements,b8fd77ef069101d64a013340e31cc9ba9d65f0c58691b76b672835cfa71a5c97
44531,27/07/2017 12:21,View Announcements,b8fd77ef069101d64a013340e31cc9ba9d65f0c58691b76b672835cfa71a5c97
44532,27/07/2017 12:21,View Announcements,b8fd77ef069101d64a013340e31cc9ba9d65f0c58691b76b672835cfa71a5c97
44533,27/07/2017 12:21,View Announcements,b8fd77ef069101d64a013340e31cc9ba9d65f0c58691b76b672835cfa71a5c97
44534,27/07/2017 12:21,Lecture & Tutorial,9884b334971ebad301bb43f2904952401b18c801ac4ca2086c5b29a7208570d1
44535,27/07/2017 12:21,Lecture & Tutorial,9884b334971ebad301bb43f2904952401b18c801ac4ca2086c5b29a7208570d1
44536,27/07/2017 12:21,Lecture & Tutorial,9884b334971ebad301bb43f2904952401b18c801ac4ca2086c5b29a7208570d1
44537,27/07/2017 12:21,Lecture & Tutorial,9884b334971ebad301bb43f2904952401b18c801ac4ca2086c5b29a7208570d1
44538,27/07/2017 12:21,Lecture & Tutorial,9884b334971ebad301bb43f2904952401b18c801ac4ca2086c5b29a7208570d1
44539,27/07/2017 12:21,Lecture & Tutorial,9884b334971ebad301bb43f2904952401b18c801ac4ca2086c5b29a7208570d1
44540,27/07/2017 12:21,Lecture & Tutorial,9884b334971ebad301bb43f2904952401b18c801ac4ca2086c5b29a7208570d1
44541,27/07/2017 12:21,Lecture & Tutorial,9884b334971ebad301bb43f2904952401b18c801ac4ca2086c5b29a7208570d1
44542,27/07/2017 12:21,Lecture & Tutorial,9884b334971ebad301bb43f2904952401b18c801ac4ca2086c5b29a7208570d1
44543,27/07/2017 12:21,Lecture & Tutorial,9884b334971ebad301bb43f2904952401b18c801ac4ca2086c5b29a7208570d1
44544,27/07/2017 12:21,Lecture & Tutorial,624f58530d9533542c69cf7894922a24063c0bb0e21a1782d487a67c34c5d63a
44545,27/07/2017 12:21,Lecture & Tutorial,9884b334971ebad301bb43f2904952401b18c801ac4ca2086c5b29a7208570d1
44546,27/07/2017 12:21,Materials,624f58530d9533542c69cf7894922a24063c0bb0e21a1782d487a67c34c5d63a
44547,27/07/2017 12:21,Materials,b8fd77ef069101d64a013340e31cc9ba9d65f0c58691b76b672835cfa71a5c97
44548,27/07/2017 12:21,Lecture & Tutorial,9884b334971ebad301bb43f2904952401b18c801ac4ca2086c5b29a7208570d1
44549,27/07/2017 12:21,Lecture & Tutorial,9884b334971ebad301bb43f2904952401b18c801ac4ca2086c5b29a7208570d1
44550,27/07/2017 12:21,Lecture & Tutorial,9884b334971ebad301bb43f2904952401b18c801ac4ca2086c5b29a7208570d1
44551,27/07/2017 12:21,Lecture & Tutorial,9884b334971ebad301bb43f2904952401b18c801ac4ca2086c5b29a7208570d1
44552,27/07/2017 12:21,Lecture & Tutorial,9884b334971ebad301bb43f2904952401b18c801ac4ca2086c5b29a7208570d1
44553,27/07/2017 12:21,Materials,b8fd77ef069101d64a013340e31cc9ba9d65f0c58691b76b672835cfa71a5c97
44554,27/07/2017 12:21,View Announcements,b8fd77ef069101d64a013340e31cc9ba9d65f0c58691b76b672835cfa71a5c97
44555,27/07/2017 12:21,View Announcements,b8fd77ef069101d64a013340e31cc9ba9d65f0c58691b76b672835cfa71a5c97
44556,27/07/2017 12:21,Problem Solving,e3c38788094fb5d511d9dee9a05afea67d38a2e283e98ac465c4a059ecae274b
44557,27/07/2017 12:21,Problem Solving,e3c38788094fb5d511d9dee9a05afea67d38a2e283e98ac465c4a059ecae274b
44558,27/07/2017 12:21,Materials,b8fd77ef069101d64a013340e31cc9ba9d65f0c58691b76b672835cfa71a5c97
44559,27/07/2017 12:21,Materials,b8fd77ef069101d64a013340e31cc9ba9d65f0c58691b76b672835cfa71a5c97
44560,27/07/2017 12:21,View Announcements,624f58530d9533542c69cf7894922a24063c0bb0e21a1782d487a67c34c5d63a
44561,27/07/2017 12:21,View Announcements,624f58530d9533542c69cf7894922a24063c0bb0e21a1782d487a67c34c5d63a
44562,27/07/2017 12:21,View Announcements,b8fd77ef069101d64a013340e31cc9ba9d65f0c58691b76b672835cfa71a5c97
44563,27/07/2017 12:21,View Announcements,b8fd77ef069101d64a013340e31cc9ba9d65f0c58691b76b672835cfa71a5c97
44564,27/07/2017 12:21,Materials,b8fd77ef069101d64a013340e31cc9ba9d65f0c58691b76b672835cfa71a5c97
44565,27/07/2017 12:21,Materials,b8fd77ef069101d64a013340e31cc9ba9d65f0c58691b76b672835cfa71a5c97
44566,27/07/2017 12:21,View Announcements,b8fd77ef069101d64a013340e31cc9ba9d65f0c58691b76b672835cfa71a5c97
44567,27/07/2017 12:21,View Announcements,b8fd77ef069101d64a013340e31cc9ba9d65f0c58691b76b672835cfa71a5c97
44568,27/07/2017 12:21,View Announcements,b8fd77ef069101d64a013340e31cc9ba9d65f0c58691b76b672835cfa71a5c97
44569,27/07/2017 12:21,Materials,2c265cf741dde06fe65737b5bb56e5f984bf3c309e515ccce24bef11976268c2
44570,27/07/2017 12:21,Materials,b8fd77ef069101d64a013340e31cc9ba9d65f0c58691b76b672835cfa71a5c97
44571,27/07/2017 12:21,Materials,b8fd77ef069101d64a013340e31cc9ba9d65f0c58691b76b672835cfa71a5c97
44572,27/07/2017 12:21,Materials,b8fd77ef069101d64a013340e31cc9ba9d65f0c58691b76b672835cfa71a5c97
44573,27/07/2017 12:21,Materials,2c265cf741dde06fe65737b5bb56e5f984bf3c309e515ccce24bef11976268c2
44574,27/07/2017 12:20,Materials,b8fd77ef069101d64a013340e31cc9ba9d65f0c58691b76b672835cfa71a5c97
44575,27/07/2017 12:20,Problem Solving,e3c38788094fb5d511d9dee9a05afea67d38a2e283e98ac465c4a059ecae274b
44576,27/07/2017 12:20,Materials,b8fd77ef069101d64a013340e31cc9ba9d65f0c58691b76b672835cfa71a5c97
44577,27/07/2017 12:20,Lecture & Tutorial,b8fd77ef069101d64a013340e31cc9ba9d65f0c58691b76b672835cfa71a5c97
44578,27/07/2017 12:20,View Announcements,b8fd77ef069101d64a013340e31cc9ba9d65f0c58691b76b672835cfa71a5c97
44579,27/07/2017 12:20,Materials,2c265cf741dde06fe65737b5bb56e5f984bf3c309e515ccce24bef11976268c2
44580,27/07/2017 12:20,Materials,2c265cf741dde06fe65737b5bb56e5f984bf3c309e515ccce24bef11976268c2
44581,27/07/2017 12:20,Materials,2c265cf741dde06fe65737b5bb56e5f984bf3c309e515ccce24bef11976268c2
44582,27/07/2017 12:20,Problem Solving,e3c38788094fb5d511d9dee9a05afea67d38a2e283e98ac465c4a059ecae274b
44583,27/07/2017 12:20,View Announcements,b8fd77ef069101d64a013340e31cc9ba9d65f0c58691b76b672835cfa71a5c97
44584,27/07/2017 12:20,Assessment,b8fd77ef069101d64a013340e31cc9ba9d65f0c58691b76b672835cfa71a5c97
44585,27/07/2017 12:20,Lecture & Tutorial,672b6fb6431e731c7cad9797d2425593616b49134335dfe09cff1fcbda59e433
44586,27/07/2017 12:20,View Announcements,b8fd77ef069101d64a013340e31cc9ba9d65f0c58691b76b672835cfa71a5c97
44587,27/07/2017 12:20,Assessment,b8fd77ef069101d64a013340e31cc9ba9d65f0c58691b76b672835cfa71a5c97
44588,27/07/2017 12:19,View Announcements,b8fd77ef069101d64a013340e31cc9ba9d65f0c58691b76b672835cfa71a5c97
44589,27/07/2017 12:19,Materials,2c265cf741dde06fe65737b5bb56e5f984bf3c309e515ccce24bef11976268c2
44590,27/07/2017 12:19,Problem Solving,e3c38788094fb5d511d9dee9a05afea67d38a2e283e98ac465c4a059ecae274b
44591,27/07/2017 12:19,Problem Solving,e3c38788094fb5d511d9dee9a05afea67d38a2e283e98ac465c4a059ecae274b
44592,27/07/2017 12:19,Assessment,624f58530d9533542c69cf7894922a24063c0bb0e21a1782d487a67c34c5d63a
44593,27/07/2017 12:19,Problem Solving,e3c38788094fb5d511d9dee9a05afea67d38a2e283e98ac465c4a059ecae274b
44594,27/07/2017 12:19,Problem Solving,e3c38788094fb5d511d9dee9a05afea67d38a2e283e98ac465c4a059ecae274b
44595,27/07/2017 12:19,Assessment,624f58530d9533542c69cf7894922a24063c0bb0e21a1782d487a67c34c5d63a
44596,27/07/2017 12:19,Assessment,624f58530d9533542c69cf7894922a24063c0bb0e21a1782d487a67c34c5d63a
44597,27/07/2017 12:19,Assessment,624f58530d9533542c69cf7894922a24063c0bb0e21a1782d487a67c34c5d63a
44598,27/07/2017 12:18,Problem Solving,e3c38788094fb5d511d9dee9a05afea67d38a2e283e98ac465c4a059ecae274b
44599,27/07/2017 12:18,Assessment,624f58530d9533542c69cf7894922a24063c0bb0e21a1782d487a67c34c5d63a
44600,27/07/2017 12:18,Assessment,624f58530d9533542c69cf7894922a24063c0bb0e21a1782d487a67c34c5d63a
44601,27/07/2017 12:18,Materials,2c265cf741dde06fe65737b5bb56e5f984bf3c309e515ccce24bef11976268c2
44602,27/07/2017 12:18,View Announcements,624f58530d9533542c69cf7894922a24063c0bb0e21a1782d487a67c34c5d63a
44603,27/07/2017 12:18,Problem Solving,e3c38788094fb5d511d9dee9a05afea67d38a2e283e98ac465c4a059ecae274b
44604,27/07/2017 12:18,Problem Solving,e3c38788094fb5d511d9dee9a05afea67d38a2e283e98ac465c4a059ecae274b
44605,27/07/2017 12:18,Problem Solving,e3c38788094fb5d511d9dee9a05afea67d38a2e283e98ac465c4a059ecae274b
44606,27/07/2017 12:18,Problem Solving,e3c38788094fb5d511d9dee9a05afea67d38a2e283e98ac465c4a059ecae274b
44607,27/07/2017 12:18,View Announcements,624f58530d9533542c69cf7894922a24063c0bb0e21a1782d487a67c34c5d63a
44608,27/07/2017 12:17,Materials,2c265cf741dde06fe65737b5bb56e5f984bf3c309e515ccce24bef11976268c2
44609,27/07/2017 12:17,Materials,2c265cf741dde06fe65737b5bb56e5f984bf3c309e515ccce24bef11976268c2
44610,27/07/2017 12:17,Materials,2c265cf741dde06fe65737b5bb56e5f984bf3c309e515ccce24bef11976268c2
44611,27/07/2017 12:16,Problem Solving,e3c38788094fb5d511d9dee9a05afea67d38a2e283e98ac465c4a059ecae274b
44612,27/07/2017 12:16,Problem Solving,e3c38788094fb5d511d9dee9a05afea67d38a2e283e98ac465c4a059ecae274b
44613,27/07/2017 12:16,Problem Solving,e3c38788094fb5d511d9dee9a05afea67d38a2e283e98ac465c4a059ecae274b
44614,27/07/2017 12:16,Materials,2c265cf741dde06fe65737b5bb56e5f984bf3c309e515ccce24bef11976268c2
44615,27/07/2017 12:16,Lecture & Tutorial,6edd275e10c23a3c0f15bf5c2a77023c996672e6e51450fad06effacd679ed68
44616,27/07/2017 12:16,Instruction file,9884b334971ebad301bb43f2904952401b18c801ac4ca2086c5b29a7208570d1
44617,27/07/2017 12:16,Lecture & Tutorial,6edd275e10c23a3c0f15bf5c2a77023c996672e6e51450fad06effacd679ed68
44618,27/07/2017 12:16,Lecture & Tutorial,6edd275e10c23a3c0f15bf5c2a77023c996672e6e51450fad06effacd679ed68
44619,27/07/2017 12:16,Instruction file,9884b334971ebad301bb43f2904952401b18c801ac4ca2086c5b29a7208570d1
44620,27/07/2017 12:16,Problem Solving,e3c38788094fb5d511d9dee9a05afea67d38a2e283e98ac465c4a059ecae274b
44621,27/07/2017 12:16,Materials,2c265cf741dde06fe65737b5bb56e5f984bf3c309e515ccce24bef11976268c2
44622,27/07/2017 12:16,Lecture & Tutorial,6edd275e10c23a3c0f15bf5c2a77023c996672e6e51450fad06effacd679ed68
44623,27/07/2017 12:16,Lecture & Tutorial,6edd275e10c23a3c0f15bf5c2a77023c996672e6e51450fad06effacd679ed68
44624,27/07/2017 12:16,Lecture & Tutorial,9884b334971ebad301bb43f2904952401b18c801ac4ca2086c5b29a7208570d1
44625,27/07/2017 12:16,Instruction file,9884b334971ebad301bb43f2904952401b18c801ac4ca2086c5b29a7208570d1
44626,27/07/2017 12:16,Problem Solving,e3c38788094fb5d511d9dee9a05afea67d38a2e283e98ac465c4a059ecae274b
44627,27/07/2017 12:15,Lecture & Tutorial,9884b334971ebad301bb43f2904952401b18c801ac4ca2086c5b29a7208570d1
44628,27/07/2017 12:15,Lecture & Tutorial,9884b334971ebad301bb43f2904952401b18c801ac4ca2086c5b29a7208570d1
44629,27/07/2017 12:15,Lecture & Tutorial,9884b334971ebad301bb43f2904952401b18c801ac4ca2086c5b29a7208570d1
44630,27/07/2017 12:15,Lecture & Tutorial,9884b334971ebad301bb43f2904952401b18c801ac4ca2086c5b29a7208570d1
44631,27/07/2017 12:15,Lecture & Tutorial,9884b334971ebad301bb43f2904952401b18c801ac4ca2086c5b29a7208570d1
44632,27/07/2017 12:15,Lecture & Tutorial,9884b334971ebad301bb43f2904952401b18c801ac4ca2086c5b29a7208570d1
44633,27/07/2017 12:15,Lecture & Tutorial,9884b334971ebad301bb43f2904952401b18c801ac4ca2086c5b29a7208570d1
44634,27/07/2017 12:15,Lecture & Tutorial,9884b334971ebad301bb43f2904952401b18c801ac4ca2086c5b29a7208570d1
44635,27/07/2017 12:15,Lecture & Tutorial,9884b334971ebad301bb43f2904952401b18c801ac4ca2086c5b29a7208570d1
44636,27/07/2017 12:15,Lecture & Tutorial,9884b334971ebad301bb43f2904952401b18c801ac4ca2086c5b29a7208570d1
44637,27/07/2017 12:15,Lecture & Tutorial,9884b334971ebad301bb43f2904952401b18c801ac4ca2086c5b29a7208570d1
44638,27/07/2017 12:15,Lecture & Tutorial,9884b334971ebad301bb43f2904952401b18c801ac4ca2086c5b29a7208570d1
44639,27/07/2017 12:15,Lecture & Tutorial,9884b334971ebad301bb43f2904952401b18c801ac4ca2086c5b29a7208570d1
44640,27/07/2017 12:15,Lecture & Tutorial,9884b334971ebad301bb43f2904952401b18c801ac4ca2086c5b29a7208570d1
44641,27/07/2017 12:15,Lecture & Tutorial,9884b334971ebad301bb43f2904952401b18c801ac4ca2086c5b29a7208570d1
44642,27/07/2017 12:15,Lecture & Tutorial,9884b334971ebad301bb43f2904952401b18c801ac4ca2086c5b29a7208570d1
44643,27/07/2017 12:15,Projects,9884b334971ebad301bb43f2904952401b18c801ac4ca2086c5b29a7208570d1
44644,27/07/2017 12:15,View Announcements,9884b334971ebad301bb43f2904952401b18c801ac4ca2086c5b29a7208570d1
44645,27/07/2017 12:15,Problem Solving,e3c38788094fb5d511d9dee9a05afea67d38a2e283e98ac465c4a059ecae274b
44646,27/07/2017 12:14,View Announcements,b8fd77ef069101d64a013340e31cc9ba9d65f0c58691b76b672835cfa71a5c97
44647,27/07/2017 12:14,Materials,2c265cf741dde06fe65737b5bb56e5f984bf3c309e515ccce24bef11976268c2
44648,27/07/2017 12:14,Materials,2c265cf741dde06fe65737b5bb56e5f984bf3c309e515ccce24bef11976268c2
44649,27/07/2017 12:14,Materials,2c265cf741dde06fe65737b5bb56e5f984bf3c309e515ccce24bef11976268c2
44650,27/07/2017 12:14,Problem Solving,e3c38788094fb5d511d9dee9a05afea67d38a2e283e98ac465c4a059ecae274b
44651,27/07/2017 12:14,Problem Solving,e3c38788094fb5d511d9dee9a05afea67d38a2e283e98ac465c4a059ecae274b
44652,27/07/2017 12:14,Problem Solving,e3c38788094fb5d511d9dee9a05afea67d38a2e283e98ac465c4a059ecae274b
44653,27/07/2017 12:14,Materials,2c265cf741dde06fe65737b5bb56e5f984bf3c309e515ccce24bef11976268c2
44654,27/07/2017 12:13,Problem Solving,e3c38788094fb5d511d9dee9a05afea67d38a2e283e98ac465c4a059ecae274b
44655,27/07/2017 12:13,Materials,2c265cf741dde06fe65737b5bb56e5f984bf3c309e515ccce24bef11976268c2
44656,27/07/2017 12:13,Problem Solving,e3c38788094fb5d511d9dee9a05afea67d38a2e283e98ac465c4a059ecae274b
44657,27/07/2017 12:13,Problem Solving,e3c38788094fb5d511d9dee9a05afea67d38a2e283e98ac465c4a059ecae274b
44658,27/07/2017 12:13,Problem Solving,e3c38788094fb5d511d9dee9a05afea67d38a2e283e98ac465c4a059ecae274b
44659,27/07/2017 12:13,Problem Solving,e3c38788094fb5d511d9dee9a05afea67d38a2e283e98ac465c4a059ecae274b
44660,27/07/2017 12:13,Problem Solving,e3c38788094fb5d511d9dee9a05afea67d38a2e283e98ac465c4a059ecae274b
44661,27/07/2017 12:13,Problem Solving,e3c38788094fb5d511d9dee9a05afea67d38a2e283e98ac465c4a059ecae274b
44662,27/07/2017 12:13,Problem Solving,e3c38788094fb5d511d9dee9a05afea67d38a2e283e98ac465c4a059ecae274b
44663,27/07/2017 12:12,Problem Solving,e3c38788094fb5d511d9dee9a05afea67d38a2e283e98ac465c4a059ecae274b
44664,27/07/2017 12:12,Problem Solving,e3c38788094fb5d511d9dee9a05afea67d38a2e283e98ac465c4a059ecae274b
44665,27/07/2017 12:12,Problem Solving,e3c38788094fb5d511d9dee9a05afea67d38a2e283e98ac465c4a059ecae274b
44666,27/07/2017 12:12,Problem Solving,e3c38788094fb5d511d9dee9a05afea67d38a2e283e98ac465c4a059ecae274b
44667,27/07/2017 12:12,Problem Solving,e3c38788094fb5d511d9dee9a05afea67d38a2e283e98ac465c4a059ecae274b
44668,27/07/2017 12:12,Problem Solving,9efc23dff9fe34aee71ec99f0e2874268a8643158b80bf15b0537003530f12ca
44669,27/07/2017 12:12,Problem Solving,e3c38788094fb5d511d9dee9a05afea67d38a2e283e98ac465c4a059ecae274b
44670,27/07/2017 12:12,Problem Solving,9efc23dff9fe34aee71ec99f0e2874268a8643158b80bf15b0537003530f12ca
44671,27/07/2017 12:12,Lecture & Tutorial,9efc23dff9fe34aee71ec99f0e2874268a8643158b80bf15b0537003530f12ca
44672,27/07/2017 12:12,Problem Solving,9efc23dff9fe34aee71ec99f0e2874268a8643158b80bf15b0537003530f12ca
44673,27/07/2017 12:12,Problem Solving,e3c38788094fb5d511d9dee9a05afea67d38a2e283e98ac465c4a059ecae274b
44674,27/07/2017 12:12,Lecture & Tutorial,e3c38788094fb5d511d9dee9a05afea67d38a2e283e98ac465c4a059ecae274b
44675,27/07/2017 12:12,Problem Solving,e3c38788094fb5d511d9dee9a05afea67d38a2e283e98ac465c4a059ecae274b
44676,27/07/2017 12:11,Assessment,304c77ec8cac2a4f40e6d2d7b54fc54599bb56353df5a52ce307ade4b011c7a8
44677,27/07/2017 12:11,Problem Solving,e3c38788094fb5d511d9dee9a05afea67d38a2e283e98ac465c4a059ecae274b
44678,27/07/2017 12:11,Assessment,304c77ec8cac2a4f40e6d2d7b54fc54599bb56353df5a52ce307ade4b011c7a8
44679,27/07/2017 12:11,View Announcements,304c77ec8cac2a4f40e6d2d7b54fc54599bb56353df5a52ce307ade4b011c7a8
44680,27/07/2017 12:11,Problem Solving,e3c38788094fb5d511d9dee9a05afea67d38a2e283e98ac465c4a059ecae274b
44681,27/07/2017 12:11,Problem Solving,e3c38788094fb5d511d9dee9a05afea67d38a2e283e98ac465c4a059ecae274b
44682,27/07/2017 12:11,Lecture & Tutorial,e3c38788094fb5d511d9dee9a05afea67d38a2e283e98ac465c4a059ecae274b
44683,27/07/2017 12:10,View Announcements,304c77ec8cac2a4f40e6d2d7b54fc54599bb56353df5a52ce307ade4b011c7a8
44684,27/07/2017 12:10,Assessment,304c77ec8cac2a4f40e6d2d7b54fc54599bb56353df5a52ce307ade4b011c7a8
44685,27/07/2017 12:10,View Announcements,304c77ec8cac2a4f40e6d2d7b54fc54599bb56353df5a52ce307ade4b011c7a8
44686,27/07/2017 12:10,View Announcements,935e9a10392d238b61ed6491d9f67cc1a0f0546e5f41fd31b03def1e65b1db19
44687,27/07/2017 12:10,View Announcements,935e9a10392d238b61ed6491d9f67cc1a0f0546e5f41fd31b03def1e65b1db19
44688,27/07/2017 12:10,View Announcements,304c77ec8cac2a4f40e6d2d7b54fc54599bb56353df5a52ce307ade4b011c7a8
44689,27/07/2017 12:10,Projects,935e9a10392d238b61ed6491d9f67cc1a0f0546e5f41fd31b03def1e65b1db19
44690,27/07/2017 12:10,Materials,2c265cf741dde06fe65737b5bb56e5f984bf3c309e515ccce24bef11976268c2
44691,27/07/2017 12:09,Materials,2c265cf741dde06fe65737b5bb56e5f984bf3c309e515ccce24bef11976268c2
44692,27/07/2017 12:09,Materials,2c265cf741dde06fe65737b5bb56e5f984bf3c309e515ccce24bef11976268c2
44693,27/07/2017 12:09,Materials,2c265cf741dde06fe65737b5bb56e5f984bf3c309e515ccce24bef11976268c2
44694,27/07/2017 12:08,Lecture & Tutorial,304c77ec8cac2a4f40e6d2d7b54fc54599bb56353df5a52ce307ade4b011c7a8
44695,27/07/2017 12:08,Lecture & Tutorial,304c77ec8cac2a4f40e6d2d7b54fc54599bb56353df5a52ce307ade4b011c7a8
44696,27/07/2017 12:08,View Announcements,304c77ec8cac2a4f40e6d2d7b54fc54599bb56353df5a52ce307ade4b011c7a8
44697,27/07/2017 12:08,View Announcements,304c77ec8cac2a4f40e6d2d7b54fc54599bb56353df5a52ce307ade4b011c7a8
44698,27/07/2017 12:08,Materials,2c265cf741dde06fe65737b5bb56e5f984bf3c309e515ccce24bef11976268c2
44699,27/07/2017 12:08,View Announcements,304c77ec8cac2a4f40e6d2d7b54fc54599bb56353df5a52ce307ade4b011c7a8
44700,27/07/2017 12:08,Materials,2c265cf741dde06fe65737b5bb56e5f984bf3c309e515ccce24bef11976268c2
44701,27/07/2017 12:08,Materials,2c265cf741dde06fe65737b5bb56e5f984bf3c309e515ccce24bef11976268c2
44702,27/07/2017 12:08,Lecture & Tutorial,9884b334971ebad301bb43f2904952401b18c801ac4ca2086c5b29a7208570d1
44703,27/07/2017 12:07,Lecture & Tutorial,9884b334971ebad301bb43f2904952401b18c801ac4ca2086c5b29a7208570d1
44704,27/07/2017 12:07,Lecture & Tutorial,9884b334971ebad301bb43f2904952401b18c801ac4ca2086c5b29a7208570d1
44705,27/07/2017 12:07,View Announcements,9884b334971ebad301bb43f2904952401b18c801ac4ca2086c5b29a7208570d1
44706,27/07/2017 12:07,Lecture & Tutorial,9884b334971ebad301bb43f2904952401b18c801ac4ca2086c5b29a7208570d1
44707,27/07/2017 12:07,Lecture & Tutorial,9884b334971ebad301bb43f2904952401b18c801ac4ca2086c5b29a7208570d1
44708,27/07/2017 12:07,Lecture & Tutorial,9884b334971ebad301bb43f2904952401b18c801ac4ca2086c5b29a7208570d1
44709,27/07/2017 12:07,Lecture & Tutorial,9884b334971ebad301bb43f2904952401b18c801ac4ca2086c5b29a7208570d1
44710,27/07/2017 12:07,Lecture & Tutorial,9884b334971ebad301bb43f2904952401b18c801ac4ca2086c5b29a7208570d1
44711,27/07/2017 12:07,Lecture & Tutorial,9884b334971ebad301bb43f2904952401b18c801ac4ca2086c5b29a7208570d1
44712,27/07/2017 12:07,Lecture & Tutorial,9884b334971ebad301bb43f2904952401b18c801ac4ca2086c5b29a7208570d1
44713,27/07/2017 12:07,Lecture & Tutorial,9884b334971ebad301bb43f2904952401b18c801ac4ca2086c5b29a7208570d1
44714,27/07/2017 12:07,Lecture & Tutorial,9884b334971ebad301bb43f2904952401b18c801ac4ca2086c5b29a7208570d1
44715,27/07/2017 12:07,Lecture & Tutorial,9884b334971ebad301bb43f2904952401b18c801ac4ca2086c5b29a7208570d1
44716,27/07/2017 12:07,Lecture & Tutorial,9884b334971ebad301bb43f2904952401b18c801ac4ca2086c5b29a7208570d1
44717,27/07/2017 12:07,Lecture & Tutorial,9884b334971ebad301bb43f2904952401b18c801ac4ca2086c5b29a7208570d1
44718,27/07/2017 12:07,Lecture & Tutorial,9884b334971ebad301bb43f2904952401b18c801ac4ca2086c5b29a7208570d1
44719,27/07/2017 12:07,Lecture & Tutorial,9884b334971ebad301bb43f2904952401b18c801ac4ca2086c5b29a7208570d1
44720,27/07/2017 12:07,Lecture & Tutorial,304c77ec8cac2a4f40e6d2d7b54fc54599bb56353df5a52ce307ade4b011c7a8
44721,27/07/2017 12:07,Lecture & Tutorial,304c77ec8cac2a4f40e6d2d7b54fc54599bb56353df5a52ce307ade4b011c7a8
44722,27/07/2017 12:06,View Announcements,1c96a098597262d3ac12d3a93f000b1709d585acb42269bd47f721d1f0c2516d
44723,27/07/2017 12:06,Projects,1c96a098597262d3ac12d3a93f000b1709d585acb42269bd47f721d1f0c2516d
44724,27/07/2017 12:06,Projects,1c96a098597262d3ac12d3a93f000b1709d585acb42269bd47f721d1f0c2516d
44725,27/07/2017 12:06,Assessment,1c96a098597262d3ac12d3a93f000b1709d585acb42269bd47f721d1f0c2516d
44726,27/07/2017 12:06,Projects,1c96a098597262d3ac12d3a93f000b1709d585acb42269bd47f721d1f0c2516d
44727,27/07/2017 12:06,Assessment,1c96a098597262d3ac12d3a93f000b1709d585acb42269bd47f721d1f0c2516d
44728,27/07/2017 12:06,View Announcements,1c96a098597262d3ac12d3a93f000b1709d585acb42269bd47f721d1f0c2516d
44729,27/07/2017 12:06,Assessment,1c96a098597262d3ac12d3a93f000b1709d585acb42269bd47f721d1f0c2516d
44730,27/07/2017 12:06,Problem Solving,1c96a098597262d3ac12d3a93f000b1709d585acb42269bd47f721d1f0c2516d
44731,27/07/2017 12:06,Problem Solving,1c96a098597262d3ac12d3a93f000b1709d585acb42269bd47f721d1f0c2516d
44732,27/07/2017 12:05,Assessment,1c96a098597262d3ac12d3a93f000b1709d585acb42269bd47f721d1f0c2516d
44733,27/07/2017 12:05,View Announcements,1c96a098597262d3ac12d3a93f000b1709d585acb42269bd47f721d1f0c2516d
44734,27/07/2017 12:05,Assessment,1c96a098597262d3ac12d3a93f000b1709d585acb42269bd47f721d1f0c2516d
44735,27/07/2017 12:05,View Announcements,1c96a098597262d3ac12d3a93f000b1709d585acb42269bd47f721d1f0c2516d
44736,27/07/2017 12:05,Assessment,1c96a098597262d3ac12d3a93f000b1709d585acb42269bd47f721d1f0c2516d
44737,27/07/2017 12:05,Materials,1c96a098597262d3ac12d3a93f000b1709d585acb42269bd47f721d1f0c2516d
44738,27/07/2017 12:05,Assessment,1c96a098597262d3ac12d3a93f000b1709d585acb42269bd47f721d1f0c2516d
44739,27/07/2017 12:05,Materials,1c96a098597262d3ac12d3a93f000b1709d585acb42269bd47f721d1f0c2516d
44740,27/07/2017 12:05,Materials,1c96a098597262d3ac12d3a93f000b1709d585acb42269bd47f721d1f0c2516d
44741,27/07/2017 12:05,Problem Solving,9efc23dff9fe34aee71ec99f0e2874268a8643158b80bf15b0537003530f12ca
44742,27/07/2017 12:05,Lecture & Tutorial,9efc23dff9fe34aee71ec99f0e2874268a8643158b80bf15b0537003530f12ca
44743,27/07/2017 12:05,Problem Solving,9efc23dff9fe34aee71ec99f0e2874268a8643158b80bf15b0537003530f12ca
44744,27/07/2017 12:05,Materials,1c96a098597262d3ac12d3a93f000b1709d585acb42269bd47f721d1f0c2516d
44745,27/07/2017 12:05,Materials,9efc23dff9fe34aee71ec99f0e2874268a8643158b80bf15b0537003530f12ca
44746,27/07/2017 12:04,Materials,9efc23dff9fe34aee71ec99f0e2874268a8643158b80bf15b0537003530f12ca
44747,27/07/2017 12:04,Assessment,1c96a098597262d3ac12d3a93f000b1709d585acb42269bd47f721d1f0c2516d
44748,27/07/2017 12:04,View Announcements,1c96a098597262d3ac12d3a93f000b1709d585acb42269bd47f721d1f0c2516d
44749,27/07/2017 12:04,Materials,9efc23dff9fe34aee71ec99f0e2874268a8643158b80bf15b0537003530f12ca
44750,27/07/2017 12:04,Materials,e3c38788094fb5d511d9dee9a05afea67d38a2e283e98ac465c4a059ecae274b
44751,27/07/2017 12:03,Materials,e3c38788094fb5d511d9dee9a05afea67d38a2e283e98ac465c4a059ecae274b
44752,27/07/2017 12:03,Materials,e3c38788094fb5d511d9dee9a05afea67d38a2e283e98ac465c4a059ecae274b
44753,27/07/2017 12:03,Materials,e3c38788094fb5d511d9dee9a05afea67d38a2e283e98ac465c4a059ecae274b
44754,27/07/2017 12:03,Materials,e3c38788094fb5d511d9dee9a05afea67d38a2e283e98ac465c4a059ecae274b
44755,27/07/2017 12:03,Materials,e3c38788094fb5d511d9dee9a05afea67d38a2e283e98ac465c4a059ecae274b
44756,27/07/2017 12:03,Lecture & Tutorial,e3c38788094fb5d511d9dee9a05afea67d38a2e283e98ac465c4a059ecae274b
44757,27/07/2017 12:03,Lecture & Tutorial,e3c38788094fb5d511d9dee9a05afea67d38a2e283e98ac465c4a059ecae274b
44758,27/07/2017 12:03,Materials,e3c38788094fb5d511d9dee9a05afea67d38a2e283e98ac465c4a059ecae274b
44759,27/07/2017 12:03,Lecture & Tutorial,e3c38788094fb5d511d9dee9a05afea67d38a2e283e98ac465c4a059ecae274b
44760,27/07/2017 12:03,Lecture & Tutorial,e3c38788094fb5d511d9dee9a05afea67d38a2e283e98ac465c4a059ecae274b
44761,27/07/2017 12:01,Projects,935e9a10392d238b61ed6491d9f67cc1a0f0546e5f41fd31b03def1e65b1db19
44762,27/07/2017 12:01,Projects,935e9a10392d238b61ed6491d9f67cc1a0f0546e5f41fd31b03def1e65b1db19
44763,27/07/2017 12:01,Lecture & Tutorial,935e9a10392d238b61ed6491d9f67cc1a0f0546e5f41fd31b03def1e65b1db19
44764,27/07/2017 12:01,View Announcements,935e9a10392d238b61ed6491d9f67cc1a0f0546e5f41fd31b03def1e65b1db19
44765,27/07/2017 12:01,View Announcements,9efc23dff9fe34aee71ec99f0e2874268a8643158b80bf15b0537003530f12ca
44766,27/07/2017 12:01,Materials,9efc23dff9fe34aee71ec99f0e2874268a8643158b80bf15b0537003530f12ca
44767,27/07/2017 12:01,Materials,9efc23dff9fe34aee71ec99f0e2874268a8643158b80bf15b0537003530f12ca
44768,27/07/2017 12:01,Lecture & Tutorial,9efc23dff9fe34aee71ec99f0e2874268a8643158b80bf15b0537003530f12ca
44769,27/07/2017 12:01,Materials,9efc23dff9fe34aee71ec99f0e2874268a8643158b80bf15b0537003530f12ca
44770,27/07/2017 12:00,Materials,9efc23dff9fe34aee71ec99f0e2874268a8643158b80bf15b0537003530f12ca
44771,27/07/2017 11:59,Materials,9efc23dff9fe34aee71ec99f0e2874268a8643158b80bf15b0537003530f12ca
44772,27/07/2017 11:59,Lecture & Tutorial,6c3f27c90656ac6d6d9f766b84c79b791cf16df9656b2493643b87df346b683c
44773,27/07/2017 11:59,Lecture & Tutorial,6c3f27c90656ac6d6d9f766b84c79b791cf16df9656b2493643b87df346b683c
44774,27/07/2017 11:57,Materials,9efc23dff9fe34aee71ec99f0e2874268a8643158b80bf15b0537003530f12ca
44775,27/07/2017 11:57,Materials,9efc23dff9fe34aee71ec99f0e2874268a8643158b80bf15b0537003530f12ca
44776,27/07/2017 11:57,Materials,9efc23dff9fe34aee71ec99f0e2874268a8643158b80bf15b0537003530f12ca
44777,27/07/2017 11:57,Materials,9efc23dff9fe34aee71ec99f0e2874268a8643158b80bf15b0537003530f12ca
44778,27/07/2017 11:57,Lecture & Tutorial,9efc23dff9fe34aee71ec99f0e2874268a8643158b80bf15b0537003530f12ca
44779,27/07/2017 11:56,Materials,9efc23dff9fe34aee71ec99f0e2874268a8643158b80bf15b0537003530f12ca
44780,27/07/2017 11:56,Lecture & Tutorial,9efc23dff9fe34aee71ec99f0e2874268a8643158b80bf15b0537003530f12ca
44781,27/07/2017 11:56,Materials,9efc23dff9fe34aee71ec99f0e2874268a8643158b80bf15b0537003530f12ca
44782,27/07/2017 11:56,Projects,2374d7afebaf0efe13468ee104ddd320b0558c86955a4d548d72791b3c34f13a
44783,27/07/2017 11:56,Projects,2374d7afebaf0efe13468ee104ddd320b0558c86955a4d548d72791b3c34f13a
44784,27/07/2017 11:56,Lecture & Tutorial,2374d7afebaf0efe13468ee104ddd320b0558c86955a4d548d72791b3c34f13a
44785,27/07/2017 11:56,View Announcements,2374d7afebaf0efe13468ee104ddd320b0558c86955a4d548d72791b3c34f13a
44786,27/07/2017 11:55,Materials,9efc23dff9fe34aee71ec99f0e2874268a8643158b80bf15b0537003530f12ca
44787,27/07/2017 11:55,Lecture & Tutorial,9efc23dff9fe34aee71ec99f0e2874268a8643158b80bf15b0537003530f12ca
44788,27/07/2017 11:55,Materials,9efc23dff9fe34aee71ec99f0e2874268a8643158b80bf15b0537003530f12ca
44789,27/07/2017 11:55,Problem Solving,9efc23dff9fe34aee71ec99f0e2874268a8643158b80bf15b0537003530f12ca
44790,27/07/2017 11:55,Problem Solving,9efc23dff9fe34aee71ec99f0e2874268a8643158b80bf15b0537003530f12ca
44791,27/07/2017 11:55,Lecture & Tutorial,9efc23dff9fe34aee71ec99f0e2874268a8643158b80bf15b0537003530f12ca
44792,27/07/2017 11:54,Materials,9efc23dff9fe34aee71ec99f0e2874268a8643158b80bf15b0537003530f12ca
44793,27/07/2017 11:54,Materials,9efc23dff9fe34aee71ec99f0e2874268a8643158b80bf15b0537003530f12ca
44794,27/07/2017 11:54,Lecture & Tutorial,9efc23dff9fe34aee71ec99f0e2874268a8643158b80bf15b0537003530f12ca
44795,27/07/2017 11:54,Assessment,bf8d090eef21d7f21a7968fda37caeaad9b09f6eb45c5f18469c3736a83035d7
44796,27/07/2017 11:53,Problem Solving,9efc23dff9fe34aee71ec99f0e2874268a8643158b80bf15b0537003530f12ca
44797,27/07/2017 11:52,Problem Solving,9efc23dff9fe34aee71ec99f0e2874268a8643158b80bf15b0537003530f12ca
44798,27/07/2017 11:52,Problem Solving,9efc23dff9fe34aee71ec99f0e2874268a8643158b80bf15b0537003530f12ca
44799,27/07/2017 11:52,Problem Solving,9efc23dff9fe34aee71ec99f0e2874268a8643158b80bf15b0537003530f12ca
44800,27/07/2017 11:52,Lecture & Tutorial,9efc23dff9fe34aee71ec99f0e2874268a8643158b80bf15b0537003530f12ca
44801,27/07/2017 11:52,Problem Solving,9efc23dff9fe34aee71ec99f0e2874268a8643158b80bf15b0537003530f12ca
44802,27/07/2017 11:52,Lecture & Tutorial,9efc23dff9fe34aee71ec99f0e2874268a8643158b80bf15b0537003530f12ca
44803,27/07/2017 11:52,Projects,9efc23dff9fe34aee71ec99f0e2874268a8643158b80bf15b0537003530f12ca
44804,27/07/2017 11:49,Projects,939d17cc9c35d36a287d54beec9c479deffb9879b8351eca30ced5e71e3337f8
44805,27/07/2017 11:49,View Announcements,939d17cc9c35d36a287d54beec9c479deffb9879b8351eca30ced5e71e3337f8
44806,27/07/2017 11:49,View Announcements,939d17cc9c35d36a287d54beec9c479deffb9879b8351eca30ced5e71e3337f8
44807,27/07/2017 11:49,View Announcements,939d17cc9c35d36a287d54beec9c479deffb9879b8351eca30ced5e71e3337f8
44808,27/07/2017 11:49,Lecture & Tutorial,672b6fb6431e731c7cad9797d2425593616b49134335dfe09cff1fcbda59e433
44809,27/07/2017 11:49,Lecture & Tutorial,672b6fb6431e731c7cad9797d2425593616b49134335dfe09cff1fcbda59e433
44810,27/07/2017 11:48,View Announcements,939d17cc9c35d36a287d54beec9c479deffb9879b8351eca30ced5e71e3337f8
44811,27/07/2017 11:48,View Announcements,939d17cc9c35d36a287d54beec9c479deffb9879b8351eca30ced5e71e3337f8
44812,27/07/2017 11:48,Lecture & Tutorial,6c3f27c90656ac6d6d9f766b84c79b791cf16df9656b2493643b87df346b683c
44813,27/07/2017 11:48,Lecture & Tutorial,6c3f27c90656ac6d6d9f766b84c79b791cf16df9656b2493643b87df346b683c
44814,27/07/2017 11:48,View Announcements,939d17cc9c35d36a287d54beec9c479deffb9879b8351eca30ced5e71e3337f8
44815,27/07/2017 11:47,View Announcements,c231590f7844593c994a2fc4b91c90c6ab8ec68567b53a1c27794e3ee1321ad2
44816,27/07/2017 11:45,View Announcements,78c046463641fc775d30a4111b13df778f336f5bfd6e9cc4cdae835615d05213
44817,27/07/2017 11:45,View Announcements,c7dfc1ff14d5ff0d5265d0d70725f056399167f3974633e9929ad70aa9774c66
44818,27/07/2017 11:43,Question & Help,78c046463641fc775d30a4111b13df778f336f5bfd6e9cc4cdae835615d05213
44819,27/07/2017 11:43,Lecture & Tutorial,b034f1339a1ef49598a05e2e25b4ee68a0f1f587221210b49ea1ff5ed5b6abc6
44820,27/07/2017 11:43,Lecture & Tutorial,b034f1339a1ef49598a05e2e25b4ee68a0f1f587221210b49ea1ff5ed5b6abc6
44821,27/07/2017 11:43,Lecture & Tutorial,b034f1339a1ef49598a05e2e25b4ee68a0f1f587221210b49ea1ff5ed5b6abc6
44822,27/07/2017 11:42,Lecture & Tutorial,b034f1339a1ef49598a05e2e25b4ee68a0f1f587221210b49ea1ff5ed5b6abc6
44823,27/07/2017 11:42,Lecture & Tutorial,b034f1339a1ef49598a05e2e25b4ee68a0f1f587221210b49ea1ff5ed5b6abc6
44824,27/07/2017 11:41,Materials,2c265cf741dde06fe65737b5bb56e5f984bf3c309e515ccce24bef11976268c2
44825,27/07/2017 11:40,Materials,2c265cf741dde06fe65737b5bb56e5f984bf3c309e515ccce24bef11976268c2
44826,27/07/2017 11:40,Materials,2c265cf741dde06fe65737b5bb56e5f984bf3c309e515ccce24bef11976268c2
44827,27/07/2017 11:40,Materials,2c265cf741dde06fe65737b5bb56e5f984bf3c309e515ccce24bef11976268c2
44828,27/07/2017 11:40,Materials,2c265cf741dde06fe65737b5bb56e5f984bf3c309e515ccce24bef11976268c2
44829,27/07/2017 11:39,Materials,7d64bc5f5058605c9de4a0aa9b18ef4f5b059aa3e7c3b06ff43ed3bc2620edff
44830,27/07/2017 11:39,Materials,7d64bc5f5058605c9de4a0aa9b18ef4f5b059aa3e7c3b06ff43ed3bc2620edff
44831,27/07/2017 11:39,Lecture & Tutorial,7d64bc5f5058605c9de4a0aa9b18ef4f5b059aa3e7c3b06ff43ed3bc2620edff
44832,27/07/2017 11:39,View Announcements,7d64bc5f5058605c9de4a0aa9b18ef4f5b059aa3e7c3b06ff43ed3bc2620edff
44833,27/07/2017 11:39,Materials,2c265cf741dde06fe65737b5bb56e5f984bf3c309e515ccce24bef11976268c2
44834,27/07/2017 11:38,Materials,2c265cf741dde06fe65737b5bb56e5f984bf3c309e515ccce24bef11976268c2
44835,27/07/2017 11:38,Materials,2c265cf741dde06fe65737b5bb56e5f984bf3c309e515ccce24bef11976268c2
44836,27/07/2017 11:37,Materials,2c265cf741dde06fe65737b5bb56e5f984bf3c309e515ccce24bef11976268c2
44837,27/07/2017 11:36,Materials,2c265cf741dde06fe65737b5bb56e5f984bf3c309e515ccce24bef11976268c2
44838,27/07/2017 11:36,Materials,2c265cf741dde06fe65737b5bb56e5f984bf3c309e515ccce24bef11976268c2
44839,27/07/2017 11:35,Materials,2c265cf741dde06fe65737b5bb56e5f984bf3c309e515ccce24bef11976268c2
44840,27/07/2017 11:34,Materials,2c265cf741dde06fe65737b5bb56e5f984bf3c309e515ccce24bef11976268c2
44841,27/07/2017 11:34,Projects,11d7ff98f8522142c6d317b262cb022715b99ed2b39fcff4ed8dc4eeb1a84361
44842,27/07/2017 11:34,Lecture & Tutorial,11d7ff98f8522142c6d317b262cb022715b99ed2b39fcff4ed8dc4eeb1a84361
44843,27/07/2017 11:34,Projects,11d7ff98f8522142c6d317b262cb022715b99ed2b39fcff4ed8dc4eeb1a84361
44844,27/07/2017 11:34,Lecture & Tutorial,11d7ff98f8522142c6d317b262cb022715b99ed2b39fcff4ed8dc4eeb1a84361
44845,27/07/2017 11:34,Lecture & Tutorial,11d7ff98f8522142c6d317b262cb022715b99ed2b39fcff4ed8dc4eeb1a84361
44846,27/07/2017 11:34,Lecture & Tutorial,11d7ff98f8522142c6d317b262cb022715b99ed2b39fcff4ed8dc4eeb1a84361
44847,27/07/2017 11:34,Lecture & Tutorial,11d7ff98f8522142c6d317b262cb022715b99ed2b39fcff4ed8dc4eeb1a84361
44848,27/07/2017 11:34,Lecture & Tutorial,11d7ff98f8522142c6d317b262cb022715b99ed2b39fcff4ed8dc4eeb1a84361
44849,27/07/2017 11:34,Lecture & Tutorial,11d7ff98f8522142c6d317b262cb022715b99ed2b39fcff4ed8dc4eeb1a84361
44850,27/07/2017 11:34,Materials,2c265cf741dde06fe65737b5bb56e5f984bf3c309e515ccce24bef11976268c2
44851,27/07/2017 11:34,Lecture & Tutorial,11d7ff98f8522142c6d317b262cb022715b99ed2b39fcff4ed8dc4eeb1a84361
44852,27/07/2017 11:34,Lecture & Tutorial,11d7ff98f8522142c6d317b262cb022715b99ed2b39fcff4ed8dc4eeb1a84361
44853,27/07/2017 11:34,Lecture & Tutorial,11d7ff98f8522142c6d317b262cb022715b99ed2b39fcff4ed8dc4eeb1a84361
44854,27/07/2017 11:34,Lecture & Tutorial,11d7ff98f8522142c6d317b262cb022715b99ed2b39fcff4ed8dc4eeb1a84361
44855,27/07/2017 11:34,Lecture & Tutorial,11d7ff98f8522142c6d317b262cb022715b99ed2b39fcff4ed8dc4eeb1a84361
44856,27/07/2017 11:34,Lecture & Tutorial,11d7ff98f8522142c6d317b262cb022715b99ed2b39fcff4ed8dc4eeb1a84361
44857,27/07/2017 11:34,Lecture & Tutorial,11d7ff98f8522142c6d317b262cb022715b99ed2b39fcff4ed8dc4eeb1a84361
44858,27/07/2017 11:34,Lecture & Tutorial,11d7ff98f8522142c6d317b262cb022715b99ed2b39fcff4ed8dc4eeb1a84361
44859,27/07/2017 11:34,Lecture & Tutorial,11d7ff98f8522142c6d317b262cb022715b99ed2b39fcff4ed8dc4eeb1a84361
44860,27/07/2017 11:34,Lecture & Tutorial,11d7ff98f8522142c6d317b262cb022715b99ed2b39fcff4ed8dc4eeb1a84361
44861,27/07/2017 11:32,Assessment,78c046463641fc775d30a4111b13df778f336f5bfd6e9cc4cdae835615d05213
44862,27/07/2017 11:32,Assessment,78c046463641fc775d30a4111b13df778f336f5bfd6e9cc4cdae835615d05213
44863,27/07/2017 11:32,View Announcements,78c046463641fc775d30a4111b13df778f336f5bfd6e9cc4cdae835615d05213
44864,27/07/2017 11:32,View Announcements,78c046463641fc775d30a4111b13df778f336f5bfd6e9cc4cdae835615d05213
44865,27/07/2017 11:32,Instruction file,78c046463641fc775d30a4111b13df778f336f5bfd6e9cc4cdae835615d05213
44866,27/07/2017 11:32,View Announcements,78c046463641fc775d30a4111b13df778f336f5bfd6e9cc4cdae835615d05213
44867,27/07/2017 11:32,Problem Solving,5430431444134cf9c56185321f7b772eac848e2327b3ce34fcb8df1f9a7f9c0d
44868,27/07/2017 11:32,Lecture & Tutorial,5430431444134cf9c56185321f7b772eac848e2327b3ce34fcb8df1f9a7f9c0d
44869,27/07/2017 11:32,View Announcements,78c046463641fc775d30a4111b13df778f336f5bfd6e9cc4cdae835615d05213
44870,27/07/2017 11:32,Materials,2c265cf741dde06fe65737b5bb56e5f984bf3c309e515ccce24bef11976268c2
44871,27/07/2017 11:31,Materials,2c265cf741dde06fe65737b5bb56e5f984bf3c309e515ccce24bef11976268c2
44872,27/07/2017 11:31,Materials,2c265cf741dde06fe65737b5bb56e5f984bf3c309e515ccce24bef11976268c2
44873,27/07/2017 11:31,Materials,78c046463641fc775d30a4111b13df778f336f5bfd6e9cc4cdae835615d05213
44874,27/07/2017 11:31,Lecture & Tutorial,78c046463641fc775d30a4111b13df778f336f5bfd6e9cc4cdae835615d05213
44875,27/07/2017 11:31,Materials,2c265cf741dde06fe65737b5bb56e5f984bf3c309e515ccce24bef11976268c2
44876,27/07/2017 11:31,View Announcements,78c046463641fc775d30a4111b13df778f336f5bfd6e9cc4cdae835615d05213
44877,27/07/2017 11:31,View Announcements,78c046463641fc775d30a4111b13df778f336f5bfd6e9cc4cdae835615d05213
44878,27/07/2017 11:31,View Announcements,78c046463641fc775d30a4111b13df778f336f5bfd6e9cc4cdae835615d05213
44879,27/07/2017 11:31,View Announcements,78c046463641fc775d30a4111b13df778f336f5bfd6e9cc4cdae835615d05213
44880,27/07/2017 11:31,View Announcements,78c046463641fc775d30a4111b13df778f336f5bfd6e9cc4cdae835615d05213
44881,27/07/2017 11:31,Lecture & Tutorial,78c046463641fc775d30a4111b13df778f336f5bfd6e9cc4cdae835615d05213
44882,27/07/2017 11:31,Problem Solving,78c046463641fc775d30a4111b13df778f336f5bfd6e9cc4cdae835615d05213
44883,27/07/2017 11:31,Lecture & Tutorial,78c046463641fc775d30a4111b13df778f336f5bfd6e9cc4cdae835615d05213
44884,27/07/2017 11:31,Materials,2c265cf741dde06fe65737b5bb56e5f984bf3c309e515ccce24bef11976268c2
44885,27/07/2017 11:31,Materials,2c265cf741dde06fe65737b5bb56e5f984bf3c309e515ccce24bef11976268c2
44886,27/07/2017 11:31,View Announcements,78c046463641fc775d30a4111b13df778f336f5bfd6e9cc4cdae835615d05213
44887,27/07/2017 11:30,Materials,2c265cf741dde06fe65737b5bb56e5f984bf3c309e515ccce24bef11976268c2
44888,27/07/2017 11:30,Lecture & Tutorial,78c046463641fc775d30a4111b13df778f336f5bfd6e9cc4cdae835615d05213
44889,27/07/2017 11:30,Lecture & Tutorial,78c046463641fc775d30a4111b13df778f336f5bfd6e9cc4cdae835615d05213
44890,27/07/2017 11:30,Lecture & Tutorial,78c046463641fc775d30a4111b13df778f336f5bfd6e9cc4cdae835615d05213
44891,27/07/2017 11:30,Lecture & Tutorial,78c046463641fc775d30a4111b13df778f336f5bfd6e9cc4cdae835615d05213
44892,27/07/2017 11:30,Lecture & Tutorial,78c046463641fc775d30a4111b13df778f336f5bfd6e9cc4cdae835615d05213
44893,27/07/2017 11:29,Assessment,7d64bc5f5058605c9de4a0aa9b18ef4f5b059aa3e7c3b06ff43ed3bc2620edff
44894,27/07/2017 11:29,Assessment,7d64bc5f5058605c9de4a0aa9b18ef4f5b059aa3e7c3b06ff43ed3bc2620edff
44895,27/07/2017 11:29,Assessment,7d64bc5f5058605c9de4a0aa9b18ef4f5b059aa3e7c3b06ff43ed3bc2620edff
44896,27/07/2017 11:29,View Announcements,7d64bc5f5058605c9de4a0aa9b18ef4f5b059aa3e7c3b06ff43ed3bc2620edff
44897,27/07/2017 11:29,View Announcements,7d64bc5f5058605c9de4a0aa9b18ef4f5b059aa3e7c3b06ff43ed3bc2620edff
44898,27/07/2017 11:29,View Announcements,7d64bc5f5058605c9de4a0aa9b18ef4f5b059aa3e7c3b06ff43ed3bc2620edff
44899,27/07/2017 11:29,View Announcements,7d64bc5f5058605c9de4a0aa9b18ef4f5b059aa3e7c3b06ff43ed3bc2620edff
44900,27/07/2017 11:28,View Announcements,7d64bc5f5058605c9de4a0aa9b18ef4f5b059aa3e7c3b06ff43ed3bc2620edff
44901,27/07/2017 11:28,View Announcements,7d64bc5f5058605c9de4a0aa9b18ef4f5b059aa3e7c3b06ff43ed3bc2620edff
44902,27/07/2017 11:28,Projects,35e52143d3e96ffa418c9d54bb266b1a9f55fbc20b5ef102191831c9b0537791
44903,27/07/2017 11:28,Materials,7d64bc5f5058605c9de4a0aa9b18ef4f5b059aa3e7c3b06ff43ed3bc2620edff
44904,27/07/2017 11:28,Projects,35e52143d3e96ffa418c9d54bb266b1a9f55fbc20b5ef102191831c9b0537791
44905,27/07/2017 11:28,Lecture & Tutorial,8c9b0c60d1fd9a92ce42aa37c195938412b0cec51f36eb6e44701507d8aaac89
44906,27/07/2017 11:28,Lecture & Tutorial,8c9b0c60d1fd9a92ce42aa37c195938412b0cec51f36eb6e44701507d8aaac89
44907,27/07/2017 11:28,Lecture & Tutorial,8c9b0c60d1fd9a92ce42aa37c195938412b0cec51f36eb6e44701507d8aaac89
44908,27/07/2017 11:28,Lecture & Tutorial,8c9b0c60d1fd9a92ce42aa37c195938412b0cec51f36eb6e44701507d8aaac89
44909,27/07/2017 11:28,Lecture & Tutorial,8c9b0c60d1fd9a92ce42aa37c195938412b0cec51f36eb6e44701507d8aaac89
44910,27/07/2017 11:28,Lecture & Tutorial,8c9b0c60d1fd9a92ce42aa37c195938412b0cec51f36eb6e44701507d8aaac89
44911,27/07/2017 11:28,Lecture & Tutorial,8c9b0c60d1fd9a92ce42aa37c195938412b0cec51f36eb6e44701507d8aaac89
44912,27/07/2017 11:28,Lecture & Tutorial,8c9b0c60d1fd9a92ce42aa37c195938412b0cec51f36eb6e44701507d8aaac89
44913,27/07/2017 11:28,Lecture & Tutorial,8c9b0c60d1fd9a92ce42aa37c195938412b0cec51f36eb6e44701507d8aaac89
44914,27/07/2017 11:28,Lecture & Tutorial,8c9b0c60d1fd9a92ce42aa37c195938412b0cec51f36eb6e44701507d8aaac89
44915,27/07/2017 11:28,Lecture & Tutorial,8c9b0c60d1fd9a92ce42aa37c195938412b0cec51f36eb6e44701507d8aaac89
44916,27/07/2017 11:28,Lecture & Tutorial,8c9b0c60d1fd9a92ce42aa37c195938412b0cec51f36eb6e44701507d8aaac89
44917,27/07/2017 11:28,Lecture & Tutorial,8c9b0c60d1fd9a92ce42aa37c195938412b0cec51f36eb6e44701507d8aaac89
44918,27/07/2017 11:28,Lecture & Tutorial,8c9b0c60d1fd9a92ce42aa37c195938412b0cec51f36eb6e44701507d8aaac89
44919,27/07/2017 11:28,Lecture & Tutorial,35e52143d3e96ffa418c9d54bb266b1a9f55fbc20b5ef102191831c9b0537791
44920,27/07/2017 11:28,Lecture & Tutorial,8c9b0c60d1fd9a92ce42aa37c195938412b0cec51f36eb6e44701507d8aaac89
44921,27/07/2017 11:28,Lecture & Tutorial,8c9b0c60d1fd9a92ce42aa37c195938412b0cec51f36eb6e44701507d8aaac89
44922,27/07/2017 11:28,Projects,35e52143d3e96ffa418c9d54bb266b1a9f55fbc20b5ef102191831c9b0537791
44923,27/07/2017 11:28,Projects,35e52143d3e96ffa418c9d54bb266b1a9f55fbc20b5ef102191831c9b0537791
44924,27/07/2017 11:27,Materials,7d64bc5f5058605c9de4a0aa9b18ef4f5b059aa3e7c3b06ff43ed3bc2620edff
44925,27/07/2017 11:27,Lecture & Tutorial,7d64bc5f5058605c9de4a0aa9b18ef4f5b059aa3e7c3b06ff43ed3bc2620edff
44926,27/07/2017 11:27,Projects,35e52143d3e96ffa418c9d54bb266b1a9f55fbc20b5ef102191831c9b0537791
44927,27/07/2017 11:27,Projects,7d64bc5f5058605c9de4a0aa9b18ef4f5b059aa3e7c3b06ff43ed3bc2620edff
44928,27/07/2017 11:27,Projects,35e52143d3e96ffa418c9d54bb266b1a9f55fbc20b5ef102191831c9b0537791
44929,27/07/2017 11:27,Projects,35e52143d3e96ffa418c9d54bb266b1a9f55fbc20b5ef102191831c9b0537791
44930,27/07/2017 11:27,Projects,7d64bc5f5058605c9de4a0aa9b18ef4f5b059aa3e7c3b06ff43ed3bc2620edff
44931,27/07/2017 11:27,Projects,35e52143d3e96ffa418c9d54bb266b1a9f55fbc20b5ef102191831c9b0537791
44932,27/07/2017 11:27,Projects,7d64bc5f5058605c9de4a0aa9b18ef4f5b059aa3e7c3b06ff43ed3bc2620edff
44933,27/07/2017 11:27,Lecture & Tutorial,7d64bc5f5058605c9de4a0aa9b18ef4f5b059aa3e7c3b06ff43ed3bc2620edff
44934,27/07/2017 11:26,Projects,7d64bc5f5058605c9de4a0aa9b18ef4f5b059aa3e7c3b06ff43ed3bc2620edff
44935,27/07/2017 11:26,Lecture & Tutorial,7d64bc5f5058605c9de4a0aa9b18ef4f5b059aa3e7c3b06ff43ed3bc2620edff
44936,27/07/2017 11:25,Problem Solving,0f2211846603be95d02113ef3861b3550c5bf3bc7bbfa5ddb22107378a6b303a
44937,27/07/2017 11:25,Problem Solving,0f2211846603be95d02113ef3861b3550c5bf3bc7bbfa5ddb22107378a6b303a
44938,27/07/2017 11:25,Assessment,0f2211846603be95d02113ef3861b3550c5bf3bc7bbfa5ddb22107378a6b303a
44939,27/07/2017 11:24,Assessment,0f2211846603be95d02113ef3861b3550c5bf3bc7bbfa5ddb22107378a6b303a
44940,27/07/2017 11:24,Assessment,0f2211846603be95d02113ef3861b3550c5bf3bc7bbfa5ddb22107378a6b303a
44941,27/07/2017 11:24,Assessment,0f2211846603be95d02113ef3861b3550c5bf3bc7bbfa5ddb22107378a6b303a
44942,27/07/2017 11:24,Instruction file,7d64bc5f5058605c9de4a0aa9b18ef4f5b059aa3e7c3b06ff43ed3bc2620edff
44943,27/07/2017 11:24,Instruction file,7d64bc5f5058605c9de4a0aa9b18ef4f5b059aa3e7c3b06ff43ed3bc2620edff
44944,27/07/2017 11:24,Instruction file,7d64bc5f5058605c9de4a0aa9b18ef4f5b059aa3e7c3b06ff43ed3bc2620edff
44945,27/07/2017 11:24,Instruction file,7d64bc5f5058605c9de4a0aa9b18ef4f5b059aa3e7c3b06ff43ed3bc2620edff
44946,27/07/2017 11:24,View Announcements,0f2211846603be95d02113ef3861b3550c5bf3bc7bbfa5ddb22107378a6b303a
44947,27/07/2017 11:24,Lecture & Tutorial,7d64bc5f5058605c9de4a0aa9b18ef4f5b059aa3e7c3b06ff43ed3bc2620edff
44948,27/07/2017 11:24,View Announcements,0f2211846603be95d02113ef3861b3550c5bf3bc7bbfa5ddb22107378a6b303a
44949,27/07/2017 11:24,View Announcements,0f2211846603be95d02113ef3861b3550c5bf3bc7bbfa5ddb22107378a6b303a
44950,27/07/2017 11:23,Lecture & Tutorial,0f2211846603be95d02113ef3861b3550c5bf3bc7bbfa5ddb22107378a6b303a
44951,27/07/2017 11:23,Lecture & Tutorial,0f2211846603be95d02113ef3861b3550c5bf3bc7bbfa5ddb22107378a6b303a
44952,27/07/2017 11:23,Lecture & Tutorial,0f2211846603be95d02113ef3861b3550c5bf3bc7bbfa5ddb22107378a6b303a
44953,27/07/2017 11:22,Materials,0f2211846603be95d02113ef3861b3550c5bf3bc7bbfa5ddb22107378a6b303a
44954,27/07/2017 11:22,Lecture & Tutorial,0f2211846603be95d02113ef3861b3550c5bf3bc7bbfa5ddb22107378a6b303a
44955,27/07/2017 11:22,Instruction file,0f2211846603be95d02113ef3861b3550c5bf3bc7bbfa5ddb22107378a6b303a
44956,27/07/2017 11:22,Projects,35e52143d3e96ffa418c9d54bb266b1a9f55fbc20b5ef102191831c9b0537791
44957,27/07/2017 11:22,Instruction file,0f2211846603be95d02113ef3861b3550c5bf3bc7bbfa5ddb22107378a6b303a
44958,27/07/2017 11:22,Projects,35e52143d3e96ffa418c9d54bb266b1a9f55fbc20b5ef102191831c9b0537791
44959,27/07/2017 11:22,Lecture & Tutorial,0f2211846603be95d02113ef3861b3550c5bf3bc7bbfa5ddb22107378a6b303a
44960,27/07/2017 11:22,Instruction file,0f2211846603be95d02113ef3861b3550c5bf3bc7bbfa5ddb22107378a6b303a
44961,27/07/2017 11:22,Lecture & Tutorial,0f2211846603be95d02113ef3861b3550c5bf3bc7bbfa5ddb22107378a6b303a
44962,27/07/2017 11:22,Lecture & Tutorial,0f2211846603be95d02113ef3861b3550c5bf3bc7bbfa5ddb22107378a6b303a
44963,27/07/2017 11:22,Lecture & Tutorial,0f2211846603be95d02113ef3861b3550c5bf3bc7bbfa5ddb22107378a6b303a
44964,27/07/2017 11:22,Projects,35e52143d3e96ffa418c9d54bb266b1a9f55fbc20b5ef102191831c9b0537791
44965,27/07/2017 11:22,Projects,35e52143d3e96ffa418c9d54bb266b1a9f55fbc20b5ef102191831c9b0537791
44966,27/07/2017 11:21,Projects,35e52143d3e96ffa418c9d54bb266b1a9f55fbc20b5ef102191831c9b0537791
44967,27/07/2017 11:21,Lecture & Tutorial,35e52143d3e96ffa418c9d54bb266b1a9f55fbc20b5ef102191831c9b0537791
44968,27/07/2017 11:21,Projects,35e52143d3e96ffa418c9d54bb266b1a9f55fbc20b5ef102191831c9b0537791
44969,27/07/2017 11:21,Question & Help,0f2211846603be95d02113ef3861b3550c5bf3bc7bbfa5ddb22107378a6b303a
44970,27/07/2017 11:20,View Announcements,f75897248b0fac8423fca4044d9bf92e156aee14ca42e2319f1082306c3e989b
44971,27/07/2017 11:20,View Announcements,0f2211846603be95d02113ef3861b3550c5bf3bc7bbfa5ddb22107378a6b303a
44972,27/07/2017 11:20,Question & Help,0f2211846603be95d02113ef3861b3550c5bf3bc7bbfa5ddb22107378a6b303a
44973,27/07/2017 11:19,Lecture & Tutorial,8b3c57d06caf4ccd59b1add6a644c2cd4cbfff76ca61111b14cee5d93567152d
44974,27/07/2017 11:19,View Announcements,8b3c57d06caf4ccd59b1add6a644c2cd4cbfff76ca61111b14cee5d93567152d
44975,27/07/2017 11:18,Lecture & Tutorial,8b3c57d06caf4ccd59b1add6a644c2cd4cbfff76ca61111b14cee5d93567152d
44976,27/07/2017 11:18,Lecture & Tutorial,8b3c57d06caf4ccd59b1add6a644c2cd4cbfff76ca61111b14cee5d93567152d
44977,27/07/2017 11:18,Lecture & Tutorial,8b3c57d06caf4ccd59b1add6a644c2cd4cbfff76ca61111b14cee5d93567152d
44978,27/07/2017 11:18,Lecture & Tutorial,8b3c57d06caf4ccd59b1add6a644c2cd4cbfff76ca61111b14cee5d93567152d
44979,27/07/2017 11:18,Lecture & Tutorial,8b3c57d06caf4ccd59b1add6a644c2cd4cbfff76ca61111b14cee5d93567152d
44980,27/07/2017 11:18,Lecture & Tutorial,8b3c57d06caf4ccd59b1add6a644c2cd4cbfff76ca61111b14cee5d93567152d
44981,27/07/2017 11:18,Lecture & Tutorial,8b3c57d06caf4ccd59b1add6a644c2cd4cbfff76ca61111b14cee5d93567152d
44982,27/07/2017 11:18,Lecture & Tutorial,8b3c57d06caf4ccd59b1add6a644c2cd4cbfff76ca61111b14cee5d93567152d
44983,27/07/2017 11:18,Lecture & Tutorial,8b3c57d06caf4ccd59b1add6a644c2cd4cbfff76ca61111b14cee5d93567152d
44984,27/07/2017 11:18,Lecture & Tutorial,8b3c57d06caf4ccd59b1add6a644c2cd4cbfff76ca61111b14cee5d93567152d
44985,27/07/2017 11:18,Lecture & Tutorial,8b3c57d06caf4ccd59b1add6a644c2cd4cbfff76ca61111b14cee5d93567152d
44986,27/07/2017 11:18,Lecture & Tutorial,8b3c57d06caf4ccd59b1add6a644c2cd4cbfff76ca61111b14cee5d93567152d
44987,27/07/2017 11:18,Lecture & Tutorial,8b3c57d06caf4ccd59b1add6a644c2cd4cbfff76ca61111b14cee5d93567152d
44988,27/07/2017 11:18,Lecture & Tutorial,8b3c57d06caf4ccd59b1add6a644c2cd4cbfff76ca61111b14cee5d93567152d
44989,27/07/2017 11:18,Lecture & Tutorial,8b3c57d06caf4ccd59b1add6a644c2cd4cbfff76ca61111b14cee5d93567152d
44990,27/07/2017 11:18,Lecture & Tutorial,8b3c57d06caf4ccd59b1add6a644c2cd4cbfff76ca61111b14cee5d93567152d
44991,27/07/2017 11:18,Instruction file,78c046463641fc775d30a4111b13df778f336f5bfd6e9cc4cdae835615d05213
44992,27/07/2017 11:18,Lecture & Tutorial,78c046463641fc775d30a4111b13df778f336f5bfd6e9cc4cdae835615d05213
44993,27/07/2017 11:18,Instruction file,78c046463641fc775d30a4111b13df778f336f5bfd6e9cc4cdae835615d05213
44994,27/07/2017 11:18,Instruction file,78c046463641fc775d30a4111b13df778f336f5bfd6e9cc4cdae835615d05213
44995,27/07/2017 11:18,Instruction file,78c046463641fc775d30a4111b13df778f336f5bfd6e9cc4cdae835615d05213
44996,27/07/2017 11:18,Instruction file,78c046463641fc775d30a4111b13df778f336f5bfd6e9cc4cdae835615d05213
44997,27/07/2017 11:18,Instruction file,78c046463641fc775d30a4111b13df778f336f5bfd6e9cc4cdae835615d05213
44998,27/07/2017 11:18,Instruction file,78c046463641fc775d30a4111b13df778f336f5bfd6e9cc4cdae835615d05213
44999,27/07/2017 11:18,Lecture & Tutorial,78c046463641fc775d30a4111b13df778f336f5bfd6e9cc4cdae835615d05213
45000,27/07/2017 11:18,Projects,bec334f0a96557a55943e54adfd202ff052ab4f589bf35de3e270c3789c192c0
45001,27/07/2017 11:15,Projects,939d17cc9c35d36a287d54beec9c479deffb9879b8351eca30ced5e71e3337f8
45002,27/07/2017 11:15,Assessment,939d17cc9c35d36a287d54beec9c479deffb9879b8351eca30ced5e71e3337f8
45003,27/07/2017 11:15,View Announcements,939d17cc9c35d36a287d54beec9c479deffb9879b8351eca30ced5e71e3337f8
45004,27/07/2017 11:15,Instruction file,0f2211846603be95d02113ef3861b3550c5bf3bc7bbfa5ddb22107378a6b303a
45005,27/07/2017 11:15,View Announcements,0f2211846603be95d02113ef3861b3550c5bf3bc7bbfa5ddb22107378a6b303a
45006,27/07/2017 11:15,Question & Help,0f2211846603be95d02113ef3861b3550c5bf3bc7bbfa5ddb22107378a6b303a
45007,27/07/2017 11:15,View Announcements,0f2211846603be95d02113ef3861b3550c5bf3bc7bbfa5ddb22107378a6b303a
45008,27/07/2017 11:15,Question & Help,0f2211846603be95d02113ef3861b3550c5bf3bc7bbfa5ddb22107378a6b303a
45009,27/07/2017 11:13,Projects,51701d0670e884a8c231a48270d545fd6b6624aad7becfc113f586784fa13ca0
45010,27/07/2017 11:13,Projects,51701d0670e884a8c231a48270d545fd6b6624aad7becfc113f586784fa13ca0
45011,27/07/2017 11:13,Projects,51701d0670e884a8c231a48270d545fd6b6624aad7becfc113f586784fa13ca0
45012,27/07/2017 11:13,Projects,51701d0670e884a8c231a48270d545fd6b6624aad7becfc113f586784fa13ca0
45013,27/07/2017 11:13,View Announcements,939d17cc9c35d36a287d54beec9c479deffb9879b8351eca30ced5e71e3337f8
45014,27/07/2017 11:13,View Announcements,939d17cc9c35d36a287d54beec9c479deffb9879b8351eca30ced5e71e3337f8
45015,27/07/2017 11:13,Lecture & Tutorial,939d17cc9c35d36a287d54beec9c479deffb9879b8351eca30ced5e71e3337f8
45016,27/07/2017 11:13,Lecture & Tutorial,939d17cc9c35d36a287d54beec9c479deffb9879b8351eca30ced5e71e3337f8
45017,27/07/2017 11:13,Lecture & Tutorial,939d17cc9c35d36a287d54beec9c479deffb9879b8351eca30ced5e71e3337f8
45018,27/07/2017 11:13,Lecture & Tutorial,939d17cc9c35d36a287d54beec9c479deffb9879b8351eca30ced5e71e3337f8
45019,27/07/2017 11:13,Lecture & Tutorial,939d17cc9c35d36a287d54beec9c479deffb9879b8351eca30ced5e71e3337f8
45020,27/07/2017 11:13,Lecture & Tutorial,939d17cc9c35d36a287d54beec9c479deffb9879b8351eca30ced5e71e3337f8
45021,27/07/2017 11:13,Lecture & Tutorial,939d17cc9c35d36a287d54beec9c479deffb9879b8351eca30ced5e71e3337f8
45022,27/07/2017 11:13,Lecture & Tutorial,939d17cc9c35d36a287d54beec9c479deffb9879b8351eca30ced5e71e3337f8
45023,27/07/2017 11:13,Lecture & Tutorial,939d17cc9c35d36a287d54beec9c479deffb9879b8351eca30ced5e71e3337f8
45024,27/07/2017 11:13,Lecture & Tutorial,939d17cc9c35d36a287d54beec9c479deffb9879b8351eca30ced5e71e3337f8
45025,27/07/2017 11:13,Lecture & Tutorial,939d17cc9c35d36a287d54beec9c479deffb9879b8351eca30ced5e71e3337f8
45026,27/07/2017 11:13,Lecture & Tutorial,939d17cc9c35d36a287d54beec9c479deffb9879b8351eca30ced5e71e3337f8
45027,27/07/2017 11:13,Lecture & Tutorial,939d17cc9c35d36a287d54beec9c479deffb9879b8351eca30ced5e71e3337f8
45028,27/07/2017 11:13,Lecture & Tutorial,939d17cc9c35d36a287d54beec9c479deffb9879b8351eca30ced5e71e3337f8
45029,27/07/2017 11:13,Lecture & Tutorial,939d17cc9c35d36a287d54beec9c479deffb9879b8351eca30ced5e71e3337f8
45030,27/07/2017 11:13,Lecture & Tutorial,939d17cc9c35d36a287d54beec9c479deffb9879b8351eca30ced5e71e3337f8
45031,27/07/2017 11:11,Lecture & Tutorial,35e52143d3e96ffa418c9d54bb266b1a9f55fbc20b5ef102191831c9b0537791
45032,27/07/2017 11:09,Lecture & Tutorial,35e52143d3e96ffa418c9d54bb266b1a9f55fbc20b5ef102191831c9b0537791
45033,27/07/2017 11:09,Lecture & Tutorial,35e52143d3e96ffa418c9d54bb266b1a9f55fbc20b5ef102191831c9b0537791
45034,27/07/2017 11:08,View Announcements,35e52143d3e96ffa418c9d54bb266b1a9f55fbc20b5ef102191831c9b0537791
45035,27/07/2017 11:08,View Announcements,35e52143d3e96ffa418c9d54bb266b1a9f55fbc20b5ef102191831c9b0537791
45036,27/07/2017 11:07,View Announcements,c7dfc1ff14d5ff0d5265d0d70725f056399167f3974633e9929ad70aa9774c66
45037,27/07/2017 11:06,View Announcements,35e52143d3e96ffa418c9d54bb266b1a9f55fbc20b5ef102191831c9b0537791
45038,27/07/2017 11:06,View Announcements,35e52143d3e96ffa418c9d54bb266b1a9f55fbc20b5ef102191831c9b0537791
45039,27/07/2017 10:59,Materials,5430431444134cf9c56185321f7b772eac848e2327b3ce34fcb8df1f9a7f9c0d
45040,27/07/2017 10:58,Problem Solving,ad3f9dc298721e22e02f2846b17d599ab833e61363d42b6eabbf30c8ba2abcad
45041,27/07/2017 10:58,Materials,5430431444134cf9c56185321f7b772eac848e2327b3ce34fcb8df1f9a7f9c0d
45042,27/07/2017 10:58,Problem Solving,ad3f9dc298721e22e02f2846b17d599ab833e61363d42b6eabbf30c8ba2abcad
45043,27/07/2017 10:58,Lecture & Tutorial,5430431444134cf9c56185321f7b772eac848e2327b3ce34fcb8df1f9a7f9c0d
45044,27/07/2017 10:58,Problem Solving,5430431444134cf9c56185321f7b772eac848e2327b3ce34fcb8df1f9a7f9c0d
45045,27/07/2017 10:58,Lecture & Tutorial,5430431444134cf9c56185321f7b772eac848e2327b3ce34fcb8df1f9a7f9c0d
45046,27/07/2017 10:58,Problem Solving,ad3f9dc298721e22e02f2846b17d599ab833e61363d42b6eabbf30c8ba2abcad
45047,27/07/2017 10:58,Problem Solving,ad3f9dc298721e22e02f2846b17d599ab833e61363d42b6eabbf30c8ba2abcad
45048,27/07/2017 10:58,Problem Solving,ad3f9dc298721e22e02f2846b17d599ab833e61363d42b6eabbf30c8ba2abcad
45049,27/07/2017 10:58,Problem Solving,ad3f9dc298721e22e02f2846b17d599ab833e61363d42b6eabbf30c8ba2abcad
45050,27/07/2017 10:58,Problem Solving,ad3f9dc298721e22e02f2846b17d599ab833e61363d42b6eabbf30c8ba2abcad
45051,27/07/2017 10:58,Problem Solving,ad3f9dc298721e22e02f2846b17d599ab833e61363d42b6eabbf30c8ba2abcad
45052,27/07/2017 10:58,Problem Solving,ad3f9dc298721e22e02f2846b17d599ab833e61363d42b6eabbf30c8ba2abcad
45053,27/07/2017 10:57,Problem Solving,ad3f9dc298721e22e02f2846b17d599ab833e61363d42b6eabbf30c8ba2abcad
45054,27/07/2017 10:57,Problem Solving,ad3f9dc298721e22e02f2846b17d599ab833e61363d42b6eabbf30c8ba2abcad
45055,27/07/2017 10:57,Problem Solving,ad3f9dc298721e22e02f2846b17d599ab833e61363d42b6eabbf30c8ba2abcad
45056,27/07/2017 10:57,Problem Solving,ad3f9dc298721e22e02f2846b17d599ab833e61363d42b6eabbf30c8ba2abcad
45057,27/07/2017 10:57,Problem Solving,ad3f9dc298721e22e02f2846b17d599ab833e61363d42b6eabbf30c8ba2abcad
45058,27/07/2017 10:57,Problem Solving,ad3f9dc298721e22e02f2846b17d599ab833e61363d42b6eabbf30c8ba2abcad
45059,27/07/2017 10:57,Problem Solving,ad3f9dc298721e22e02f2846b17d599ab833e61363d42b6eabbf30c8ba2abcad
45060,27/07/2017 10:57,Problem Solving,ad3f9dc298721e22e02f2846b17d599ab833e61363d42b6eabbf30c8ba2abcad
45061,27/07/2017 10:54,Materials,f75897248b0fac8423fca4044d9bf92e156aee14ca42e2319f1082306c3e989b
45062,27/07/2017 10:53,Materials,f75897248b0fac8423fca4044d9bf92e156aee14ca42e2319f1082306c3e989b
45063,27/07/2017 10:53,Materials,f75897248b0fac8423fca4044d9bf92e156aee14ca42e2319f1082306c3e989b
45064,27/07/2017 10:53,Materials,f75897248b0fac8423fca4044d9bf92e156aee14ca42e2319f1082306c3e989b
45065,27/07/2017 10:52,Problem Solving,ad3f9dc298721e22e02f2846b17d599ab833e61363d42b6eabbf30c8ba2abcad
45066,27/07/2017 10:52,Problem Solving,ad3f9dc298721e22e02f2846b17d599ab833e61363d42b6eabbf30c8ba2abcad
45067,27/07/2017 10:52,Materials,f75897248b0fac8423fca4044d9bf92e156aee14ca42e2319f1082306c3e989b
45068,27/07/2017 10:52,Materials,f75897248b0fac8423fca4044d9bf92e156aee14ca42e2319f1082306c3e989b
45069,27/07/2017 10:52,Lecture & Tutorial,e64a3de478f8aa99a32a70de38b916fa52a6bb646ce29e205f1431a09546b7b2
45070,27/07/2017 10:52,Lecture & Tutorial,e64a3de478f8aa99a32a70de38b916fa52a6bb646ce29e205f1431a09546b7b2
45071,27/07/2017 10:52,Lecture & Tutorial,e64a3de478f8aa99a32a70de38b916fa52a6bb646ce29e205f1431a09546b7b2
45072,27/07/2017 10:52,Lecture & Tutorial,e64a3de478f8aa99a32a70de38b916fa52a6bb646ce29e205f1431a09546b7b2
45073,27/07/2017 10:51,Lecture & Tutorial,504ff68a4426aad87f0ece14c510f399d13e4872b58ba8454127eeea26fe3325
45074,27/07/2017 10:51,Lecture & Tutorial,504ff68a4426aad87f0ece14c510f399d13e4872b58ba8454127eeea26fe3325
45075,27/07/2017 10:51,Lecture & Tutorial,accd645479e95178897a0c16b51213d8f821a20b7db287ab16f5d025901ed410
45076,27/07/2017 10:51,Lecture & Tutorial,accd645479e95178897a0c16b51213d8f821a20b7db287ab16f5d025901ed410
45077,27/07/2017 10:51,Lecture & Tutorial,accd645479e95178897a0c16b51213d8f821a20b7db287ab16f5d025901ed410
45078,27/07/2017 10:48,Projects,b04987704a54224d83e8e62ea59720b8ec597ae6ee9f79040d891c3f32868df8
45079,27/07/2017 10:48,Lecture & Tutorial,b04987704a54224d83e8e62ea59720b8ec597ae6ee9f79040d891c3f32868df8
45080,27/07/2017 10:48,Problem Solving,b04987704a54224d83e8e62ea59720b8ec597ae6ee9f79040d891c3f32868df8
45081,27/07/2017 10:48,Lecture & Tutorial,b04987704a54224d83e8e62ea59720b8ec597ae6ee9f79040d891c3f32868df8
45082,27/07/2017 10:47,View Announcements,f81e6501777096fc270f50543096e637259afe770f921bc172fd425358de532a
45083,27/07/2017 10:46,Projects,35e52143d3e96ffa418c9d54bb266b1a9f55fbc20b5ef102191831c9b0537791
45084,27/07/2017 10:46,Projects,35e52143d3e96ffa418c9d54bb266b1a9f55fbc20b5ef102191831c9b0537791
45085,27/07/2017 10:46,Lecture & Tutorial,e385d1db718e3a36cf6b2a5bd29e7e93a027487095c15523fd3aed59b12492f1
45086,27/07/2017 10:46,View Announcements,e385d1db718e3a36cf6b2a5bd29e7e93a027487095c15523fd3aed59b12492f1
45087,27/07/2017 10:46,Lecture & Tutorial,e385d1db718e3a36cf6b2a5bd29e7e93a027487095c15523fd3aed59b12492f1
45088,27/07/2017 10:46,View Announcements,e385d1db718e3a36cf6b2a5bd29e7e93a027487095c15523fd3aed59b12492f1
45089,27/07/2017 10:46,Lecture & Tutorial,e385d1db718e3a36cf6b2a5bd29e7e93a027487095c15523fd3aed59b12492f1
45090,27/07/2017 10:46,View Announcements,e385d1db718e3a36cf6b2a5bd29e7e93a027487095c15523fd3aed59b12492f1
45091,27/07/2017 10:46,View Announcements,e385d1db718e3a36cf6b2a5bd29e7e93a027487095c15523fd3aed59b12492f1
45092,27/07/2017 10:46,View Announcements,e385d1db718e3a36cf6b2a5bd29e7e93a027487095c15523fd3aed59b12492f1
45093,27/07/2017 10:46,Projects,35e52143d3e96ffa418c9d54bb266b1a9f55fbc20b5ef102191831c9b0537791
45094,27/07/2017 10:46,View Announcements,e385d1db718e3a36cf6b2a5bd29e7e93a027487095c15523fd3aed59b12492f1
45095,27/07/2017 10:44,Projects,e385d1db718e3a36cf6b2a5bd29e7e93a027487095c15523fd3aed59b12492f1
45096,27/07/2017 10:44,Projects,e385d1db718e3a36cf6b2a5bd29e7e93a027487095c15523fd3aed59b12492f1
45097,27/07/2017 10:44,Assessment,e385d1db718e3a36cf6b2a5bd29e7e93a027487095c15523fd3aed59b12492f1
45098,27/07/2017 10:44,View Announcements,e385d1db718e3a36cf6b2a5bd29e7e93a027487095c15523fd3aed59b12492f1
45099,27/07/2017 10:44,Assessment,e385d1db718e3a36cf6b2a5bd29e7e93a027487095c15523fd3aed59b12492f1
45100,27/07/2017 10:44,View Announcements,e385d1db718e3a36cf6b2a5bd29e7e93a027487095c15523fd3aed59b12492f1
45101,27/07/2017 10:44,Assessment,e385d1db718e3a36cf6b2a5bd29e7e93a027487095c15523fd3aed59b12492f1
45102,27/07/2017 10:44,View Announcements,e385d1db718e3a36cf6b2a5bd29e7e93a027487095c15523fd3aed59b12492f1
45103,27/07/2017 10:43,View Announcements,e385d1db718e3a36cf6b2a5bd29e7e93a027487095c15523fd3aed59b12492f1
45104,27/07/2017 10:43,View Announcements,e385d1db718e3a36cf6b2a5bd29e7e93a027487095c15523fd3aed59b12492f1
45105,27/07/2017 10:43,Projects,bd4f760cc29d656f5f56d8ca629c339c4e4f2846bbe3bdd84855700e0655207c
45106,27/07/2017 10:43,Projects,bd4f760cc29d656f5f56d8ca629c339c4e4f2846bbe3bdd84855700e0655207c
45107,27/07/2017 10:43,Projects,bd4f760cc29d656f5f56d8ca629c339c4e4f2846bbe3bdd84855700e0655207c
45108,27/07/2017 10:42,Projects,bd4f760cc29d656f5f56d8ca629c339c4e4f2846bbe3bdd84855700e0655207c
45109,27/07/2017 10:41,Projects,e385d1db718e3a36cf6b2a5bd29e7e93a027487095c15523fd3aed59b12492f1
45110,27/07/2017 10:41,Projects,e385d1db718e3a36cf6b2a5bd29e7e93a027487095c15523fd3aed59b12492f1
45111,27/07/2017 10:40,Projects,e385d1db718e3a36cf6b2a5bd29e7e93a027487095c15523fd3aed59b12492f1
45112,27/07/2017 10:40,Projects,e385d1db718e3a36cf6b2a5bd29e7e93a027487095c15523fd3aed59b12492f1
45113,27/07/2017 10:40,Projects,e385d1db718e3a36cf6b2a5bd29e7e93a027487095c15523fd3aed59b12492f1
45114,27/07/2017 10:40,Projects,e385d1db718e3a36cf6b2a5bd29e7e93a027487095c15523fd3aed59b12492f1
45115,27/07/2017 10:40,Projects,e385d1db718e3a36cf6b2a5bd29e7e93a027487095c15523fd3aed59b12492f1
45116,27/07/2017 10:40,Projects,e385d1db718e3a36cf6b2a5bd29e7e93a027487095c15523fd3aed59b12492f1
45117,27/07/2017 10:39,Projects,e385d1db718e3a36cf6b2a5bd29e7e93a027487095c15523fd3aed59b12492f1
45118,27/07/2017 10:39,Lecture & Tutorial,e385d1db718e3a36cf6b2a5bd29e7e93a027487095c15523fd3aed59b12492f1
45119,27/07/2017 10:39,View Announcements,e385d1db718e3a36cf6b2a5bd29e7e93a027487095c15523fd3aed59b12492f1
45120,27/07/2017 10:39,Lecture & Tutorial,e385d1db718e3a36cf6b2a5bd29e7e93a027487095c15523fd3aed59b12492f1
45121,27/07/2017 10:39,View Announcements,e385d1db718e3a36cf6b2a5bd29e7e93a027487095c15523fd3aed59b12492f1
45122,27/07/2017 10:39,Lecture & Tutorial,bd4f760cc29d656f5f56d8ca629c339c4e4f2846bbe3bdd84855700e0655207c
45123,27/07/2017 10:39,Projects,bd4f760cc29d656f5f56d8ca629c339c4e4f2846bbe3bdd84855700e0655207c
45124,27/07/2017 10:38,View Announcements,bd4f760cc29d656f5f56d8ca629c339c4e4f2846bbe3bdd84855700e0655207c
45125,27/07/2017 10:38,View Announcements,ee95b90ae1972ab2b32cddad0f5c587c1750efc94cb66fbd726f989a981cf8df
45126,27/07/2017 10:38,Lecture & Tutorial,ee95b90ae1972ab2b32cddad0f5c587c1750efc94cb66fbd726f989a981cf8df
45127,27/07/2017 10:38,View Announcements,ee95b90ae1972ab2b32cddad0f5c587c1750efc94cb66fbd726f989a981cf8df
45128,27/07/2017 10:37,Problem Solving,ee95b90ae1972ab2b32cddad0f5c587c1750efc94cb66fbd726f989a981cf8df
45129,27/07/2017 10:37,Problem Solving,ee95b90ae1972ab2b32cddad0f5c587c1750efc94cb66fbd726f989a981cf8df
45130,27/07/2017 10:37,Problem Solving,ee95b90ae1972ab2b32cddad0f5c587c1750efc94cb66fbd726f989a981cf8df
45131,27/07/2017 10:37,Problem Solving,ee95b90ae1972ab2b32cddad0f5c587c1750efc94cb66fbd726f989a981cf8df
45132,27/07/2017 10:37,Problem Solving,ee95b90ae1972ab2b32cddad0f5c587c1750efc94cb66fbd726f989a981cf8df
45133,27/07/2017 10:37,Problem Solving,ee95b90ae1972ab2b32cddad0f5c587c1750efc94cb66fbd726f989a981cf8df
45134,27/07/2017 10:36,Problem Solving,ee95b90ae1972ab2b32cddad0f5c587c1750efc94cb66fbd726f989a981cf8df
45135,27/07/2017 10:36,Lecture & Tutorial,ee95b90ae1972ab2b32cddad0f5c587c1750efc94cb66fbd726f989a981cf8df
45136,27/07/2017 10:34,Lecture & Tutorial,ee95b90ae1972ab2b32cddad0f5c587c1750efc94cb66fbd726f989a981cf8df
45137,27/07/2017 10:34,Lecture & Tutorial,ee95b90ae1972ab2b32cddad0f5c587c1750efc94cb66fbd726f989a981cf8df
45138,27/07/2017 10:32,Lecture & Tutorial,cb3cc5bcf660d97cdc52eb7c8a78fbd03e95c5517c31bbabacc613e57ef7d932
45139,27/07/2017 10:32,Lecture & Tutorial,cb3cc5bcf660d97cdc52eb7c8a78fbd03e95c5517c31bbabacc613e57ef7d932
45140,27/07/2017 10:32,View Announcements,7e485b06651ddd0c7fd4ca0a1708788c0c1870f7cf141de09d4d293ed56794a3
45141,27/07/2017 10:32,View Announcements,7e485b06651ddd0c7fd4ca0a1708788c0c1870f7cf141de09d4d293ed56794a3
45142,27/07/2017 10:32,Instruction file,ee95b90ae1972ab2b32cddad0f5c587c1750efc94cb66fbd726f989a981cf8df
45143,27/07/2017 10:32,Instruction file,ee95b90ae1972ab2b32cddad0f5c587c1750efc94cb66fbd726f989a981cf8df
45144,27/07/2017 10:32,Problem Solving,de120e7c713464614054a090345b4293b7d35926b8b51f459cbf1558f38b4cea
45145,27/07/2017 10:31,Problem Solving,de120e7c713464614054a090345b4293b7d35926b8b51f459cbf1558f38b4cea
45146,27/07/2017 10:29,Instruction file,ee95b90ae1972ab2b32cddad0f5c587c1750efc94cb66fbd726f989a981cf8df
45147,27/07/2017 10:29,Instruction file,ee95b90ae1972ab2b32cddad0f5c587c1750efc94cb66fbd726f989a981cf8df
45148,27/07/2017 10:29,Problem Solving,ad3f9dc298721e22e02f2846b17d599ab833e61363d42b6eabbf30c8ba2abcad
45149,27/07/2017 10:29,Instruction file,ee95b90ae1972ab2b32cddad0f5c587c1750efc94cb66fbd726f989a981cf8df
45150,27/07/2017 10:29,Lecture & Tutorial,ee95b90ae1972ab2b32cddad0f5c587c1750efc94cb66fbd726f989a981cf8df
45151,27/07/2017 10:27,Problem Solving,de120e7c713464614054a090345b4293b7d35926b8b51f459cbf1558f38b4cea
45152,27/07/2017 10:27,Problem Solving,de120e7c713464614054a090345b4293b7d35926b8b51f459cbf1558f38b4cea
45153,27/07/2017 10:23,Problem Solving,ad3f9dc298721e22e02f2846b17d599ab833e61363d42b6eabbf30c8ba2abcad
45154,27/07/2017 10:23,Problem Solving,ad3f9dc298721e22e02f2846b17d599ab833e61363d42b6eabbf30c8ba2abcad
45155,27/07/2017 10:23,Lecture & Tutorial,ad3f9dc298721e22e02f2846b17d599ab833e61363d42b6eabbf30c8ba2abcad
45156,27/07/2017 10:23,Materials,ad3f9dc298721e22e02f2846b17d599ab833e61363d42b6eabbf30c8ba2abcad
45157,27/07/2017 10:23,Lecture & Tutorial,ad3f9dc298721e22e02f2846b17d599ab833e61363d42b6eabbf30c8ba2abcad
45158,27/07/2017 10:22,Materials,2c265cf741dde06fe65737b5bb56e5f984bf3c309e515ccce24bef11976268c2
45159,27/07/2017 10:22,Problem Solving,de120e7c713464614054a090345b4293b7d35926b8b51f459cbf1558f38b4cea
45160,27/07/2017 10:21,Problem Solving,de120e7c713464614054a090345b4293b7d35926b8b51f459cbf1558f38b4cea
45161,27/07/2017 10:18,Materials,2c265cf741dde06fe65737b5bb56e5f984bf3c309e515ccce24bef11976268c2
45162,27/07/2017 10:18,Materials,2c265cf741dde06fe65737b5bb56e5f984bf3c309e515ccce24bef11976268c2
45163,27/07/2017 10:18,Materials,2c265cf741dde06fe65737b5bb56e5f984bf3c309e515ccce24bef11976268c2
45164,27/07/2017 10:18,Materials,2c265cf741dde06fe65737b5bb56e5f984bf3c309e515ccce24bef11976268c2
45165,27/07/2017 10:16,Projects,4a00cb9716b48eca4fd984334247de25f2bd2378ea6d54710c009eb588d36a11
45166,27/07/2017 10:16,Lecture & Tutorial,4a00cb9716b48eca4fd984334247de25f2bd2378ea6d54710c009eb588d36a11
45167,27/07/2017 10:16,Projects,4a00cb9716b48eca4fd984334247de25f2bd2378ea6d54710c009eb588d36a11
45168,27/07/2017 10:16,Materials,de120e7c713464614054a090345b4293b7d35926b8b51f459cbf1558f38b4cea
45169,27/07/2017 10:16,Projects,4a00cb9716b48eca4fd984334247de25f2bd2378ea6d54710c009eb588d36a11
45170,27/07/2017 10:16,Projects,4a00cb9716b48eca4fd984334247de25f2bd2378ea6d54710c009eb588d36a11
45171,27/07/2017 10:16,Lecture & Tutorial,de120e7c713464614054a090345b4293b7d35926b8b51f459cbf1558f38b4cea
45172,27/07/2017 10:16,Materials,de120e7c713464614054a090345b4293b7d35926b8b51f459cbf1558f38b4cea
45173,27/07/2017 10:16,Projects,4a00cb9716b48eca4fd984334247de25f2bd2378ea6d54710c009eb588d36a11
45174,27/07/2017 10:16,Projects,4a00cb9716b48eca4fd984334247de25f2bd2378ea6d54710c009eb588d36a11
45175,27/07/2017 10:16,Projects,4a00cb9716b48eca4fd984334247de25f2bd2378ea6d54710c009eb588d36a11
45176,27/07/2017 10:16,Lecture & Tutorial,4a00cb9716b48eca4fd984334247de25f2bd2378ea6d54710c009eb588d36a11
45177,27/07/2017 10:15,Materials,2c265cf741dde06fe65737b5bb56e5f984bf3c309e515ccce24bef11976268c2
45178,27/07/2017 10:15,Materials,2c265cf741dde06fe65737b5bb56e5f984bf3c309e515ccce24bef11976268c2
45179,27/07/2017 10:15,Problem Solving,de120e7c713464614054a090345b4293b7d35926b8b51f459cbf1558f38b4cea
45180,27/07/2017 10:15,Problem Solving,de120e7c713464614054a090345b4293b7d35926b8b51f459cbf1558f38b4cea
45181,27/07/2017 10:15,Materials,2c265cf741dde06fe65737b5bb56e5f984bf3c309e515ccce24bef11976268c2
45182,27/07/2017 10:14,Projects,377f311e0c1285cce327cf30419dd3999fad887c22e462735323754d11de656e
45183,27/07/2017 10:14,Lecture & Tutorial,377f311e0c1285cce327cf30419dd3999fad887c22e462735323754d11de656e
45184,27/07/2017 10:14,Projects,377f311e0c1285cce327cf30419dd3999fad887c22e462735323754d11de656e
45185,27/07/2017 10:14,Problem Solving,de120e7c713464614054a090345b4293b7d35926b8b51f459cbf1558f38b4cea
45186,27/07/2017 10:14,Materials,2c265cf741dde06fe65737b5bb56e5f984bf3c309e515ccce24bef11976268c2
45187,27/07/2017 10:14,View Announcements,377f311e0c1285cce327cf30419dd3999fad887c22e462735323754d11de656e
45188,27/07/2017 10:13,Projects,377f311e0c1285cce327cf30419dd3999fad887c22e462735323754d11de656e
45189,27/07/2017 10:13,Group Pages,98135cfcf3b1532957f9fc741b84f3eba169e8964de14ccd9120d16774f98775
45190,27/07/2017 10:13,Projects,377f311e0c1285cce327cf30419dd3999fad887c22e462735323754d11de656e
45191,27/07/2017 10:13,Group Pages,98135cfcf3b1532957f9fc741b84f3eba169e8964de14ccd9120d16774f98775
45192,27/07/2017 10:13,Group Pages,98135cfcf3b1532957f9fc741b84f3eba169e8964de14ccd9120d16774f98775
45193,27/07/2017 10:13,Projects,98135cfcf3b1532957f9fc741b84f3eba169e8964de14ccd9120d16774f98775
45194,27/07/2017 10:13,Projects,98135cfcf3b1532957f9fc741b84f3eba169e8964de14ccd9120d16774f98775
45195,27/07/2017 10:13,Lecture & Tutorial,1c96a098597262d3ac12d3a93f000b1709d585acb42269bd47f721d1f0c2516d
45196,27/07/2017 10:13,Lecture & Tutorial,1c96a098597262d3ac12d3a93f000b1709d585acb42269bd47f721d1f0c2516d
45197,27/07/2017 10:13,Lecture & Tutorial,1c96a098597262d3ac12d3a93f000b1709d585acb42269bd47f721d1f0c2516d
45198,27/07/2017 10:12,Projects,377f311e0c1285cce327cf30419dd3999fad887c22e462735323754d11de656e
45199,27/07/2017 10:12,Projects,377f311e0c1285cce327cf30419dd3999fad887c22e462735323754d11de656e
45200,27/07/2017 10:12,Projects,377f311e0c1285cce327cf30419dd3999fad887c22e462735323754d11de656e
45201,27/07/2017 10:12,Projects,377f311e0c1285cce327cf30419dd3999fad887c22e462735323754d11de656e
45202,27/07/2017 10:12,Projects,377f311e0c1285cce327cf30419dd3999fad887c22e462735323754d11de656e
45203,27/07/2017 10:12,Materials,3f675547579a293456be8a8ac07a8fe7aadfc5633fa0a84a3ce853a055d037c1
45204,27/07/2017 10:12,Projects,377f311e0c1285cce327cf30419dd3999fad887c22e462735323754d11de656e
45205,27/07/2017 10:12,Lecture & Tutorial,cb3cc5bcf660d97cdc52eb7c8a78fbd03e95c5517c31bbabacc613e57ef7d932
45206,27/07/2017 10:12,Lecture & Tutorial,cb3cc5bcf660d97cdc52eb7c8a78fbd03e95c5517c31bbabacc613e57ef7d932
45207,27/07/2017 10:12,Lecture & Tutorial,cb3cc5bcf660d97cdc52eb7c8a78fbd03e95c5517c31bbabacc613e57ef7d932
45208,27/07/2017 10:12,Lecture & Tutorial,cb3cc5bcf660d97cdc52eb7c8a78fbd03e95c5517c31bbabacc613e57ef7d932
45209,27/07/2017 10:11,Projects,377f311e0c1285cce327cf30419dd3999fad887c22e462735323754d11de656e
45210,27/07/2017 10:11,Projects,377f311e0c1285cce327cf30419dd3999fad887c22e462735323754d11de656e
45211,27/07/2017 10:11,Projects,377f311e0c1285cce327cf30419dd3999fad887c22e462735323754d11de656e
45212,27/07/2017 10:11,Projects,377f311e0c1285cce327cf30419dd3999fad887c22e462735323754d11de656e
45213,27/07/2017 10:11,View Announcements,98135cfcf3b1532957f9fc741b84f3eba169e8964de14ccd9120d16774f98775
45214,27/07/2017 10:11,Projects,98135cfcf3b1532957f9fc741b84f3eba169e8964de14ccd9120d16774f98775
45215,27/07/2017 10:10,View Announcements,e1c6bace1f59856beb412fb50df0c061cd8b91d582a5ce0cf1a8d009413bd882
45216,27/07/2017 10:10,Projects,377f311e0c1285cce327cf30419dd3999fad887c22e462735323754d11de656e
45217,27/07/2017 10:10,Projects,377f311e0c1285cce327cf30419dd3999fad887c22e462735323754d11de656e
45218,27/07/2017 10:10,Lecture & Tutorial,377f311e0c1285cce327cf30419dd3999fad887c22e462735323754d11de656e
45219,27/07/2017 10:09,Projects,35e52143d3e96ffa418c9d54bb266b1a9f55fbc20b5ef102191831c9b0537791
45220,27/07/2017 10:09,Projects,35e52143d3e96ffa418c9d54bb266b1a9f55fbc20b5ef102191831c9b0537791
45221,27/07/2017 10:09,Projects,35e52143d3e96ffa418c9d54bb266b1a9f55fbc20b5ef102191831c9b0537791
45222,27/07/2017 10:09,Lecture & Tutorial,35e52143d3e96ffa418c9d54bb266b1a9f55fbc20b5ef102191831c9b0537791
45223,27/07/2017 10:09,Problem Solving,d451f443a0ed3f34e5336ac3ad20dbf21a287d79845cdd185b8ab1e9e3bf4cf0
45224,27/07/2017 10:08,Problem Solving,d451f443a0ed3f34e5336ac3ad20dbf21a287d79845cdd185b8ab1e9e3bf4cf0
45225,27/07/2017 10:08,Materials,d451f443a0ed3f34e5336ac3ad20dbf21a287d79845cdd185b8ab1e9e3bf4cf0
45226,27/07/2017 10:08,Lecture & Tutorial,d451f443a0ed3f34e5336ac3ad20dbf21a287d79845cdd185b8ab1e9e3bf4cf0
45227,27/07/2017 10:07,Projects,4a00cb9716b48eca4fd984334247de25f2bd2378ea6d54710c009eb588d36a11
45228,27/07/2017 10:07,Projects,515cbeeb06f13b92f091a9eb80ff12d24d92863957a357eaf4f2200f8a8e983b
45229,27/07/2017 10:07,Projects,515cbeeb06f13b92f091a9eb80ff12d24d92863957a357eaf4f2200f8a8e983b
45230,27/07/2017 10:07,Projects,4a00cb9716b48eca4fd984334247de25f2bd2378ea6d54710c009eb588d36a11
45231,27/07/2017 10:07,Lecture & Tutorial,4a00cb9716b48eca4fd984334247de25f2bd2378ea6d54710c009eb588d36a11
45232,27/07/2017 10:07,Projects,4a00cb9716b48eca4fd984334247de25f2bd2378ea6d54710c009eb588d36a11
45233,27/07/2017 10:07,Problem Solving,d451f443a0ed3f34e5336ac3ad20dbf21a287d79845cdd185b8ab1e9e3bf4cf0
45234,27/07/2017 10:07,Problem Solving,d451f443a0ed3f34e5336ac3ad20dbf21a287d79845cdd185b8ab1e9e3bf4cf0
45235,27/07/2017 10:07,Assessment,d451f443a0ed3f34e5336ac3ad20dbf21a287d79845cdd185b8ab1e9e3bf4cf0
45236,27/07/2017 10:06,Projects,515cbeeb06f13b92f091a9eb80ff12d24d92863957a357eaf4f2200f8a8e983b
45237,27/07/2017 10:06,Lecture & Tutorial,515cbeeb06f13b92f091a9eb80ff12d24d92863957a357eaf4f2200f8a8e983b
45238,27/07/2017 10:06,Projects,515cbeeb06f13b92f091a9eb80ff12d24d92863957a357eaf4f2200f8a8e983b
45239,27/07/2017 10:06,View Announcements,d451f443a0ed3f34e5336ac3ad20dbf21a287d79845cdd185b8ab1e9e3bf4cf0
45240,27/07/2017 10:06,Projects,350aaa5ffd76d0805ec258b130e15dcedcbf783a6ca8d5bfc6a2737cfa43e777
45241,27/07/2017 10:05,Projects,350aaa5ffd76d0805ec258b130e15dcedcbf783a6ca8d5bfc6a2737cfa43e777
45242,27/07/2017 10:05,Projects,350aaa5ffd76d0805ec258b130e15dcedcbf783a6ca8d5bfc6a2737cfa43e777
45243,27/07/2017 10:05,View Announcements,d451f443a0ed3f34e5336ac3ad20dbf21a287d79845cdd185b8ab1e9e3bf4cf0
45244,27/07/2017 10:05,View Announcements,d451f443a0ed3f34e5336ac3ad20dbf21a287d79845cdd185b8ab1e9e3bf4cf0
45245,27/07/2017 10:05,Materials,63a16e2e48fceb668e4d998488222f1e539131eb049399882353cad519c20f6f
45246,27/07/2017 10:04,Projects,350aaa5ffd76d0805ec258b130e15dcedcbf783a6ca8d5bfc6a2737cfa43e777
45247,27/07/2017 10:03,Materials,63a16e2e48fceb668e4d998488222f1e539131eb049399882353cad519c20f6f
45248,27/07/2017 10:03,Lecture & Tutorial,63a16e2e48fceb668e4d998488222f1e539131eb049399882353cad519c20f6f
45249,27/07/2017 10:02,Assessment,d451f443a0ed3f34e5336ac3ad20dbf21a287d79845cdd185b8ab1e9e3bf4cf0
45250,27/07/2017 10:02,Projects,12eeab293bde47ede53429022d7ee1bc6aad88aeb0c33bd5d54a080475dd06a5
45251,27/07/2017 10:02,Projects,12eeab293bde47ede53429022d7ee1bc6aad88aeb0c33bd5d54a080475dd06a5
45252,27/07/2017 10:02,Projects,12eeab293bde47ede53429022d7ee1bc6aad88aeb0c33bd5d54a080475dd06a5
45253,27/07/2017 10:02,Projects,12eeab293bde47ede53429022d7ee1bc6aad88aeb0c33bd5d54a080475dd06a5
45254,27/07/2017 10:02,Projects,12eeab293bde47ede53429022d7ee1bc6aad88aeb0c33bd5d54a080475dd06a5
45255,27/07/2017 10:02,Projects,12eeab293bde47ede53429022d7ee1bc6aad88aeb0c33bd5d54a080475dd06a5
45256,27/07/2017 10:02,Projects,12eeab293bde47ede53429022d7ee1bc6aad88aeb0c33bd5d54a080475dd06a5
45257,27/07/2017 10:02,Lecture & Tutorial,12eeab293bde47ede53429022d7ee1bc6aad88aeb0c33bd5d54a080475dd06a5
45258,27/07/2017 10:01,Problem Solving,5acfb4be53e18c25acfee95e065e5094dd67265e881a1c2097732efb62711a43
45259,27/07/2017 10:01,Problem Solving,5acfb4be53e18c25acfee95e065e5094dd67265e881a1c2097732efb62711a43
45260,27/07/2017 10:01,Projects,4a00cb9716b48eca4fd984334247de25f2bd2378ea6d54710c009eb588d36a11
45261,27/07/2017 10:01,Projects,bec334f0a96557a55943e54adfd202ff052ab4f589bf35de3e270c3789c192c0
45262,27/07/2017 10:01,Projects,4a00cb9716b48eca4fd984334247de25f2bd2378ea6d54710c009eb588d36a11
45263,27/07/2017 10:01,Lecture & Tutorial,4a00cb9716b48eca4fd984334247de25f2bd2378ea6d54710c009eb588d36a11
45264,27/07/2017 10:01,Projects,bec334f0a96557a55943e54adfd202ff052ab4f589bf35de3e270c3789c192c0
45265,27/07/2017 10:01,Lecture & Tutorial,bec334f0a96557a55943e54adfd202ff052ab4f589bf35de3e270c3789c192c0
45266,27/07/2017 10:01,Projects,4a00cb9716b48eca4fd984334247de25f2bd2378ea6d54710c009eb588d36a11
45267,27/07/2017 10:01,Projects,4a00cb9716b48eca4fd984334247de25f2bd2378ea6d54710c009eb588d36a11
45268,27/07/2017 10:01,Projects,4a00cb9716b48eca4fd984334247de25f2bd2378ea6d54710c009eb588d36a11
45269,27/07/2017 10:01,Lecture & Tutorial,4a00cb9716b48eca4fd984334247de25f2bd2378ea6d54710c009eb588d36a11
45270,27/07/2017 10:01,Projects,4a00cb9716b48eca4fd984334247de25f2bd2378ea6d54710c009eb588d36a11
45271,27/07/2017 10:01,Projects,12eeab293bde47ede53429022d7ee1bc6aad88aeb0c33bd5d54a080475dd06a5
45272,27/07/2017 10:01,Projects,12eeab293bde47ede53429022d7ee1bc6aad88aeb0c33bd5d54a080475dd06a5
45273,27/07/2017 10:00,Projects,aeb7738716afea373b0e6c7bb8c95e109392e37cca88c46d59c551576a73030b
45274,27/07/2017 10:00,Projects,12eeab293bde47ede53429022d7ee1bc6aad88aeb0c33bd5d54a080475dd06a5
45275,27/07/2017 10:00,Lecture & Tutorial,12eeab293bde47ede53429022d7ee1bc6aad88aeb0c33bd5d54a080475dd06a5
45276,27/07/2017 10:00,Projects,12eeab293bde47ede53429022d7ee1bc6aad88aeb0c33bd5d54a080475dd06a5
45277,27/07/2017 10:00,Lecture & Tutorial,12eeab293bde47ede53429022d7ee1bc6aad88aeb0c33bd5d54a080475dd06a5
45278,27/07/2017 10:00,Projects,12eeab293bde47ede53429022d7ee1bc6aad88aeb0c33bd5d54a080475dd06a5
45279,27/07/2017 10:00,Projects,26936ce39af9ef4cd160dda38747ac7df8c6d6893c50a1c051af1e065895d728
45280,27/07/2017 10:00,Projects,26936ce39af9ef4cd160dda38747ac7df8c6d6893c50a1c051af1e065895d728
45281,27/07/2017 10:00,Projects,aeb7738716afea373b0e6c7bb8c95e109392e37cca88c46d59c551576a73030b
45282,27/07/2017 10:00,Projects,aeb7738716afea373b0e6c7bb8c95e109392e37cca88c46d59c551576a73030b
